3.0881410042277517 0.0
-2.8828876210710375 0.0
-1.4622937226689647 0.0
0.2869294706239014 1.1850091371844835
0.2869294706239014 -1.1850091371844835
0.6890953135551727 0.9202340012434177
0.6890953135551727 -0.9202340012434177
1.0812850955898163 0.2029158819989656
1.0812850955898163 -0.2029158819989656
0.7640808476371683 0.6774047257134863
0.7640808476371683 -0.6774047257134863
0.8296450883991228 0.5752598755394178
0.8296450883991228 -0.5752598755394178
0.906392277605702 0.4103463171850279
0.906392277605702 -0.4103463171850279
0.9482779230456153 0.2895494140058206
0.9482779230456153 -0.2895494140058206
0.9931259051301419 0.03312698378768592
0.9931259051301419 -0.03312698378768592
0.8650610784241959 0.46886096847129205
0.8650610784241959 -0.46886096847129205
0.49270652519739777 0.8930623635416632
0.49270652519739777 -0.8930623635416632
0.3880114177096198 0.9425136191126275
0.3880114177096198 -0.9425136191126275
0.6715735109659703 0.729073292159562
0.6715735109659703 -0.729073292159562
0.7271739130670771 0.6462800010830875
0.7271739130670771 -0.6462800010830875
0.5729842658508335 0.7936871589830553
0.5729842658508335 -0.7936871589830553
0.7397152199555612 0.6074950359593848
0.7397152199555612 -0.6074950359593848
0.6381629752089026 0.7175018208146414
0.6381629752089026 -0.7175018208146414
-0.7968032620650702 0.6979742741150047
-0.7968032620650702 -0.6979742741150047
-1.050348070322702 0.0
0.4475307885196337 0.8529832782743548
0.4475307885196337 -0.8529832782743548
0.17613122803572354 0.9869743202752753
0.17613122803572354 -0.9869743202752753
-0.3144960720294271 0.9796203630003749
-0.3144960720294271 -0.9796203630003749
0.06662619308622442 0.9995258492830351
0.06662619308622442 -0.9995258492830351
-0.7583922827531899 0.7030549112200561
-0.7583922827531899 -0.7030549112200561
0.251835024910173 0.9381420715301871
0.251835024910173 -0.9381420715301871
-0.19977305589727645 0.9824837263052377
-0.19977305589727645 -0.9824837263052377
-0.026955323707608142 0.9831220952452775
-0.026955323707608142 -0.9831220952452775
-0.9872111210122929 0.23832642573514506
-0.9872111210122929 -0.23832642573514506
-0.11750233571003635 0.9729353439741014
-0.11750233571003635 -0.9729353439741014
-0.634475385721928 0.7840473304509097
-0.634475385721928 -0.7840473304509097
-0.48715124613963084 0.8723274679037758
-0.48715124613963084 -0.8723274679037758
-0.45714023676372517 0.8675090386124789
-0.45714023676372517 -0.8675090386124789
-0.40584393237534433 0.8883357777843093
-0.40584393237534433 -0.8883357777843093
-0.6831147841408638 0.7003688219387453
-0.6831147841408638 -0.7003688219387453
-0.6183073481303749 0.7438927331702112
-0.6183073481303749 -0.7438927331702112
-0.5600142058551245 0.7856005925950577
-0.5600142058551245 -0.7856005925950577
-0.7372306588210771 0.6301270573356468
-0.7372306588210771 -0.6301270573356468
-0.8553690920279695 0.4856634539608641
-0.8553690920279695 -0.4856634539608641
-0.9220341627117316 0.3483161076847459
-0.9220341627117316 -0.3483161076847459
-0.8111913789519243 0.5145204310944904
-0.8111913789519243 -0.5145204310944904
-0.880325114288276 0.39922889581605064
-0.880325114288276 -0.39922889581605064
-0.983448501454596 0.06995981775405342
-0.983448501454596 -0.06995981775405342
-0.8815112828843089 0.3488748950220478
-0.8815112828843089 -0.3488748950220478
-0.5812291911016365 0.7326619207424478
-0.5812291911016365 -0.7326619207424478
-0.7251484040767648 0.569053367970319
-0.7251484040767648 -0.569053367970319
-0.3399974970884825 0.8923742599126192
-0.3399974970884825 -0.8923742599126192
-0.5273020291740282 0.765370048717627
-0.5273020291740282 -0.765370048717627
-0.10010109715290166 0.9523898734871784
-0.10010109715290166 -0.9523898734871784
0.018114745578416466 0.9552162322777114
0.018114745578416466 -0.9552162322777114
0.9779322329003646 0.0
0.3437237363049742 0.8936851708327263
0.3437237363049742 -0.8936851708327263
0.2900450094387864 0.9083222646794491
0.2900450094387864 -0.9083222646794491
0.4952569622039716 0.8070206894077322
0.4952569622039716 -0.8070206894077322
0.9502135781937474 0.17136191815708174
0.9502135781937474 -0.17136191815708174
0.845208359505475 0.4137053829404659
0.845208359505475 -0.4137053829404659
0.8929340494150938 0.33338723425664823
0.8929340494150938 -0.33338723425664823
0.5558857315251344 0.7448291446670305
0.5558857315251344 -0.7448291446670305
0.45544926609941944 0.8219765372281099
0.45544926609941944 -0.8219765372281099
0.9581870590559982 0.0666423310006347
0.9581870590559982 -0.0666423310006347
0.410449888086453 0.847500352541096
0.410449888086453 -0.847500352541096
0.8981613591763978 0.29518805306925266
0.8981613591763978 -0.29518805306925266
0.03947120964654227 0.9504851924624065
0.03947120964654227 -0.9504851924624065
0.6423407512964505 0.646863687175628
0.6423407512964505 -0.646863687175628
0.6117290220182456 0.6758527853322456
0.6117290220182456 -0.6758527853322456
0.8035144282750728 0.45875975103587585
0.8035144282750728 -0.45875975103587585
0.7083982186268725 0.5771223629136876
0.7083982186268725 -0.5771223629136876
0.9363503246733604 0.18431830012685407
0.9363503246733604 -0.18431830012685407
-0.2963332738992508 0.890554263216122
-0.2963332738992508 -0.890554263216122
-0.9521014116099706 0.1004457572362739
-0.9521014116099706 -0.1004457572362739
-0.9057412905585274 0.2750571880468372
-0.9057412905585274 -0.2750571880468372
-0.9448313449978643 0.13989508599780817
-0.9448313449978643 -0.13989508599780817
0.18266016565128157 0.9223368870788582
0.18266016565128157 -0.9223368870788582
-0.6046655540565572 0.6783077077580465
-0.6046655540565572 -0.6783077077580465
-0.6328904204141949 0.6484014773769069
-0.6328904204141949 -0.6484014773769069
-0.9304229969428035 0.18526155435211206
-0.9304229969428035 -0.18526155435211206
-0.7363933023635947 0.528890342748806
-0.7363933023635947 -0.528890342748806
-0.6924571187551665 0.5759903090583737
-0.6924571187551665 -0.5759903090583737
0.9097717838489271 0.2487717868263849
0.9097717838489271 -0.2487717868263849
-0.5659698903794073 0.6922993050064761
-0.5659698903794073 -0.6922993050064761
-0.8743936643931829 0.3272459298296092
-0.8743936643931829 -0.3272459298296092
-0.18164005072862732 0.9150811078706392
-0.18164005072862732 -0.9150811078706392
-0.9466135454590702 0.0
0.10280442412341964 0.9260756227122231
0.10280442412341964 -0.9260756227122231
-0.804387597057469 0.4497757326009332
-0.804387597057469 -0.4497757326009332
-0.8327534648723496 0.39484632294629723
-0.8327534648723496 -0.39484632294629723
0.27987922576468405 0.8793326576158244
0.27987922576468405 -0.8793326576158244
-0.368877287354919 0.8414136198111422
-0.368877287354919 -0.8414136198111422
0.4701799843366523 0.7680530331775531
0.4701799843366523 -0.7680530331775531
-0.037869041962610636 0.9171885274987361
-0.037869041962610636 -0.9171885274987361
0.918424689795422 0.15105264538216093
0.918424689795422 -0.15105264538216093
-0.41791216253431884 0.8027967916907593
-0.41791216253431884 -0.8027967916907593
0.9292710675036139 0.0
0.49283778721761373 0.7394178273314719
0.49283778721761373 -0.7394178273314719
0.9203831576431707 0.11181055355833473
0.9203831576431707 -0.11181055355833473
-0.9320170233743064 0.0363245551830947
-0.9320170233743064 -0.0363245551830947
-0.7564049186049449 0.47332231666663765
-0.7564049186049449 -0.47332231666663765
-0.9133927470074854 0.14402806983385963
-0.9133927470074854 -0.14402806983385963
-0.513307949330938 0.7257192265274695
-0.513307949330938 -0.7257192265274695
-0.32131675445497565 0.8501480261114016
-0.32131675445497565 -0.8501480261114016
0.5358135511843161 0.6915926900559439
0.5358135511843161 -0.6915926900559439
0.713811194826881 0.5212335914058688
0.713811194826881 -0.5212335914058688
0.6884932248334661 0.5467643364981352
0.6884932248334661 -0.5467643364981352
-0.6355136850054919 0.6016312753164234
-0.6355136850054919 -0.6016312753164234
-0.2263260205252892 0.8756433525790167
-0.2263260205252892 -0.8756433525790167
0.13997161876687644 0.8942060576527668
0.13997161876687644 -0.8942060576527668
-0.7644685044887879 0.44546879174128007
-0.7644685044887879 -0.44546879174128007
-0.8944021363587764 0.0
-0.854640871425187 0.22709492138781787
-0.854640871425187 -0.22709492138781787
0.8695861857320877 0.2617825731882344
0.8695861857320877 -0.2617825731882344
0.7644176227526026 0.45980406267951385
0.7644176227526026 -0.45980406267951385
0.2343083989874925 0.8700141293428529
0.2343083989874925 -0.8700141293428529
-0.26720399431468045 0.854451279839956
-0.26720399431468045 -0.854451279839956
0.08720538090103763 0.8982683630062108
0.08720538090103763 -0.8982683630062108
0.7458179257797957 0.4769624834114724
0.7458179257797957 -0.4769624834114724
-0.3959277010176557 0.7904033431609401
-0.3959277010176557 -0.7904033431609401
0.9001915785392262 0.015772373697759648
0.9001915785392262 -0.015772373697759648
0.830463797668481 0.3164257812571378
0.830463797668481 -0.3164257812571378
-0.12840380437789967 0.883163828049551
-0.12840380437789967 -0.883163828049551
0.29307154760742404 0.8364157764041683
0.29307154760742404 -0.8364157764041683
0.8909829833692067 0.10198197259355204
0.8909829833692067 -0.10198197259355204
-0.35786975823175293 0.8042605000913738
-0.35786975823175293 -0.8042605000913738
0.6635152308441699 0.5508137368962576
0.6635152308441699 -0.5508137368962576
-0.6655555693572728 0.5332199769258653
-0.6655555693572728 -0.5332199769258653
0.3930368825979528 0.7721098185191181
0.3930368825979528 -0.7721098185191181
-0.5389737620020432 0.6730387546084182
-0.5389737620020432 -0.6730387546084182
0.04433153367219936 0.8794563499524224
0.04433153367219936 -0.8794563499524224
0.13284960203021196 0.8707919202167045
0.13284960203021196 -0.8707919202167045
-0.15431105836115497 0.864883483345198
-0.15431105836115497 -0.864883483345198
0.8747760663114617 0.14468431088583153
0.8747760663114617 -0.14468431088583153
-0.46429354983276766 0.7239339747653958
-0.46429354983276766 -0.7239339747653958
-0.04010798457527456 0.8765518027495798
-0.04010798457527456 -0.8765518027495798
-0.8428003170378711 0.24502476173634816
-0.8428003170378711 -0.24502476173634816
-0.7745529665257689 0.3908017099180206
-0.7745529665257689 -0.3908017099180206
0.5650733268079049 0.635300084022097
0.5650733268079049 -0.635300084022097
0.2195034674351401 0.8410222776737871
0.2195034674351401 -0.8410222776737871
0.47908935188632507 0.7010718257024127
0.47908935188632507 -0.7010718257024127
-0.7991264355651683 0.3385091842459602
-0.7991264355651683 -0.3385091842459602
-0.8527180562288228 0.17205550538289388
-0.8527180562288228 -0.17205550538289388
0.682960663730692 0.49710477176996865
0.682960663730692 -0.49710477176996865
-0.0864627942760885 0.8564848145122432
-0.0864627942760885 -0.8564848145122432
-0.6198164840593097 0.5727911168108694
-0.6198164840593097 -0.5727911168108694
-0.5536232243081278 0.6336779339511439
-0.5536232243081278 -0.6336779339511439
-0.6594340846590472 0.5135435185017146
-0.6594340846590472 -0.5135435185017146
-0.4150794307876162 0.7302349688376998
-0.4150794307876162 -0.7302349688376998
0.7222982608907889 0.431244154556734
0.7222982608907889 -0.431244154556734
-0.7057580745170869 0.4553771904959325
-0.7057580745170869 -0.4553771904959325
0.5279311540500918 0.644529271969608
0.5279311540500918 -0.644529271969608
0.43189785808933534 0.7184003516965195
0.43189785808933534 -0.7184003516965195
0.37165727905792223 0.7642950593348002
0.37165727905792223 -0.7642950593348002
0.5939416397453319 0.5712209837437802
0.5939416397453319 -0.5712209837437802
0.3061687235931157 0.7905472857228971
0.3061687235931157 -0.7905472857228971
0.21281471869922777 0.8162238351733339
0.21281471869922777 -0.8162238351733339
0.7557327386398853 0.36131946033109896
0.7557327386398853 -0.36131946033109896
-0.7598048069559159 0.3590844100555139
-0.7598048069559159 -0.3590844100555139
-0.8499972101185045 0.07950959739996422
-0.8499972101185045 -0.07950959739996422
0.73261852460002 0.3937784097852277
0.73261852460002 -0.3937784097852277
0.14325705679474765 0.8130976908499079
0.14325705679474765 -0.8130976908499079
-0.07325826374653198 0.8261089182267424
-0.07325826374653198 -0.8261089182267424
0.7921153196857973 0.2575293424282166
0.7921153196857973 -0.2575293424282166
-0.8413278988155277 0.10888536172434025
-0.8413278988155277 -0.10888536172434025
0.811952659700762 0.18441635307742735
0.811952659700762 -0.18441635307742735
0.8305268952029451 0.08815725109142314
0.8305268952029451 -0.08815725109142314
0.6611504187417014 0.4657735299366147
0.6611504187417014 -0.4657735299366147
-0.16038189707421124 0.8099223182260294
-0.16038189707421124 -0.8099223182260294
-0.8462615822024863 0.0
0.5690150288535296 0.5574391207447734
0.5690150288535296 -0.5574391207447734
-0.8354477779455389 0.01977794719434671
-0.8354477779455389 -0.01977794719434671
0.8147333086691535 0.12471697902524129
0.8147333086691535 -0.12471697902524129
-0.25207412777361776 0.7825213204011352
-0.25207412777361776 -0.7825213204011352
-0.5970487693946737 0.5440154109115836
-0.5970487693946737 -0.5440154109115836
-0.7562376178341557 0.32485362396943257
-0.7562376178341557 -0.32485362396943257
-0.45095220449540885 0.6723387254491908
-0.45095220449540885 -0.6723387254491908
0.7570546897212027 0.30109338495901156
0.7570546897212027 -0.30109338495901156
-0.29659990970417327 0.7547609518588809
-0.29659990970417327 -0.7547609518588809
-0.5223271058430075 0.6049497376883668
-0.5223271058430075 -0.6049497376883668
-0.7282153221943295 0.36357590781309357
-0.7282153221943295 -0.36357590781309357
-0.3843469256179667 0.708556930445614
-0.3843469256179667 -0.708556930445614
0.7130486761988177 0.37548406129312323
0.7130486761988177 -0.37548406129312323
-0.43201774508379653 0.6716870225949844
-0.43201774508379653 -0.6716870225949844
-0.46755813768814614 0.6380726439646315
-0.46755813768814614 -0.6380726439646315
0.3675489963844714 0.716078583834622
0.3675489963844714 -0.716078583834622
-0.018450072651067587 0.8123532405828642
-0.018450072651067587 -0.8123532405828642
0.09760118507334999 0.8119653693458938
0.09760118507334999 -0.8119653693458938
0.2719441424719942 0.7623379459705428
0.2719441424719942 -0.7623379459705428
-0.6503009758851492 0.45349932997882064
-0.6503009758851492 -0.45349932997882064
0.4817261962891196 0.6193446531520151
0.4817261962891196 -0.6193446531520151
-0.7999143177562131 0.19185506108604172
-0.7999143177562131 -0.19185506108604172
0.805131266686286 0.07901909151918335
0.805131266686286 -0.07901909151918335
-0.5273378564133546 0.5591976918184368
-0.5273378564133546 -0.5591976918184368
-0.5863448747127769 0.4944220305756924
-0.5863448747127769 -0.4944220305756924
-0.16963270932878866 0.7782317019576651
-0.16963270932878866 -0.7782317019576651
-0.8078567148654203 0.07900749522750215
-0.8078567148654203 -0.07900749522750215
0.7954425164631493 0.0
0.7901455472813894 0.05121920379010239
0.7901455472813894 -0.05121920379010239
0.7619747265713588 0.21881042857795224
0.7619747265713588 -0.21881042857795224
-0.29482480705185177 0.722221350439292
-0.29482480705185177 -0.722221350439292
0.2934012465564997 0.7275244664228988
0.2934012465564997 -0.7275244664228988
0.22695622683153172 0.7552272445521686
0.22695622683153172 -0.7552272445521686
-0.3498576146432605 0.6863644790271647
-0.3498576146432605 -0.6863644790271647
0.7172137280887422 0.3168620776592268
0.7172137280887422 -0.3168620776592268
-0.7189885448018527 0.3148269730924483
-0.7189885448018527 -0.3148269730924483
-0.6479957205928495 0.40918376762321707
-0.6479957205928495 -0.40918376762321707
-0.09734424854608346 0.7700754650703159
-0.09734424854608346 -0.7700754650703159
-0.7576404600988391 0.20464239592344108
-0.7576404600988391 -0.20464239592344108
-0.735212205663972 0.26626733430196176
-0.735212205663972 -0.26626733430196176
0.631190975048241 0.4436786058863289
0.631190975048241 -0.4436786058863289
-0.22267756678348852 0.7430960312903256
-0.22267756678348852 -0.7430960312903256
-0.20937410627488873 0.7465511897990081
-0.20937410627488873 -0.7465511897990081
0.4896905325990427 0.5843158331635999
0.4896905325990427 -0.5843158331635999
0.3881428159013128 0.6601480113056504
0.3881428159013128 -0.6601480113056504
0.5377166043479933 0.5362620563781418
0.5377166043479933 -0.5362620563781418
-0.5156198329186817 0.5404931538415114
-0.5156198329186817 -0.5404931538415114
0.5655803173554397 0.49719423250007794
0.5655803173554397 -0.49719423250007794
0.193481571490223 0.7513534939316541
0.193481571490223 -0.7513534939316541
0.7342473602231795 0.2526039143400962
0.7342473602231795 -0.2526039143400962
0.42283231862717036 0.6239387069064148
0.42283231862717036 -0.6239387069064148
0.587761884477781 0.4608528821309771
0.587761884477781 -0.4608528821309771
0.0661143436248331 0.7659016234597099
0.0661143436248331 -0.7659016234597099
0.7732159008151818 0.0
-0.7634803760926907 0.1708897915739837
-0.7634803760926907 -0.1708897915739837
0.4574005213276017 0.57079469459668
0.4574005213276017 -0.57079469459668
0.7480722131650086 0.175057983042005
0.7480722131650086 -0.175057983042005
-0.7650499700598008 0.1302839509893402
-0.7650499700598008 -0.1302839509893402
-0.5614189826334568 0.4431046513418547
-0.5614189826334568 -0.4431046513418547
0.7404685877838623 0.1386064361914765
0.7404685877838623 -0.1386064361914765
-0.31928485570360543 0.6774845737049642
-0.31928485570360543 -0.6774845737049642
0.6563960964695201 0.3419849852701325
0.6563960964695201 -0.3419849852701325
0.6891092546354867 0.26634707760495296
0.6891092546354867 -0.26634707760495296
0.3389204343547739 0.6605497964095651
0.3389204343547739 -0.6605497964095651
-0.03928060819496254 0.7472511040598416
-0.03928060819496254 -0.7472511040598416
0.2111994847493972 0.7169725808939854
0.2111994847493972 -0.7169725808939854
-0.14114982446391955 0.7260611416739398
-0.14114982446391955 -0.7260611416739398
-0.7394121186816622 0.1797594310676945
-0.7394121186816622 -0.1797594310676945
0.2916892086194527 0.6754354074965939
0.2916892086194527 -0.6754354074965939
-0.7158605670950635 0.23056095197675291
-0.7158605670950635 -0.23056095197675291
0.13861807134424414 0.7330084598272453
0.13861807134424414 -0.7330084598272453
-0.38046611168238437 0.6126751879032991
-0.38046611168238437 -0.6126751879032991
0.61333207904052 0.38150463587069616
0.61333207904052 -0.38150463587069616
-0.625804050448211 0.36748271194967796
-0.625804050448211 -0.36748271194967796
-0.7473715455179046 0.05404440480461401
-0.7473715455179046 -0.05404440480461401
0.0762326349387836 0.7319345819756972
0.0762326349387836 -0.7319345819756972
0.4087566379132212 0.5724048172870326
0.4087566379132212 -0.5724048172870326
-0.008377536767468689 0.7277736069325021
-0.008377536767468689 -0.7277736069325021
-0.7340162278895057 0.0
0.024948811127786574 0.725692864112641
0.024948811127786574 -0.725692864112641
0.13016584857899816 0.7076343046159957
0.13016584857899816 -0.7076343046159957
0.6584330158082581 0.3109647889099638
0.6584330158082581 -0.3109647889099638
-0.5059610301862323 0.49085392766389097
-0.5059610301862323 -0.49085392766389097
-0.10298867727564645 0.7079269925188305
-0.10298867727564645 -0.7079269925188305
-0.6411650261662187 0.311313766464942
-0.6411650261662187 -0.311313766464942
-0.5683196270889307 0.4200812002337003
-0.5683196270889307 -0.4200812002337003
0.7093591505856304 0.09915219280434155
0.7093591505856304 -0.09915219280434155
-0.43197532866427923 0.5497071194551906
-0.43197532866427923 -0.5497071194551906
-0.4465859439007176 0.5352960507123542
-0.4465859439007176 -0.5352960507123542
0.5195143885759589 0.4632769933831008
0.5195143885759589 -0.4632769933831008
0.46380140431042455 0.5183802823531936
0.46380140431042455 -0.5183802823531936
0.3404806642164009 0.609164431437206
0.3404806642164009 -0.609164431437206
-0.32340479580105297 0.6161912797000028
-0.32340479580105297 -0.6161912797000028
0.4920864065352867 0.47976510772077685
0.4920864065352867 -0.47976510772077685
-0.20888771270496032 0.6683274488705052
-0.20888771270496032 -0.6683274488705052
-0.4059172859723137 0.5452859598959595
-0.4059172859723137 -0.5452859598959595
0.3992003493151507 0.5432678813778793
0.3992003493151507 -0.5432678813778793
0.2333862426064599 0.6586817042408376
0.2333862426064599 -0.6586817042408376
0.532471283387852 0.3965197435426023
0.532471283387852 -0.3965197435426023
0.1340918031757042 0.6847588184872619
0.1340918031757042 -0.6847588184872619
-0.57595030401031 0.3639483376508113
-0.57595030401031 -0.3639483376508113
0.6513099193992442 0.23726904209355418
0.6513099193992442 -0.23726904209355418
-0.651289888158824 0.2529021630166266
-0.651289888158824 -0.2529021630166266
-0.7004982170944055 0.08033603133120032
-0.7004982170944055 -0.08033603133120032
0.2129829294222753 0.6596054896969329
0.2129829294222753 -0.6596054896969329
-0.6946614897917199 0.09992407617118475
-0.6946614897917199 -0.09992407617118475
0.6999267465073364 0.0
0.6994798894689216 0.012861314337058559
0.6994798894689216 -0.012861314337058559
0.04569136257175607 0.6847895707124482
0.04569136257175607 -0.6847895707124482
0.1276092480184426 0.6657262130046794
0.1276092480184426 -0.6657262130046794
-0.28096604594677294 0.616652672831304
-0.28096604594677294 -0.616652672831304
-0.046672412279075065 0.6664106109379034
-0.046672412279075065 -0.6664106109379034
-0.3500167570658109 0.5555000099638934
-0.3500167570658109 -0.5555000099638934
-0.6556424661893461 0.2081233237692383
-0.6556424661893461 -0.2081233237692383
-0.23255198171290592 0.6178044869045868
-0.23255198171290592 -0.6178044869045868
-0.2216742064593758 0.6188464569469095
-0.2216742064593758 -0.6188464569469095
-0.6183018694994065 0.27878833636710787
-0.6183018694994065 -0.27878833636710787
-0.6778726878637658 0.03448425239257047
-0.6778726878637658 -0.03448425239257047
-0.5820728161919344 0.3250002526147405
-0.5820728161919344 -0.3250002526147405
0.4193902509903672 0.5007922285567278
0.4193902509903672 -0.5007922285567278
0.6689387004317031 0.11854037717684472
0.6689387004317031 -0.11854037717684472
0.6668576818210954 0.09421145574580438
0.6668576818210954 -0.09421145574580438
-0.5239841183133189 0.39149655215267387
-0.5239841183133189 -0.39149655215267387
0.6341716031343285 0.21587822577639695
0.6341716031343285 -0.21587822577639695
0.5510175883795864 0.3520464929522848
0.5510175883795864 -0.3520464929522848
0.3382592185395351 0.5453390489376708
0.3382592185395351 -0.5453390489376708
0.5696413624994224 0.3215719345144366
0.5696413624994224 -0.3215719345144366
0.5938769317287349 0.2743479721792064
0.5938769317287349 -0.2743479721792064
-0.6449090413297804 0.15818706649539735
-0.6449090413297804 -0.15818706649539735
-0.6274821653489713 0.21653968524081196
-0.6274821653489713 -0.21653968524081196
-0.45841187360101043 0.43634735198989527
-0.45841187360101043 -0.43634735198989527
0.3029202208516676 0.5561181906083901
0.3029202208516676 -0.5561181906083901
0.46431013325652154 0.41648911724947
0.46431013325652154 -0.41648911724947
0.6443210846983538 0.14164740934363682
0.6443210846983538 -0.14164740934363682
0.26471771360626084 0.5899047862705784
0.26471771360626084 -0.5899047862705784
0.4412674952611826 0.4409100876252285
0.4412674952611826 -0.4409100876252285
-0.4095047508452223 0.4760784592628517
-0.4095047508452223 -0.4760784592628517
-0.37464263404508535 0.5006269538561571
-0.37464263404508535 -0.5006269538561571
-0.15971201170470814 0.6255422517232158
-0.15971201170470814 -0.6255422517232158
-0.11043920503646519 0.6365345752289352
-0.11043920503646519 -0.6365345752289352
0.008061007662082318 0.6463186339750912
0.008061007662082318 -0.6463186339750912
-0.057385782869352586 0.6439606870338017
-0.057385782869352586 -0.6439606870338017
-0.2853133261620248 0.5555905050923136
-0.2853133261620248 -0.5555905050923136
0.6204145119359006 0.09843800877449237
0.6204145119359006 -0.09843800877449237
0.024614994408273902 0.6295957984320498
0.024614994408273902 -0.6295957984320498
-0.24829682681689214 0.5670043668853465
-0.24829682681689214 -0.5670043668853465
0.6239597213173724 0.02472076755031177
0.6239597213173724 -0.02472076755031177
0.5634145011277134 0.26049847022766565
0.5634145011277134 -0.26049847022766565
0.25782532388539947 0.5447358170029322
0.25782532388539947 -0.5447358170029322
0.22681980291842535 0.5534553471043993
0.22681980291842535 -0.5534553471043993
-0.1636167386287878 0.5835111497609524
-0.1636167386287878 -0.5835111497609524
0.1204328797795992 0.5892287040661706
0.1204328797795992 -0.5892287040661706
0.4771507111758475 0.3570509432852674
0.4771507111758475 -0.3570509432852674
0.0904319212014486 0.5964795276013931
0.0904319212014486 -0.5964795276013931
-0.47012710997438845 0.3866557289684749
-0.47012710997438845 -0.3866557289684749
-0.5522984464980072 0.26367823685517955
-0.5522984464980072 -0.26367823685517955
-0.5956716997385391 0.16362381669301732
-0.5956716997385391 -0.16362381669301732
-0.530469635260199 0.28907988603340373
-0.530469635260199 -0.28907988603340373
-0.6083571437693125 0.09206551112528509
-0.6083571437693125 -0.09206551112528509
0.5541192394341823 0.2341339272312765
0.5541192394341823 -0.2341339272312765
-0.3859789989324546 0.4396197054064146
-0.3859789989324546 -0.4396197054064146
-0.6106609677465127 0.017712503351463273
-0.6106609677465127 -0.017712503351463273
-0.6071199322240258 0.046383866794661895
-0.6071199322240258 -0.046383866794661895
0.5115826227427176 0.2951162151781122
0.5115826227427176 -0.2951162151781122
0.5348227074673375 0.26281991433516505
0.5348227074673375 -0.26281991433516505
-0.42868605729504905 0.40332516734373003
-0.42868605729504905 -0.40332516734373003
0.6064975737452863 0.05298984643494093
0.6064975737452863 -0.05298984643494093
0.37646355948085486 0.4397618612968754
0.37646355948085486 -0.4397618612968754
-0.3029198471657435 0.4936375374575304
-0.3029198471657435 -0.4936375374575304
-0.1838295258306923 0.5614228933777146
-0.1838295258306923 -0.5614228933777146
-0.3149142345049536 0.4784503627574159
-0.3149142345049536 -0.4784503627574159
-0.43396174936010057 0.3600656789018438
-0.43396174936010057 -0.3600656789018438
0.056897975407425264 0.5924711879738992
0.056897975407425264 -0.5924711879738992
0.309975998269837 0.4757311042090135
0.309975998269837 -0.4757311042090135
0.1780512462231788 0.5528439350587248
0.1780512462231788 -0.5528439350587248
0.43952328065112717 0.3491273338207064
0.43952328065112717 -0.3491273338207064
-0.5649655019669878 0.15524127161097265
-0.5649655019669878 -0.15524127161097265
-0.03992272247012736 0.579485507242144
-0.03992272247012736 -0.579485507242144
0.5481671332999152 0.201629195011688
0.5481671332999152 -0.201629195011688
0.5648631626696882 0.14995384466871842
0.5648631626696882 -0.14995384466871842
-0.07103839488877192 0.5646865063636249
-0.07103839488877192 -0.5646865063636249
-0.551461429282353 0.11196843184289784
-0.551461429282353 -0.11196843184289784
-0.24246603613060172 0.508873540127663
-0.24246603613060172 -0.508873540127663
-0.12255378952279161 0.5560212685773346
-0.12255378952279161 -0.5560212685773346
-0.5118806315284504 0.22612127877470578
-0.5118806315284504 -0.22612127877470578
0.14685718300300094 0.544490867905887
0.14685718300300094 -0.544490867905887
-0.4471924290250952 0.30603139863361867
-0.4471924290250952 -0.30603139863361867
-0.3773835633883156 0.3817942189789914
-0.3773835633883156 -0.3817942189789914
0.26524996305117443 0.4861068111012259
0.26524996305117443 -0.4861068111012259
-0.004785531587684105 0.5580296997127993
-0.004785531587684105 -0.5580296997127993
0.30204056789873984 0.46095863743977
0.30204056789873984 -0.46095863743977
-0.28669371435605084 0.45294302519009766
-0.28669371435605084 -0.45294302519009766
0.5638614068908885 0.06783283783359625
0.5638614068908885 -0.06783283783359625
0.35482112358409834 0.4225328632755176
0.35482112358409834 -0.4225328632755176
0.5617038992597748 0.011930106245005099
0.5617038992597748 -0.011930106245005099
0.5143522806868643 0.20023853246581536
0.5143522806868643 -0.20023853246581536
0.3564686540729861 0.40614021494150315
0.3564686540729861 -0.40614021494150315
-0.4773865007275203 0.2443962526820647
-0.4773865007275203 -0.2443962526820647
0.3840428590571197 0.376464193723007
0.3840428590571197 -0.376464193723007
-0.37839087808445326 0.3507063566022173
-0.37839087808445326 -0.3507063566022173
0.40822710059533973 0.3238638747530048
0.40822710059533973 -0.3238638747530048
0.46788556792386815 0.23936220005735254
0.46788556792386815 -0.23936220005735254
0.18274202426245928 0.5021156234118037
0.18274202426245928 -0.5021156234118037
0.5209088445390708 0.14536494979917614
0.5209088445390708 -0.14536494979917614
0.07363746445308153 0.5256712313748413
0.07363746445308153 -0.5256712313748413
-0.5058864473636489 0.16391661077623781
-0.5058864473636489 -0.16391661077623781
-0.48998685481365617 0.19016298527104994
-0.48998685481365617 -0.19016298527104994
-0.4567877682544619 0.2426265666437733
-0.4567877682544619 -0.2426265666437733
-0.08595043692371063 0.5171807226690665
-0.08595043692371063 -0.5171807226690665
0.5186258384222644 0.060739518788340774
0.5186258384222644 -0.060739518788340774
-0.5199670312953241 0.036224121295972925
-0.5199670312953241 -0.036224121295972925
-0.1818065592162751 0.47195800282957956
-0.1818065592162751 -0.47195800282957956
-0.29011045643622624 0.41069466752591605
-0.29011045643622624 -0.41069466752591605
-0.21251825667884106 0.45115389730116917
-0.21251825667884106 -0.45115389730116917
-0.10142398351677367 0.49756640798169793
-0.10142398351677367 -0.49756640798169793
0.5028960725246061 0.09417213624893342
0.5028960725246061 -0.09417213624893342
-0.4270325117521445 0.25522267362455886
-0.4270325117521445 -0.25522267362455886
-0.49318241824361087 0.09434118555881413
-0.49318241824361087 -0.09434118555881413
-0.4991913726164633 0.0
-0.37829694306378037 0.289639552408852
-0.37829694306378037 -0.289639552408852
0.4976027607667846 0.0
0.0055415627747510965 0.49747053165298394
0.0055415627747510965 -0.49747053165298394
0.2885839417020689 0.4009575696678728
0.2885839417020689 -0.4009575696678728
-0.47405161733752976 0.12314502983007475
-0.47405161733752976 -0.12314502983007475
0.39936285283153106 0.2758393933389267
0.39936285283153106 -0.2758393933389267
0.4600090881075848 0.1701821894558319
0.4600090881075848 -0.1701821894558319
0.2439583391230562 0.41865662917191304
0.2439583391230562 -0.41865662917191304
0.041782148335241215 0.48231786525459996
0.041782148335241215 -0.48231786525459996
0.31230065325003487 0.3412689206452933
0.31230065325003487 -0.3412689206452933
0.1914449356025939 0.4327271383149728
0.1914449356025939 -0.4327271383149728
-0.2924126285031831 0.3581691562062026
-0.2924126285031831 -0.3581691562062026
0.12396229138830331 0.4541558529272407
0.12396229138830331 -0.4541558529272407
0.40198797075964204 0.23854543759683994
0.40198797075964204 -0.23854543759683994
-0.1318365178196496 0.44605927787257327
-0.1318365178196496 -0.44605927787257327
0.46653605311668683 0.0
0.10643239652225309 0.4461756800179563
0.10643239652225309 -0.4461756800179563
-0.2387607898643238 0.3847904228584404
-0.2387607898643238 -0.3847904228584404
-0.0667014103867985 0.45335240264813514
-0.0667014103867985 -0.45335240264813514
-0.4673733921085583 0.0
0.40741724841293275 0.19402773506586438
0.40741724841293275 -0.19402773506586438
-0.18539817758591565 0.40886008902984405
-0.18539817758591565 -0.40886008902984405
0.23554431126545206 0.3636200977873519
0.23554431126545206 -0.3636200977873519
-0.005502257557377545 0.45075486527502207
-0.005502257557377545 -0.45075486527502207
-0.43085108641764747 0.13403143398797146
-0.43085108641764747 -0.13403143398797146
-0.37403250894196705 0.22475744993096144
-0.37403250894196705 -0.22475744993096144
-0.33242379179085846 0.2659224719756884
-0.33242379179085846 -0.2659224719756884
0.1755483757557601 0.39322218770715134
0.1755483757557601 -0.39322218770715134
0.02935946192638865 0.4522203947883607
0.02935946192638865 -0.4522203947883607
0.2923397074168793 0.3011247383049015
0.2923397074168793 -0.3011247383049015
0.44127390403565114 0.0992960285366853
0.44127390403565114 -0.0992960285366853
0.33539358886557624 0.2520879858865263
0.33539358886557624 -0.2520879858865263
-0.45206657445594856 0.03901399454213325
-0.45206657445594856 -0.03901399454213325
-0.29619993430647884 0.288288874671808
-0.29619993430647884 -0.288288874671808
-0.12997493215144643 0.41905066585005035
-0.12997493215144643 -0.41905066585005035
0.43042889359356473 0.07056751203737252
0.43042889359356473 -0.07056751203737252
-0.17320589908036715 0.39115138015209683
-0.17320589908036715 -0.39115138015209683
0.3884242169336384 0.1441440872689017
0.3884242169336384 -0.1441440872689017
-0.019182052469628626 0.41249952979772636
-0.019182052469628626 -0.41249952979772636
0.2788806408193675 0.2751430261468489
0.2788806408193675 -0.2751430261468489
0.34842744166992734 0.20384042205968164
0.34842744166992734 -0.20384042205968164
0.1126177417758544 0.3856207749025907
0.1126177417758544 -0.3856207749025907
-0.4209809889255405 0.08961931437102728
-0.4209809889255405 -0.08961931437102728
0.3263498837687109 0.21388672229654598
0.3263498837687109 -0.21388672229654598
0.34492702985594226 0.1775089132815942
0.34492702985594226 -0.1775089132815942
-0.3920917045229522 0.14927567757715401
-0.3920917045229522 -0.14927567757715401
0.39527556617256193 0.054187997104575725
0.39527556617256193 -0.054187997104575725
-0.18509333578302425 0.35015999937038167
-0.18509333578302425 -0.35015999937038167
0.3835836211787795 0.0
0.14317879283464383 0.35432288323901423
0.14317879283464383 -0.35432288323901423
-0.22862633575211316 0.30721640906080994
-0.22862633575211316 -0.30721640906080994
-0.40446844819846567 0.024213261008666102
-0.40446844819846567 -0.024213261008666102
-0.23278944590615908 0.2947984457046243
-0.23278944590615908 -0.2947984457046243
-0.3687147361425571 0.12765628521072914
-0.3687147361425571 -0.12765628521072914
-0.3825251881596392 0.07124853756101152
-0.3825251881596392 -0.07124853756101152
0.04756961407556788 0.364784774127448
0.04756961407556788 -0.364784774127448
-0.291119470761637 0.214896386714059
-0.291119470761637 -0.214896386714059
0.09691969225181926 0.3553353553740896
0.09691969225181926 -0.3553353553740896
-0.38647885682938626 0.0
-0.035920185067615004 0.3603820056674736
-0.035920185067615004 -0.3603820056674736
-0.2982076499914027 0.18454083854629513
-0.2982076499914027 -0.18454083854629513
0.37471265583342045 0.0
0.20600710864787092 0.28545310592438694
0.20600710864787092 -0.28545310592438694
0.22204054872663886 0.27174092402428424
0.22204054872663886 -0.27174092402428424
-0.12267307167299718 0.3241400173364989
-0.12267307167299718 -0.3241400173364989
0.3483097980637532 0.10181069199602769
0.3483097980637532 -0.10181069199602769
0.14292084135635436 0.30172001189085
0.14292084135635436 -0.30172001189085
-0.08310315277638274 0.3389414089612079
-0.08310315277638274 -0.3389414089612079
0.23781899474035523 0.2310515570120697
0.23781899474035523 -0.2310515570120697
-0.3319376269514867 0.0
-0.13919394677852343 0.2874267696215689
-0.13919394677852343 -0.2874267696215689
-0.18478947160821824 0.25132271006057116
-0.18478947160821824 -0.25132271006057116
-0.29030064131564115 0.13399269732823196
-0.29030064131564115 -0.13399269732823196
-0.2516939749654534 0.1790202281297554
-0.2516939749654534 -0.1790202281297554
0.33539976533337523 0.0
0.2952787153085794 0.11653716798910846
0.2952787153085794 -0.11653716798910846
0.30070056556446073 0.0
0.257988022176999 0.14954415312703948
0.257988022176999 -0.14954415312703948
0.09352031683903711 0.281895881758022
0.09352031683903711 -0.281895881758022
0.05342703990877219 0.2924360590882564
0.05342703990877219 -0.2924360590882564
0.012810216751681765 0.29316927113536845
0.012810216751681765 -0.29316927113536845
0.1673939793970265 0.23253863753671608
0.1673939793970265 -0.23253863753671608
-0.2908990204013634 0.07970692408395087
-0.2908990204013634 -0.07970692408395087
0.2860748143842402 0.04682315848778064
0.2860748143842402 -0.04682315848778064
-0.1132316033902746 0.24883931640999565
-0.1132316033902746 -0.24883931640999565
-0.2057763614869027 0.1810111042923637
-0.2057763614869027 -0.1810111042923637
-0.2823476507639201 0.06883855740336829
-0.2823476507639201 -0.06883855740336829
-0.29418530604280496 0.0
-0.03794571792952583 0.2765949169637907
-0.03794571792952583 -0.2765949169637907
-0.1393003618979485 0.21695243968442665
-0.1393003618979485 -0.21695243968442665
0.18937037966278336 0.18732395736304572
0.18937037966278336 -0.18732395736304572
-0.27291436452159135 0.023634284641392448
-0.27291436452159135 -0.023634284641392448
-0.1939854064314981 0.1455723609163272
-0.1939854064314981 -0.1455723609163272
0.23003159189970618 0.09516065937228127
0.23003159189970618 -0.09516065937228127
0.10304073323089778 0.222995928391746
0.10304073323089778 -0.222995928391746
-0.12009846171774696 0.20034325881693119
-0.12009846171774696 -0.20034325881693119
-0.007746106646540074 0.2464638979764564
-0.007746106646540074 -0.2464638979764564
-0.2174034187399963 0.08890249357200497
-0.2174034187399963 -0.08890249357200497
0.029012596875266923 0.23581850920150688
0.029012596875266923 -0.23581850920150688
0.15919756622005127 0.15164647257539585
0.15919756622005127 -0.15164647257539585
-0.23127404692190462 0.05311689248592288
-0.23127404692190462 -0.05311689248592288
0.1948167773889671 0.11934922791167461
0.1948167773889671 -0.11934922791167461
-0.03842619354005835 0.22261107494457322
-0.03842619354005835 -0.22261107494457322
-0.17835622786898045 0.0
0.2217918507889427 0.0474649868287611
0.2217918507889427 -0.0474649868287611
-0.15457063208908578 0.1215462266259645
-0.15457063208908578 -0.1215462266259645
0.06777520255637312 0.21705366813263524
0.06777520255637312 -0.21705366813263524
0.09366775140146133 0.16480478458204836
0.09366775140146133 -0.16480478458204836
-0.016191311694709318 0.17131661467283685
-0.016191311694709318 -0.17131661467283685
-0.15252663873598735 0.0
-0.09372876194778026 0.1258612581227315
-0.09372876194778026 -0.1258612581227315
0.18612281712027615 0.0
0.10497910752089973 0.12179645778481947
0.10497910752089973 -0.12179645778481947
0.03379975294944465 0.14521622700288772
0.03379975294944465 -0.14521622700288772
0.17015438651875198 0.030157400507430304
0.17015438651875198 -0.030157400507430304
-0.11821751328101829 0.08316472607067794
-0.11821751328101829 -0.08316472607067794
0.12508298539276844 0.0835433420875036
0.12508298539276844 -0.0835433420875036
0.14453752415397247 0.05038624435481892
0.14453752415397247 -0.05038624435481892
0.19291043769810579 0.0
0.11225781354398674 0.0
0.029559309062075642 0.1153836334911078
0.029559309062075642 -0.1153836334911078
-0.027668983341200232 0.11504677928616376
-0.027668983341200232 -0.11504677928616376
-0.08504070543511622 0.07826154067019724
-0.08504070543511622 -0.07826154067019724
-0.08960084779382863 0.01933396414786952
-0.08960084779382863 -0.01933396414786952
-0.020205365432318174 0.0686011998431433
-0.020205365432318174 -0.0686011998431433
-0.0760956485635568 0.03210285172533304
-0.0760956485635568 -0.03210285172533304
0.03442253716857905 0.0
0.003603650983160696 0.02122368877366195
0.003603650983160696 -0.02122368877366195
-0.029948837278748437 0.0
-0.03434745594214034 0.0
