-0.33382580698310993 1.35809734903455
-0.33382580698310993 -1.35809734903455
-1.1286073389971456 0.34084526619199096
-1.1286073389971456 -0.34084526619199096
0.7144373806220093 0.9282373928844969
0.7144373806220093 -0.9282373928844969
0.5741556868131417 0.9985422648537947
0.5741556868131417 -0.9985422648537947
1.0994432573360746 0.29309376808283766
1.0994432573360746 -0.29309376808283766
1.0362668014325382 0.0
0.9256363551905069 0.46161141459822114
0.9256363551905069 -0.46161141459822114
0.1670656671180606 1.0562726813402081
0.1670656671180606 -1.0562726813402081
0.9710260129584599 0.24881831896882078
0.9710260129584599 -0.24881831896882078
0.9214105787718915 0.38747665918197327
0.9214105787718915 -0.38747665918197327
-1.05273789689075 0.0
0.9784563244677993 0.07348325516681647
0.9784563244677993 -0.07348325516681647
0.8487963788454984 0.4746458591768631
0.8487963788454984 -0.4746458591768631
0.7591132925862094 0.6174656112201565
0.7591132925862094 -0.6174656112201565
-0.9372797201899726 0.419487304262934
-0.9372797201899726 -0.419487304262934
0.6011860994952706 0.7790711508987065
0.6011860994952706 -0.7790711508987065
-0.006179044303022643 1.0118607430700743
-0.006179044303022643 -1.0118607430700743
-0.1886810217736603 1.0018085312306393
-0.1886810217736603 -1.0018085312306393
0.5106547379465167 0.833553238906222
0.5106547379465167 -0.833553238906222
-0.8978894399169766 0.4720245228472107
-0.8978894399169766 -0.4720245228472107
0.23080065993367754 0.9703411183382038
0.23080065993367754 -0.9703411183382038
0.09551660416921082 0.9880322585699134
0.09551660416921082 -0.9880322585699134
-0.7786915170053302 0.6304832338934735
-0.7786915170053302 -0.6304832338934735
-0.4447542817485278 0.8819372259894126
-0.4447542817485278 -0.8819372259894126
-0.11704193621119427 0.9875931530983074
-0.11704193621119427 -0.9875931530983074
-0.6030427600131307 0.783276797345458
-0.6030427600131307 -0.783276797345458
-0.9537038886544001 0.27137730876147637
-0.9537038886544001 -0.27137730876147637
-0.5274019714467988 0.8229510328992942
-0.5274019714467988 -0.8229510328992942
-0.6584159402969871 0.7261221538173913
-0.6584159402969871 -0.7261221538173913
0.341440282619351 0.9239137154002599
0.341440282619351 -0.9239137154002599
-0.965198413193721 0.17185489812970786
-0.965198413193721 -0.17185489812970786
-0.7340984124852648 0.6346733299706627
-0.7340984124852648 -0.6346733299706627
-0.6144976444031658 0.7416731026646384
-0.6144976444031658 -0.7416731026646384
-0.9679480872514925 0.047902326391024264
-0.9679480872514925 -0.047902326391024264
0.7698125486145697 0.5533164761001155
0.7698125486145697 -0.5533164761001155
-0.6768121586449893 0.6772726502244569
-0.6768121586449893 -0.6772726502244569
0.7385401024763647 0.5849612391509865
0.7385401024763647 -0.5849612391509865
-0.9531198574523906 0.08782378165518154
-0.9531198574523906 -0.08782378165518154
0.6158894330077858 0.7251496584056847
0.6158894330077858 -0.7251496584056847
-0.8315946773676313 0.45300166997915514
-0.8315946773676313 -0.45300166997915514
-0.7329610283479895 0.5957741144434826
-0.7329610283479895 -0.5957741144434826
0.6517889227018174 0.6734600147210295
0.6517889227018174 -0.6734600147210295
-0.16295498243654993 0.9529888856750114
-0.16295498243654993 -0.9529888856750114
-0.26244701612498483 0.9166460849105954
-0.26244701612498483 -0.9166460849105954
0.27292820698051345 0.9245539942031286
0.27292820698051345 -0.9245539942031286
-0.7666267621593247 0.5498387927977881
-0.7666267621593247 -0.5498387927977881
-0.19458143486172147 0.9356142929003787
-0.19458143486172147 -0.9356142929003787
0.5900956203669934 0.7215725162280255
0.5900956203669934 -0.7215725162280255
0.9615878817545744 0.08713217356529336
0.9615878817545744 -0.08713217356529336
0.8908552410433096 0.34892345481104
0.8908552410433096 -0.34892345481104
0.9340894224761596 0.20359274301904204
0.9340894224761596 -0.20359274301904204
0.5151102258098947 0.777866428179488
0.5151102258098947 -0.777866428179488
0.4469154750170634 0.8312657859837455
0.4469154750170634 -0.8312657859837455
-0.04722033728662778 0.9485873905553972
-0.04722033728662778 -0.9485873905553972
-0.5640787141426058 0.7425628322434936
-0.5640787141426058 -0.7425628322434936
-0.41984390903846125 0.8468259833549853
-0.41984390903846125 -0.8468259833549853
-0.34309521356168615 0.8760008782800519
-0.34309521356168615 -0.8760008782800519
-0.8654253227511445 0.3701827504421743
-0.8654253227511445 -0.3701827504421743
-0.9360389969675709 0.1319656961882949
-0.9360389969675709 -0.1319656961882949
-0.3111569361680093 0.8827499638235453
-0.3111569361680093 -0.8827499638235453
0.6841937006235188 0.60666805778695
0.6841937006235188 -0.60666805778695
-0.9104688814578542 0.21922969034973483
-0.9104688814578542 -0.21922969034973483
-0.8877620778818829 0.2840903880841731
-0.8877620778818829 -0.2840903880841731
-0.4939981272898051 0.781458866808726
-0.4939981272898051 -0.781458866808726
-0.4443419437297721 0.8154639805712958
-0.4443419437297721 -0.8154639805712958
0.0996204971520884 0.934066427027892
0.0996204971520884 -0.934066427027892
0.3608434179619151 0.8620440704744463
0.3608434179619151 -0.8620440704744463
0.9017882761240446 0.2772848019892911
0.9017882761240446 -0.2772848019892911
0.9112968402528624 0.2504782583921035
0.9112968402528624 -0.2504782583921035
0.792201841051215 0.4681477319495743
0.792201841051215 -0.4681477319495743
-0.7255261261253033 0.5474956366389564
-0.7255261261253033 -0.5474956366389564
0.8030061573339269 0.44996695310304446
0.8030061573339269 -0.44996695310304446
-0.8199657784562959 0.4202884994849888
-0.8199657784562959 -0.4202884994849888
0.5364676418604779 0.7356039514967673
0.5364676418604779 -0.7356039514967673
0.7226446891903349 0.5408465952250151
0.7226446891903349 -0.5408465952250151
-0.5790097618905816 0.6807613567564769
-0.5790097618905816 -0.6807613567564769
0.9326528314776777 0.1281971229224674
0.9326528314776777 -0.1281971229224674
0.15668756236136777 0.919712756591354
0.15668756236136777 -0.919712756591354
0.45414004845302713 0.7904484399311676
0.45414004845302713 -0.7904484399311676
-0.6266941696262531 0.6208728540391009
-0.6266941696262531 -0.6208728540391009
0.5470868695081534 0.7181482785939671
0.5470868695081534 -0.7181482785939671
0.8539916232338327 0.358629861145269
0.8539916232338327 -0.358629861145269
0.22559987332789191 0.9000083584541638
0.22559987332789191 -0.9000083584541638
0.2779388764033268 0.880782087664987
0.2779388764033268 -0.880782087664987
0.37585298761610164 0.8273180852886677
0.37585298761610164 -0.8273180852886677
0.42421218520791304 0.8031719182479787
0.42421218520791304 -0.8031719182479787
-0.3481065386674972 0.8390323274993666
-0.3481065386674972 -0.8390323274993666
-0.9117763928389532 0.0
0.037211822598958735 0.9098810929776806
0.037211822598958735 -0.9098810929776806
-0.832970974074824 0.35758187908846906
-0.832970974074824 -0.35758187908846906
-0.7627485523717139 0.46401827936754103
-0.7627485523717139 -0.46401827936754103
-0.40977906261973496 0.8009075495342647
-0.40977906261973496 -0.8009075495342647
-0.8949967634090039 0.1520552419048896
-0.8949967634090039 -0.1520552419048896
-0.4790592987824307 0.7426766918942395
-0.4790592987824307 -0.7426766918942395
-0.6504017893296843 0.5794102757507759
-0.6504017893296843 -0.5794102757507759
-0.8599560763795622 0.254283840375043
-0.8599560763795622 -0.254283840375043
-0.07518776711811875 0.8956339814068395
-0.07518776711811875 -0.8956339814068395
0.8907994860891866 0.17949455144794046
0.8907994860891866 -0.17949455144794046
0.6255329357424562 0.6072541975241073
0.6255329357424562 -0.6072541975241073
-0.21258630051520486 0.8650027241370616
-0.21258630051520486 -0.8650027241370616
0.6542794511847395 0.5742770072637613
0.6542794511847395 -0.5742770072637613
0.897764961052385 0.06961113709097826
0.897764961052385 -0.06961113709097826
-0.8873851204713582 0.0
0.7760964800720381 0.4153028003022942
0.7760964800720381 -0.4153028003022942
0.2909785428797603 0.8433161477395223
0.2909785428797603 -0.8433161477395223
-0.8305994053917665 0.2862444942592282
-0.8305994053917665 -0.2862444942592282
-0.8622237962462724 0.15049229922642193
-0.8622237962462724 -0.15049229922642193
-0.009921691189413395 0.8884501978775008
-0.009921691189413395 -0.8884501978775008
-0.5391771365440684 0.6622074021647192
-0.5391771365440684 -0.6622074021647192
0.12565927382098968 0.8661755856551362
0.12565927382098968 -0.8661755856551362
0.6909841679130432 0.4925342751336147
0.6909841679130432 -0.4925342751336147
0.5771208909683401 0.6359660092601803
0.5771208909683401 -0.6359660092601803
0.476434347181502 0.7122775619879105
0.476434347181502 -0.7122775619879105
-0.1601789818641626 0.8581832843037559
-0.1601789818641626 -0.8581832843037559
-0.2566838110331381 0.8317806386957943
-0.2566838110331381 -0.8317806386957943
-0.3686235618183785 0.785233539616395
-0.3686235618183785 -0.785233539616395
-0.7757526468669022 0.3626336319215442
-0.7757526468669022 -0.3626336319215442
-0.6646643221336849 0.5183643867220548
-0.6646643221336849 -0.5183643867220548
-0.6043228904486897 0.581895520587152
-0.6043228904486897 -0.581895520587152
-0.8609189680621934 0.056360526409434036
-0.8609189680621934 -0.056360526409434036
-0.8300133352693215 0.20457895353051883
-0.8300133352693215 -0.20457895353051883
-0.600496335692679 0.557179190576948
-0.600496335692679 -0.557179190576948
-0.4744150642479192 0.6782712797641088
-0.4744150642479192 -0.6782712797641088
-0.055835969103532675 0.8670037113025278
-0.055835969103532675 -0.8670037113025278
-0.12997134909472846 0.8493904436948344
-0.12997134909472846 -0.8493904436948344
0.8752826402399436 0.016494699086252104
0.8752826402399436 -0.016494699086252104
0.5868963134631917 0.5955095808660869
0.5868963134631917 -0.5955095808660869
0.6965897342549577 0.4621398917995593
0.6965897342549577 -0.4621398917995593
0.6399583099534524 0.5151974470894047
0.6399583099534524 -0.5151974470894047
0.8022305495669235 0.3026249926045139
0.8022305495669235 -0.3026249926045139
0.8308587133954215 0.2208545985067517
0.8308587133954215 -0.2208545985067517
0.2705356547233336 0.816831547990867
0.2705356547233336 -0.816831547990867
-0.5242364219794597 0.616557291340572
-0.5242364219794597 -0.616557291340572
-0.8417219945742228 0.0
-0.7585310975946373 0.3510007341516775
-0.7585310975946373 -0.3510007341516775
-0.7727450962581668 0.3091040611534739
-0.7727450962581668 -0.3091040611534739
0.24082903506472658 0.8238469984209507
0.24082903506472658 -0.8238469984209507
0.8003559591555486 0.2791552665938212
0.8003559591555486 -0.2791552665938212
0.8444390053114266 0.11371747623611086
0.8444390053114266 -0.11371747623611086
-0.3640715267819004 0.7555244918581631
-0.3640715267819004 -0.7555244918581631
-0.043946097504687254 0.848957731360974
-0.043946097504687254 -0.848957731360974
0.8460463070288157 0.07073515459719015
0.8460463070288157 -0.07073515459719015
-0.6455137264047591 0.49025099292398894
-0.6455137264047591 -0.49025099292398894
-0.7161848093308572 0.3914815485552725
-0.7161848093308572 -0.3914815485552725
0.08539095130540336 0.8443112211370543
0.08539095130540336 -0.8443112211370543
-0.6930584738253025 0.42319339245131254
-0.6930584738253025 -0.42319339245131254
0.7699711204933701 0.3140929670915416
0.7699711204933701 -0.3140929670915416
0.6920003848629892 0.42135133507460665
0.6920003848629892 -0.42135133507460665
0.20452034652659232 0.8136232826121734
0.20452034652659232 -0.8136232826121734
0.037194166790928906 0.8382958355280726
0.037194166790928906 -0.8382958355280726
0.3596692721083089 0.7478660445463577
0.3596692721083089 -0.7478660445463577
0.47150815004500346 0.6632366712827841
0.47150815004500346 -0.6632366712827841
-0.49252967132782155 0.6321640584528888
-0.49252967132782155 -0.6321640584528888
-0.2867700340886624 0.7710417926251103
-0.2867700340886624 -0.7710417926251103
0.4319493264184886 0.6850847673451964
0.4319493264184886 -0.6850847673451964
-0.2443929591409982 0.786061261980571
-0.2443929591409982 -0.786061261980571
0.8098568027385442 0.18414770703622363
0.8098568027385442 -0.18414770703622363
-0.3963076517830054 0.7101553396199913
-0.3963076517830054 -0.7101553396199913
0.5465620710569012 0.5727539089223663
0.5465620710569012 -0.5727539089223663
0.738605571889466 0.3501684404568094
0.738605571889466 -0.3501684404568094
-0.8065063918491487 0.1176731418976975
-0.8065063918491487 -0.1176731418976975
-0.8150368884535015 0.04111216203528319
-0.8150368884535015 -0.04111216203528319
-0.012723881204943638 0.8179156541166487
-0.012723881204943638 -0.8179156541166487
-0.6713505943068647 0.40323237525645467
-0.6713505943068647 -0.40323237525645467
-0.7402816593240105 0.2713462171799011
-0.7402816593240105 -0.2713462171799011
-0.32749990071924007 0.7320337680575271
-0.32749990071924007 -0.7320337680575271
-0.413732372924583 0.6749944034248189
-0.413732372924583 -0.6749944034248189
0.7051218056794253 0.3787014944126995
0.7051218056794253 -0.3787014944126995
0.30215278482591623 0.7501933256476953
0.30215278482591623 -0.7501933256476953
0.36516798078420554 0.7166213602951391
0.36516798078420554 -0.7166213602951391
-0.12505171169798812 0.7897594874989696
-0.12505171169798812 -0.7897594874989696
-0.5203504123081357 0.5671722940955445
-0.5203504123081357 -0.5671722940955445
0.07318065986588466 0.8003806585592609
0.07318065986588466 -0.8003806585592609
0.8051436107840155 0.1299215307616617
0.8051436107840155 -0.1299215307616617
-0.17530569804118526 0.7657745273926899
-0.17530569804118526 -0.7657745273926899
0.49840673642850175 0.592378823977198
0.49840673642850175 -0.592378823977198
0.8009511615627616 0.0600544402102248
0.8009511615627616 -0.0600544402102248
0.7608080408358479 0.22057790352160506
0.7608080408358479 -0.22057790352160506
-0.38466432952024776 0.6589153483613563
-0.38466432952024776 -0.6589153483613563
0.24511603670120896 0.7433467512253781
0.24511603670120896 -0.7433467512253781
0.3824527704230152 0.6671020164979381
0.3824527704230152 -0.6671020164979381
0.7851677009468806 0.020474727602626985
0.7851677009468806 -0.020474727602626985
-0.7628791003577723 0.13092941833595031
-0.7628791003577723 -0.13092941833595031
-0.7098443538430494 0.29323522538381147
-0.7098443538430494 -0.29323522538381147
-0.4363604690170569 0.6163877365195994
-0.4363604690170569 -0.6163877365195994
0.5731700662080561 0.48970728021301635
0.5731700662080561 -0.48970728021301635
-0.17381515025170136 0.750092356829187
-0.17381515025170136 -0.750092356829187
0.7636033598082637 0.152681250436759
0.7636033598082637 -0.152681250436759
-0.008100177950472557 0.775766307782914
-0.008100177950472557 -0.775766307782914
0.11482965269152898 0.7709347820194664
0.11482965269152898 -0.7709347820194664
-0.672951211246476 0.3513768168888042
-0.672951211246476 -0.3513768168888042
-0.7378134203286153 0.2176652057154287
-0.7378134203286153 -0.2176652057154287
0.18097448009309117 0.7524870449235852
0.18097448009309117 -0.7524870449235852
0.6289639927449286 0.40798068525675496
0.6289639927449286 -0.40798068525675496
0.4420834990883826 0.6112360628512862
0.4420834990883826 -0.6112360628512862
-0.7471012261982604 0.17361701978418712
-0.7471012261982604 -0.17361701978418712
0.5971106443855709 0.4497916651573427
0.5971106443855709 -0.4497916651573427
-0.761686020139503 0.027617477992899753
-0.761686020139503 -0.027617477992899753
-0.5083631715183774 0.5320490111720341
-0.5083631715183774 -0.5320490111720341
0.6657049537849915 0.34177591523828305
0.6657049537849915 -0.34177591523828305
0.7681267988335794 0.0
-0.29050936512429437 0.691114888496637
-0.29050936512429437 -0.691114888496637
-0.09750137930047265 0.7476247724247195
-0.09750137930047265 -0.7476247724247195
-0.30638521323921797 0.6717043270301012
-0.30638521323921797 -0.6717043270301012
-0.04612523717103978 0.7487752661689719
-0.04612523717103978 -0.7487752661689719
-0.668638607596444 0.31386965988011745
-0.668638607596444 -0.31386965988011745
-0.5820686359272558 0.4376953011018049
-0.5820686359272558 -0.4376953011018049
-0.5909656890422867 0.4163829292220348
-0.5909656890422867 -0.4163829292220348
0.413455699249578 0.6044365283063461
0.413455699249578 -0.6044365283063461
0.6883914354041609 0.2727726747014739
0.6883914354041609 -0.2727726747014739
0.6360063099866788 0.362066606922061
0.6360063099866788 -0.362066606922061
-0.4174488669282157 0.5819239640696577
-0.4174488669282157 -0.5819239640696577
0.6650061243707546 0.29706071428545977
0.6650061243707546 -0.29706071428545977
0.47841316276666435 0.5273182395257058
0.47841316276666435 -0.5273182395257058
0.5068405097396405 0.4996947101392331
0.5068405097396405 -0.4996947101392331
0.174952865754912 0.7195511247732636
0.174952865754912 -0.7195511247732636
-0.7401204926173641 0.0
0.0016583553648182175 0.7383949742873724
0.0016583553648182175 -0.7383949742873724
-0.5151325177046633 0.48721462012487055
-0.5151325177046633 -0.48721462012487055
-0.7054542416518096 0.21185361619951878
-0.7054542416518096 -0.21185361619951878
-0.378614537171797 0.587642672318918
-0.378614537171797 -0.587642672318918
-0.475201310544253 0.5059741684578748
-0.475201310544253 -0.5059741684578748
-0.6120392152875322 0.34537545577701156
-0.6120392152875322 -0.34537545577701156
0.20464764389317197 0.6998985412680804
0.20464764389317197 -0.6998985412680804
0.253875578188403 0.6771776657242777
0.253875578188403 -0.6771776657242777
0.5380883395870009 0.4351212324459606
0.5380883395870009 -0.4351212324459606
0.42607088843034757 0.5447842640283994
0.42607088843034757 -0.5447842640283994
-0.1003480093586129 0.7182547886050636
-0.1003480093586129 -0.7182547886050636
0.7160355410969808 0.13774153714414303
0.7160355410969808 -0.13774153714414303
-0.7242815146091508 0.09231280746232444
-0.7242815146091508 -0.09231280746232444
-0.15768014635973515 0.6912749098382084
-0.15768014635973515 -0.6912749098382084
0.07304050576584578 0.7231063936106472
0.07304050576584578 -0.7231063936106472
-0.42481702506602737 0.5301707897467681
-0.42481702506602737 -0.5301707897467681
-0.24132861181135282 0.6539567964917444
-0.24132861181135282 -0.6539567964917444
0.27972652180312896 0.6511367549389384
0.27972652180312896 -0.6511367549389384
0.7170961358198615 0.08529497866833298
0.7170961358198615 -0.08529497866833298
-0.7077899768850578 0.0
0.3169867701544504 0.6265905283046633
0.3169867701544504 -0.6265905283046633
-0.6148315722783468 0.2942112158611899
-0.6148315722783468 -0.2942112158611899
-0.6932950499594976 0.11096270852064423
-0.6932950499594976 -0.11096270852064423
-0.6695000667596344 0.19828097301462727
-0.6695000667596344 -0.19828097301462727
-0.5884493626557612 0.32323045726912514
-0.5884493626557612 -0.32323045726912514
0.39377069580516627 0.561609809407295
0.39377069580516627 -0.561609809407295
0.6698011997243041 0.20430247921474604
0.6698011997243041 -0.20430247921474604
0.6980572219038281 0.10621640062787974
0.6980572219038281 -0.10621640062787974
0.5674252315077919 0.36282894108639013
0.5674252315077919 -0.36282894108639013
0.1297140169299858 0.6900388938464785
0.1297140169299858 -0.6900388938464785
0.5226693998085916 0.4110521641663625
0.5226693998085916 -0.4110521641663625
0.4616430141269531 0.4709151249591018
0.4616430141269531 -0.4709151249591018
0.07585775460415235 0.6956874366833677
0.07585775460415235 -0.6956874366833677
0.681660854491126 0.15359073087703853
0.681660854491126 -0.15359073087703853
0.35107863117044485 0.5627806974886812
0.35107863117044485 -0.5627806974886812
-0.6939428442703369 0.0
-0.5020396621996999 0.4262973545778442
-0.5020396621996999 -0.4262973545778442
-0.5270773310779633 0.3813513213731316
-0.5270773310779633 -0.3813513213731316
-0.29330359715359355 0.6063334578581718
-0.29330359715359355 -0.6063334578581718
-0.4369968180854632 0.4725672669764971
-0.4369968180854632 -0.4725672669764971
0.6091270004854881 0.2831076337809847
0.6091270004854881 -0.2831076337809847
0.16860613890247148 0.6713059490011212
0.16860613890247148 -0.6713059490011212
0.6572933871012026 0.13783242370295806
0.6572933871012026 -0.13783242370295806
0.32060588900638554 0.5782417197133102
0.32060588900638554 -0.5782417197133102
-0.18447937542512494 0.6359116123866818
-0.18447937542512494 -0.6359116123866818
-0.6487799025098719 0.16352152191892305
-0.6487799025098719 -0.16352152191892305
0.5657747520020207 0.3317040365544391
0.5657747520020207 -0.3317040365544391
-0.4045447184817427 0.4985579066671747
-0.4045447184817427 -0.4985579066671747
-0.6432118499393782 0.114479863161686
-0.6432118499393782 -0.114479863161686
0.0035477473399796733 0.664404714780699
0.0035477473399796733 -0.664404714780699
-0.6060776474857312 0.23448097045768312
-0.6060776474857312 -0.23448097045768312
0.6400720434727369 0.0520722390845316
0.6400720434727369 -0.0520722390845316
-0.058028199886883444 0.6509176520396333
-0.058028199886883444 -0.6509176520396333
0.45901301350844537 0.42058745615642656
0.45901301350844537 -0.42058745615642656
0.1426684634126375 0.6353192691099768
0.1426684634126375 -0.6353192691099768
0.028662348539510142 0.6510619311131374
0.028662348539510142 -0.6510619311131374
0.2822154777662965 0.5634017621045263
0.2822154777662965 -0.5634017621045263
-0.4992935631527453 0.3922305117795342
-0.4992935631527453 -0.3922305117795342
0.5678980184627431 0.2684021326722829
0.5678980184627431 -0.2684021326722829
-0.4603955844638436 0.4280461460422379
-0.4603955844638436 -0.4280461460422379
-0.14811978058927727 0.6159394230178514
-0.14811978058927727 -0.6159394230178514
0.6310902482961137 0.0
-0.2726987322032034 0.5508614211259599
-0.2726987322032034 -0.5508614211259599
0.3537697156821795 0.49894894442717425
0.3537697156821795 -0.49894894442717425
0.5917301926802672 0.19035023315692418
0.5917301926802672 -0.19035023315692418
-0.6252163096917953 0.02341513405128346
-0.6252163096917953 -0.02341513405128346
0.003301206686395941 0.6272614381823161
0.003301206686395941 -0.6272614381823161
0.5153732396029546 0.3176385340097959
0.5153732396029546 -0.3176385340097959
0.28045608695892305 0.5296856339109233
0.28045608695892305 -0.5296856339109233
-0.35548736726603936 0.47907857977936763
-0.35548736726603936 -0.47907857977936763
0.4604794367390223 0.3671946017954483
0.4604794367390223 -0.3671946017954483
0.3770417900559422 0.45114694096434366
0.3770417900559422 -0.45114694096434366
0.16365398175292267 0.5992307548004915
0.16365398175292267 -0.5992307548004915
0.5713912699222483 0.19950564207139573
0.5713912699222483 -0.19950564207139573
-0.508565901699976 0.31522146199379614
-0.508565901699976 -0.31522146199379614
0.609401958356377 0.037559021406338586
0.609401958356377 -0.037559021406338586
-0.595066521477073 0.16511061707164196
-0.595066521477073 -0.16511061707164196
-0.23660017132187344 0.5568904513166235
-0.23660017132187344 -0.5568904513166235
-0.3236877224136725 0.4776303021494919
-0.3236877224136725 -0.4776303021494919
-0.5973135548097355 0.0
-0.07941068657326839 0.6035157366967214
-0.07941068657326839 -0.6035157366967214
-0.42908537860860685 0.3802169065513826
-0.42908537860860685 -0.3802169065513826
-0.5693701981689412 0.2006612270251969
-0.5693701981689412 -0.2006612270251969
0.5131711900630803 0.2761260420262858
0.5131711900630803 -0.2761260420262858
0.5782457224117243 0.14152808347105414
0.5782457224117243 -0.14152808347105414
0.5837961310680038 0.11598131206630788
0.5837961310680038 -0.11598131206630788
0.05032999157828086 0.5916241862005932
0.05032999157828086 -0.5916241862005932
0.1260769508459612 0.5762444785271386
0.1260769508459612 -0.5762444785271386
-0.20834242603845637 0.5430594443134543
-0.20834242603845637 -0.5430594443134543
-0.23593100335758443 0.5278837545028565
-0.23593100335758443 -0.5278837545028565
0.5569845328930206 0.1564026472801799
0.5569845328930206 -0.1564026472801799
0.22781356069616784 0.5204826347907929
0.22781356069616784 -0.5204826347907929
-0.5730569945405468 0.07850249735962464
-0.5730569945405468 -0.07850249735962464
0.38954927910967746 0.39153455438342666
0.38954927910967746 -0.39153455438342666
-0.12971430231779219 0.5509311431882674
-0.12971430231779219 -0.5509311431882674
-0.5288464841819371 0.22327297039767638
-0.5288464841819371 -0.22327297039767638
-0.4980413244215905 0.2580203939746415
-0.4980413244215905 -0.2580203939746415
0.19741854795384225 0.5181911548311432
0.19741854795384225 -0.5181911548311432
0.4234854283698531 0.32453431070880334
0.4234854283698531 -0.32453431070880334
-0.38317673168101174 0.3808895331373587
-0.38317673168101174 -0.3808895331373587
-0.44617226411923827 0.3165238439372181
-0.44617226411923827 -0.3165238439372181
-0.5293740449096163 0.1702889746511827
-0.5293740449096163 -0.1702889746511827
0.0717329578877156 0.5510245660231717
0.0717329578877156 -0.5510245660231717
-0.03810330569469296 0.5456523009296989
-0.03810330569469296 -0.5456523009296989
0.5551198644466115 0.009683015603067393
0.5551198644466115 -0.009683015603067393
-0.5367788461939869 0.06074744576871713
-0.5367788461939869 -0.06074744576871713
0.29650035247663664 0.44215840917196825
0.29650035247663664 -0.44215840917196825
0.38197871725376853 0.369150609597519
0.38197871725376853 -0.369150609597519
0.45468172822480785 0.277585074751074
0.45468172822480785 -0.277585074751074
0.5022945843681422 0.2000770465177973
0.5022945843681422 -0.2000770465177973
0.17532381881164688 0.5080252176534066
0.17532381881164688 -0.5080252176534066
-0.16109960416340696 0.508057625379126
-0.16109960416340696 -0.508057625379126
-0.2740669689683357 0.4480351965121911
-0.2740669689683357 -0.4480351965121911
-0.3057564386577044 0.42274583076356775
-0.3057564386577044 -0.42274583076356775
-0.4765488760192249 0.22438177293714154
-0.4765488760192249 -0.22438177293714154
0.30390466464104027 0.4205428581215719
0.30390466464104027 -0.4205428581215719
0.28034232244678225 0.4326960495569043
0.28034232244678225 -0.4326960495569043
0.03249549769817807 0.532685210335648
0.03249549769817807 -0.532685210335648
-0.3558023179465128 0.3621630753927548
-0.3558023179465128 -0.3621630753927548
-0.5268909719694226 0.046854191779691134
-0.5268909719694226 -0.046854191779691134
-0.3406573552906139 0.35204284006044867
-0.3406573552906139 -0.35204284006044867
-0.2716677109742973 0.42411909342302306
-0.2716677109742973 -0.42411909342302306
0.5193947288109247 0.08944886870055359
0.5193947288109247 -0.08944886870055359
0.4439275469873615 0.2367887499195492
0.4439275469873615 -0.2367887499195492
-0.08919195180600724 0.5122840227169471
-0.08919195180600724 -0.5122840227169471
0.11594568877366587 0.5167426641200099
0.11594568877366587 -0.5167426641200099
0.3647507233156053 0.3210603865920599
0.3647507233156053 -0.3210603865920599
0.167844990952786 0.48709598403437
0.167844990952786 -0.48709598403437
0.48379869356473826 0.1652305259566175
0.48379869356473826 -0.1652305259566175
-0.022658003670732826 0.5120755575749251
-0.022658003670732826 -0.5120755575749251
0.0849290607510123 0.5049755781872599
0.0849290607510123 -0.5049755781872599
0.4850899804050691 0.10722293819876423
0.4850899804050691 -0.10722293819876423
-0.11761438937740244 0.4877716311019367
-0.11761438937740244 -0.4877716311019367
0.4745819232105854 0.0
0.4798063879748553 0.025421746067641745
0.4798063879748553 -0.025421746067641745
0.07974579535423677 0.4763866847959427
0.07974579535423677 -0.4763866847959427
-0.48182139257181594 0.14225857134013478
-0.48182139257181594 -0.14225857134013478
0.45192167929243254 0.09729054920889048
0.45192167929243254 -0.09729054920889048
0.2922315139186227 0.34798628283454924
0.2922315139186227 -0.34798628283454924
0.23378061607362643 0.40421299999022214
0.23378061607362643 -0.40421299999022214
-0.17788404622109844 0.4421305654812635
-0.17788404622109844 -0.4421305654812635
-0.4845505499633163 0.0
-0.2883632440699083 0.3667060683940437
-0.2883632440699083 -0.3667060683940437
-0.22603804462108112 0.40679126317998293
-0.22603804462108112 -0.40679126317998293
-0.450084213854577 0.16273929966691486
-0.450084213854577 -0.16273929966691486
-0.21020216176179446 0.4100590511416931
-0.21020216176179446 -0.4100590511416931
0.24378147502146602 0.3756643087654197
0.24378147502146602 -0.3756643087654197
-0.4544189243874568 0.01459121178863468
-0.4544189243874568 -0.01459121178863468
-0.42043153949948975 0.19698183440301417
-0.42043153949948975 -0.19698183440301417
-0.3705760263308901 0.2606743702562145
-0.3705760263308901 -0.2606743702562145
-0.401828071182567 0.21007703447801077
-0.401828071182567 -0.21007703447801077
-0.3833836304957417 0.2471374275014621
-0.3833836304957417 -0.2471374275014621
-0.12220513044380192 0.43507696876829827
-0.12220513044380192 -0.43507696876829827
0.18010740833513378 0.4083006649751941
0.18010740833513378 -0.4083006649751941
-0.30206316549160495 0.31285784820001944
-0.30206316549160495 -0.31285784820001944
0.3987808511938536 0.17083041664845722
0.3987808511938536 -0.17083041664845722
0.3568143819364382 0.23488597452363294
0.3568143819364382 -0.23488597452363294
-0.25352876316005807 0.3337971148028335
-0.25352876316005807 -0.3337971148028335
0.3009794070038518 0.29740231171370246
0.3009794070038518 -0.29740231171370246
0.3255014511845564 0.26078957770105793
0.3255014511845564 -0.26078957770105793
-0.41518558625520696 0.11644947769900987
-0.41518558625520696 -0.11644947769900987
-0.39907485889457 0.0
0.1394215733000545 0.4123087038487517
0.1394215733000545 -0.4123087038487517
0.24547403439064228 0.34042985923610825
0.24547403439064228 -0.34042985923610825
-0.43224277117714494 0.02981132344192743
-0.43224277117714494 -0.02981132344192743
0.08324458076039043 0.42198480023071255
0.08324458076039043 -0.42198480023071255
-0.04762390324670783 0.4248260558967784
-0.04762390324670783 -0.4248260558967784
-0.12071631141725786 0.4093568004441778
-0.12071631141725786 -0.4093568004441778
-0.20026978976211288 0.3492309540023856
-0.20026978976211288 -0.3492309540023856
-0.28085801993771853 0.2860039502655826
-0.28085801993771853 -0.2860039502655826
0.36459066596956813 0.19195530179160847
0.36459066596956813 -0.19195530179160847
0.39739275050758893 0.02658472534046778
0.39739275050758893 -0.02658472534046778
-0.36866529823315886 0.11177690502330401
-0.36866529823315886 -0.11177690502330401
-0.014741105523014705 0.39188036077734517
-0.014741105523014705 -0.39188036077734517
-0.3268945726151308 0.18993974761849072
-0.3268945726151308 -0.18993974761849072
-0.36109055693527065 0.0
0.32400922083739087 0.20953378362393102
0.32400922083739087 -0.20953378362393102
0.3632792113907631 0.12662405633882115
0.3632792113907631 -0.12662405633882115
-0.07743631839898071 0.36821888382581214
-0.07743631839898071 -0.36821888382581214
-0.2879199793944702 0.22690336132083624
-0.2879199793944702 -0.22690336132083624
-0.0049596413372566955 0.37494418115801725
-0.0049596413372566955 -0.37494418115801725
-0.3469613921807223 0.10921943207781187
-0.3469613921807223 -0.10921943207781187
0.1267504072457324 0.3563858083539247
0.1267504072457324 -0.3563858083539247
-0.32359722459251916 0.14412006907212063
-0.32359722459251916 -0.14412006907212063
0.0572206705954322 0.3577510514641334
0.0572206705954322 -0.3577510514641334
0.3483152627067454 0.05050107790514969
0.3483152627067454 -0.05050107790514969
0.316001999920525 0.1676636573885193
0.316001999920525 -0.1676636573885193
0.22304182270396594 0.2925043437447639
0.22304182270396594 -0.2925043437447639
-0.14915499201993657 0.3096982323975035
-0.14915499201993657 -0.3096982323975035
0.16172369705892536 0.3156514190407196
0.16172369705892536 -0.3156514190407196
-0.23329588010527563 0.25042275849151846
-0.23329588010527563 -0.25042275849151846
0.21492732826408872 0.27535416718880323
0.21492732826408872 -0.27535416718880323
0.2592871455944622 0.22176322238385324
0.2592871455944622 -0.22176322238385324
-0.10475404910544359 0.33222353837731766
-0.10475404910544359 -0.33222353837731766
-0.33448799824913344 0.0
0.3015131610425852 0.159116351949861
0.3015131610425852 -0.159116351949861
-0.17984044158488072 0.2813505383198322
-0.17984044158488072 -0.2813505383198322
-0.25076869676765223 0.21374071730689762
-0.25076869676765223 -0.21374071730689762
-0.3262301496407919 0.06601464385159862
-0.3262301496407919 -0.06601464385159862
-0.23411641325013965 0.18739696541981862
-0.23411641325013965 -0.18739696541981862
-0.052820554348863125 0.32038211421784685
-0.052820554348863125 -0.32038211421784685
0.059819909504885055 0.3115829812273417
0.059819909504885055 -0.3115829812273417
0.17168787054792967 0.24422518886888356
0.17168787054792967 -0.24422518886888356
0.31202554658508885 0.07271849210172822
0.31202554658508885 -0.07271849210172822
-0.17407670731993677 0.23591363597824258
-0.17407670731993677 -0.23591363597824258
0.1994910791425386 0.20850305839400973
0.1994910791425386 -0.20850305839400973
0.2927165129606869 0.08521565350295005
0.2927165129606869 -0.08521565350295005
0.09994036795326064 0.2850024272430091
0.09994036795326064 -0.2850024272430091
-0.14377205066227838 0.257479049884113
-0.14377205066227838 -0.257479049884113
0.24900695461694528 0.1518496718811576
0.24900695461694528 -0.1518496718811576
-0.011995198306290568 0.29131066024659297
-0.011995198306290568 -0.29131066024659297
0.2939990795475797 0.04502665800940273
0.2939990795475797 -0.04502665800940273
-0.06750062805793254 0.27946411142603245
-0.06750062805793254 -0.27946411142603245
0.04099867004495489 0.28104912313252395
0.04099867004495489 -0.28104912313252395
0.13460754545876225 0.23905364043214558
0.13460754545876225 -0.23905364043214558
0.28805254327887453 0.0
-0.2711395272778389 0.0
-0.2583224158102657 0.0460142749515004
-0.2583224158102657 -0.0460142749515004
-0.20765746989855577 0.14008941284355675
-0.20765746989855577 -0.14008941284355675
-0.23671276021904697 0.07470539386746206
-0.23671276021904697 -0.07470539386746206
-0.06587256010638384 0.24672442433956854
-0.06587256010638384 -0.24672442433956854
0.2613617940086632 0.01345193623380913
0.2613617940086632 -0.01345193623380913
0.22063901556911378 0.11115097973396486
0.22063901556911378 -0.11115097973396486
-0.1269677169447322 0.2083587359627448
-0.1269677169447322 -0.2083587359627448
0.07478774356178802 0.23835888188501558
0.07478774356178802 -0.23835888188501558
-0.1307637640517011 0.1854312948734473
-0.1307637640517011 -0.1854312948734473
0.17253965008209424 0.15385870938689958
0.17253965008209424 -0.15385870938689958
0.03171254156655079 0.2358401146934339
0.03171254156655079 -0.2358401146934339
0.23166092520880793 0.02326444485546415
0.23166092520880793 -0.02326444485546415
-0.17969238558742506 0.1321200394213709
-0.17969238558742506 -0.1321200394213709
-0.20698025996356395 0.044941331485905435
-0.20698025996356395 -0.044941331485905435
0.06828775376596491 0.2062356983105436
0.06828775376596491 -0.2062356983105436
0.14468549452085913 0.1448313026131295
0.14468549452085913 -0.1448313026131295
-0.049753828696021546 0.19166905689679128
-0.049753828696021546 -0.19166905689679128
0.01229533009245054 0.19736882848922616
0.01229533009245054 -0.19736882848922616
-0.14048195955111314 0.14960775686428268
-0.14048195955111314 -0.14960775686428268
0.1284099482961301 0.1507461867763113
0.1284099482961301 -0.1507461867763113
-0.19318769156949306 0.0316409699330093
-0.19318769156949306 -0.0316409699330093
0.17156196181902064 0.06540310373319692
0.17156196181902064 -0.06540310373319692
-0.17389072173587994 0.08115536265421919
-0.17389072173587994 -0.08115536265421919
-0.0884406851897112 0.16324346613576202
-0.0884406851897112 -0.16324346613576202
0.1748573590574311 0.0
0.15444266686445385 0.07919526024503237
0.15444266686445385 -0.07919526024503237
0.1652005231625212 0.0
-0.06344149796094586 0.16101448669503227
-0.06344149796094586 -0.16101448669503227
0.08414738882858133 0.14087281518919278
0.08414738882858133 -0.14087281518919278
-0.12570558291130673 0.11271829490749395
-0.12570558291130673 -0.11271829490749395
0.10764237436540602 0.11057258301776902
0.10764237436540602 -0.11057258301776902
0.04646240722502111 0.14281529091034448
0.04646240722502111 -0.14281529091034448
0.15127847844994924 0.010679073280333929
0.15127847844994924 -0.010679073280333929
0.14108718377518203 0.03717545391331521
0.14108718377518203 -0.03717545391331521
0.016468615143174423 0.13928432103516236
0.016468615143174423 -0.13928432103516236
-0.13508744598909908 0.04620351284812871
-0.13508744598909908 -0.04620351284812871
-0.0392672084738965 0.1234200428905775
-0.0392672084738965 -0.1234200428905775
-0.13303220725635334 0.0
-0.08854966643721601 0.09511470186149108
-0.08854966643721601 -0.09511470186149108
-0.08369344735733682 0.09737931127971715
-0.08369344735733682 -0.09737931127971715
-0.019603530114601274 0.12049207064613277
-0.019603530114601274 -0.12049207064613277
-0.12319883118265448 0.03688135246601005
-0.12319883118265448 -0.03688135246601005
0.07467781640610507 0.10144149286716193
0.07467781640610507 -0.10144149286716193
0.11936919489700812 0.014137313989827118
0.11936919489700812 -0.014137313989827118
-0.12346642049071412 0.0
0.08898260469788973 0.055598922505675615
0.08898260469788973 -0.055598922505675615
0.04533456619494097 0.09471745199381096
0.04533456619494097 -0.09471745199381096
-0.11305360907921014 0.0
-0.04096414080615782 0.08713319940867043
-0.04096414080615782 -0.08713319940867043
-0.08065487006377664 0.04650262415517552
-0.08065487006377664 -0.04650262415517552
-0.0332119761196637 0.08184861375817172
-0.0332119761196637 -0.08184861375817172
0.03854370872568977 0.08134778330325236
0.03854370872568977 -0.08134778330325236
-0.08907744949472841 0.0
0.08234903178755779 0.023389266840850843
0.08234903178755779 -0.023389266840850843
-0.019056303262387164 0.08262283501306908
-0.019056303262387164 -0.08262283501306908
-0.06559154548304241 0.04664899261355127
-0.06559154548304241 -0.04664899261355127
-0.018155762801813226 0.07748003296966709
-0.018155762801813226 -0.07748003296966709
0.0630931710260753 0.041390056413006054
0.0630931710260753 -0.041390056413006054
-0.07644622520997292 0.0
0.012669559170180327 0.07168406789989801
0.012669559170180327 -0.07168406789989801
-0.06516239093566228 0.02590698417444501
-0.06516239093566228 -0.02590698417444501
0.0721684874696097 0.0
0.018963213271741466 0.06619948842345798
0.018963213271741466 -0.06619948842345798
0.02687967085272329 0.055289021125098994
0.02687967085272329 -0.055289021125098994
-0.034284755581250034 0.043239809448017835
-0.034284755581250034 -0.043239809448017835
-0.05372927012742182 0.0
0.03811716292155022 0.03972249021081731
0.03811716292155022 -0.03972249021081731
0.04609805715380853 0.03351930030026176
0.04609805715380853 -0.03351930030026176
0.05176813826459564 0.0
-0.04721811684288964 0.0
-0.014252887684945197 0.044766338673689426
-0.014252887684945197 -0.044766338673689426
0.043262634500895576 0.0018378788489471192
0.043262634500895576 -0.0018378788489471192
-0.028869784610854744 0.02987312393535669
-0.028869784610854744 -0.02987312393535669
0.0013802911931124606 0.04076099560542743
0.0013802911931124606 -0.04076099560542743
0.014226578090396645 0.0391211946467873
0.014226578090396645 -0.0391211946467873
0.027719129599637893 0.021613676374482284
0.027719129599637893 -0.021613676374482284
0.01786543607718257 0.0
-0.015680635986999182 0.016596927346108094
-0.015680635986999182 -0.016596927346108094
-0.025944803812198918 0.0054358044136823365
-0.025944803812198918 -0.0054358044136823365
0.004424834806210202 0.00968262685491312
0.004424834806210202 -0.00968262685491312
-0.010275018651323459 0.0
0.0027587565470762994 0.0
