2.8497166446875077 0.0
-2.2782465915901544 0.0
-0.7360094790015772 1.0578167776160943
-0.7360094790015772 -1.0578167776160943
-1.0181189087592988 0.31761579859767963
-1.0181189087592988 -0.31761579859767963
1.1159272308158614 0.0
-0.5544243665972342 0.903795935449523
-0.5544243665972342 -0.903795935449523
-0.915627381501292 0.4556038499220935
-0.915627381501292 -0.4556038499220935
-1.0011226805878717 0.0
-0.3178974078431335 0.9611191887123613
-0.3178974078431335 -0.9611191887123613
-0.5922401953396925 0.7968904669207357
-0.5922401953396925 -0.7968904669207357
-0.3949229199577181 0.9116143793708956
-0.3949229199577181 -0.9116143793708956
-0.8267482763234089 0.5157043691452866
-0.8267482763234089 -0.5157043691452866
-0.7821992100170583 0.5833093895849115
-0.7821992100170583 -0.5833093895849115
-0.046484314535156696 1.014029441980865
-0.046484314535156696 -1.014029441980865
0.08207533256659696 1.0291310020221303
0.08207533256659696 -1.0291310020221303
-0.18335717673044055 0.9702467956172768
-0.18335717673044055 -0.9702467956172768
-0.7481718057592027 0.6168465869931775
-0.7481718057592027 -0.6168465869931775
1.0217474117189123 0.1329612318238589
1.0217474117189123 -0.1329612318238589
-0.4829875977916188 0.823409596697275
-0.4829875977916188 -0.823409596697275
-0.6540074322721107 0.667035292543341
-0.6540074322721107 -0.667035292543341
0.01748057789792226 0.9962616045209215
0.01748057789792226 -0.9962616045209215
0.9694716343662148 0.0
-0.6957482189647997 0.6199676082893988
-0.6957482189647997 -0.6199676082893988
-0.8797803510030611 0.31850249988173057
-0.8797803510030611 -0.31850249988173057
0.9532685763901864 0.38328607586431396
0.9532685763901864 -0.38328607586431396
0.258332891946374 0.9638500925378825
0.258332891946374 -0.9638500925378825
0.5537722334896933 0.8269562544074741
0.5537722334896933 -0.8269562544074741
-0.5676058376184727 0.7117726167701145
-0.5676058376184727 -0.7117726167701145
0.3052048792441612 0.9368429479956318
0.3052048792441612 -0.9368429479956318
0.38473829396289627 0.9113164501178259
0.38473829396289627 -0.9113164501178259
0.6921270640356356 0.7114492238732534
0.6921270640356356 -0.7114492238732534
0.9064559426423677 0.3899003188999913
0.9064559426423677 -0.3899003188999913
0.12475058304055722 0.9566901850038948
0.12475058304055722 -0.9566901850038948
0.7611160191414073 0.5687976039378244
0.7611160191414073 -0.5687976039378244
0.8283829343874611 0.4693212666771892
0.8283829343874611 -0.4693212666771892
0.8029657731286599 0.5033734606466039
0.8029657731286599 -0.5033734606466039
0.48932010179620045 0.801000226247763
0.48932010179620045 -0.801000226247763
0.665072075755317 0.6601686854552815
0.665072075755317 -0.6601686854552815
0.8630897935633595 0.4006509287958856
0.8630897935633595 -0.4006509287958856
-0.7056528233410636 0.5637616267461627
-0.7056528233410636 -0.5637616267461627
0.4076053003348794 0.8528816973215346
0.4076053003348794 -0.8528816973215346
0.1391409619276025 0.9356807195259302
0.1391409619276025 -0.9356807195259302
0.6156497061627841 0.6630174104382177
0.6156497061627841 -0.6630174104382177
-0.7947122265840159 0.46687723122382696
-0.7947122265840159 -0.46687723122382696
-0.9136192288000866 0.1204467552681384
-0.9136192288000866 -0.1204467552681384
-0.9053356072988133 0.0
-0.8879925187996464 0.16636955282192734
-0.8879925187996464 -0.16636955282192734
-0.8661569019629249 0.2402578870806953
-0.8661569019629249 -0.2402578870806953
-0.7940423484986835 0.40316583610651824
-0.7940423484986835 -0.40316583610651824
-0.8785902278873998 0.0
-0.30708775124831833 0.8773211724348838
-0.30708775124831833 -0.8773211724348838
-0.026246639909752345 0.933691732734512
-0.026246639909752345 -0.933691732734512
-0.10167219313141244 0.912270799127377
-0.10167219313141244 -0.912270799127377
-0.8092968252268702 0.32826848323436736
-0.8092968252268702 -0.32826848323436736
-0.3644630744333611 0.8154313771370797
-0.3644630744333611 -0.8154313771370797
0.30085290559466005 0.8621659424259613
0.30085290559466005 -0.8621659424259613
-0.44065939383397357 0.7428941302006142
-0.44065939383397357 -0.7428941302006142
-0.14130081743032613 0.8645859816149006
-0.14130081743032613 -0.8645859816149006
0.8566933921003584 0.351787172496912
0.8566933921003584 -0.351787172496912
0.5191343091954921 0.7368346066529441
0.5191343091954921 -0.7368346066529441
0.9262318772287956 0.10785857524338496
0.9262318772287956 -0.10785857524338496
-0.2873599600904035 0.8187305304670683
-0.2873599600904035 -0.8187305304670683
0.9217839964253582 0.08251341891122084
0.9217839964253582 -0.08251341891122084
0.673001504345536 0.5826266746336874
0.673001504345536 -0.5826266746336874
0.7886354362078283 0.43335372698390673
0.7886354362078283 -0.43335372698390673
0.7133071579595052 0.5325127573754246
0.7133071579595052 -0.5325127573754246
0.5137620260881507 0.6967042845127874
0.5137620260881507 -0.6967042845127874
0.8691150038371044 0.17013435085012604
0.8691150038371044 -0.17013435085012604
0.5512488814842235 0.655698457414866
0.5512488814842235 -0.655698457414866
0.8324239712321652 0.2600947428790204
0.8324239712321652 -0.2600947428790204
0.8814364250966917 0.03688129355155902
0.8814364250966917 -0.03688129355155902
-0.47570392511142323 0.6999853411084892
-0.47570392511142323 -0.6999853411084892
-0.8204606258389473 0.2034395856080608
-0.8204606258389473 -0.2034395856080608
-0.20276442962072852 0.8237570046917634
-0.20276442962072852 -0.8237570046917634
-0.5724526541739006 0.6085313711987144
-0.5724526541739006 -0.6085313711987144
-0.4516795036888127 0.7089314300583797
-0.4516795036888127 -0.7089314300583797
-0.8382758537641097 0.060596202211076235
-0.8382758537641097 -0.060596202211076235
0.7896540068785242 0.31323974590964077
0.7896540068785242 -0.31323974590964077
0.6690874776025653 0.48501862919718086
0.6690874776025653 -0.48501862919718086
0.6237676977340234 0.5388773873389022
0.6237676977340234 -0.5388773873389022
0.1415074096848289 0.8429744625755515
0.1415074096848289 -0.8429744625755515
-0.7328773805079454 0.379462797339141
-0.7328773805079454 -0.379462797339141
-0.2754327543295296 0.7823702652319156
-0.2754327543295296 -0.7823702652319156
-0.522371857512123 0.6391818332650084
-0.522371857512123 -0.6391818332650084
-0.6214385137622154 0.5337497629424264
-0.6214385137622154 -0.5337497629424264
-0.7757176629040052 0.2794922843325481
-0.7757176629040052 -0.2794922843325481
0.7984473713714597 0.2051891737227887
0.7984473713714597 -0.2051891737227887
-0.09684773808698952 0.8282238173138192
-0.09684773808698952 -0.8282238173138192
0.15608634242124736 0.8128786667722474
0.15608634242124736 -0.8128786667722474
0.028273353198098955 0.8337372626159626
0.028273353198098955 -0.8337372626159626
0.4283052677842041 0.6835504026191188
0.4283052677842041 -0.6835504026191188
-0.7174541094919338 0.378514169333577
-0.7174541094919338 -0.378514169333577
0.062049399506538275 0.8211544342876237
0.062049399506538275 -0.8211544342876237
-0.35305134001606264 0.7218837374853317
-0.35305134001606264 -0.7218837374853317
-0.7817416611889221 0.0
-0.6675097730288648 0.42940240321439793
-0.6675097730288648 -0.42940240321439793
0.5249169168022604 0.6045020036979495
0.5249169168022604 -0.6045020036979495
0.3453654147858005 0.7258200315826403
0.3453654147858005 -0.7258200315826403
0.2689153927395679 0.7528455567333907
0.2689153927395679 -0.7528455567333907
0.2897176113421467 0.7426489753060975
0.2897176113421467 -0.7426489753060975
0.6552478913035003 0.41378749807586296
0.6552478913035003 -0.41378749807586296
0.8015488252383879 0.09962664632431294
0.8015488252383879 -0.09962664632431294
-0.5189757163491946 0.5525505422656896
-0.5189757163491946 -0.5525505422656896
-0.775401291954742 0.1613874658005455
-0.775401291954742 -0.1613874658005455
0.5566987326195931 0.5071803624726413
0.5566987326195931 -0.5071803624726413
0.7902515702090318 0.022200752236434185
0.7902515702090318 -0.022200752236434185
-0.7866442926754353 0.017408213058948623
-0.7866442926754353 -0.017408213058948623
0.3104507500630923 0.7117441094068655
0.3104507500630923 -0.7117441094068655
-0.7230721651741444 0.2513675447929387
-0.7230721651741444 -0.2513675447929387
-0.17964082082706007 0.7609746753199473
-0.17964082082706007 -0.7609746753199473
0.7710091217127473 0.13605482256629148
0.7710091217127473 -0.13605482256629148
-0.627897026629323 0.4070288724197451
-0.627897026629323 -0.4070288724197451
0.19207588576642054 0.7449884734792426
0.19207588576642054 -0.7449884734792426
0.41842762275427436 0.638845212358338
0.41842762275427436 -0.638845212358338
0.05915345114167252 0.7667949357271938
0.05915345114167252 -0.7667949357271938
-0.561645314262476 0.4809621347907147
-0.561645314262476 -0.4809621347907147
-0.03920202826003083 0.7587378785906909
-0.03920202826003083 -0.7587378785906909
-0.3430829031043229 0.6698191606257048
-0.3430829031043229 -0.6698191606257048
0.6923497033791106 0.33394804543677753
0.6923497033791106 -0.33394804543677753
0.7326766515924235 0.20813887439185097
0.7326766515924235 -0.20813887439185097
-0.4164302979253254 0.6172123483604246
-0.4164302979253254 -0.6172123483604246
0.36774115292996146 0.6422916703731621
0.36774115292996146 -0.6422916703731621
0.6026719193380269 0.43004869981388505
0.6026719193380269 -0.43004869981388505
-0.37104125027448476 0.6330697621390358
-0.37104125027448476 -0.6330697621390358
0.7159792394099778 0.0
0.6856626735929129 0.29154414001411066
0.6856626735929129 -0.29154414001411066
0.03311229925031173 0.7443074916865146
0.03311229925031173 -0.7443074916865146
0.5457183366114111 0.46566786684955186
0.5457183366114111 -0.46566786684955186
0.4432655386229599 0.5482224988952864
0.4432655386229599 -0.5482224988952864
-0.4061966987853225 0.5894336359330802
-0.4061966987853225 -0.5894336359330802
-0.18109611904040201 0.711497696050936
-0.18109611904040201 -0.711497696050936
-0.7243879776294337 0.10474316389680904
-0.7243879776294337 -0.10474316389680904
0.2501726444948822 0.6642131694144716
0.2501726444948822 -0.6642131694144716
0.6903004595797009 0.07140326765339912
0.6903004595797009 -0.07140326765339912
0.6595558833903662 0.16578982689442334
0.6595558833903662 -0.16578982689442334
0.6535338575461834 0.1943022002538031
0.6535338575461834 -0.1943022002538031
0.6091658868690231 0.2850957548837128
0.6091658868690231 -0.2850957548837128
0.5673097176267168 0.37588323462031875
0.5673097176267168 -0.37588323462031875
0.44791587181062936 0.49273900887896827
0.44791587181062936 -0.49273900887896827
0.49504225847469935 0.430418764782154
0.49504225847469935 -0.430418764782154
-0.05360785819171661 0.7063595607417492
-0.05360785819171661 -0.7063595607417492
0.21842993708419972 0.6477193676610313
0.21842993708419972 -0.6477193676610313
-0.21642152069366094 0.674694507601187
-0.21642152069366094 -0.674694507601187
0.09129387679428935 0.6774868024444938
0.09129387679428935 -0.6774868024444938
-0.637361359662292 0.2918216699747239
-0.637361359662292 -0.2918216699747239
-0.6684607355265547 0.19123118269047382
-0.6684607355265547 -0.19123118269047382
-0.6444473511965978 0.24259908851971226
-0.6444473511965978 -0.24259908851971226
-0.5881568168667766 0.3579701191681784
-0.5881568168667766 -0.3579701191681784
-0.6942699633605782 0.060830331063253605
-0.6942699633605782 -0.060830331063253605
-0.6812070520302794 0.0
-0.12206800233334265 0.667321399876996
-0.12206800233334265 -0.667321399876996
-0.49347641043405327 0.46984705707563174
-0.49347641043405327 -0.46984705707563174
-0.2955022668263345 0.6033100659519406
-0.2955022668263345 -0.6033100659519406
-0.6563909290177072 0.1460658654907678
-0.6563909290177072 -0.1460658654907678
-0.43463406584710507 0.5100157444597417
-0.43463406584710507 -0.5100157444597417
0.17953117465949633 0.6332597985759488
0.17953117465949633 -0.6332597985759488
-0.5189624839726856 0.40963363670993147
-0.5189624839726856 -0.40963363670993147
-0.018225425372940085 0.6510485252844791
-0.018225425372940085 -0.6510485252844791
-0.2015953636834273 0.6157198401866676
-0.2015953636834273 -0.6157198401866676
-0.38028269459806896 0.5200532114460421
-0.38028269459806896 -0.5200532114460421
0.6198538602722485 0.03670934930542696
0.6198538602722485 -0.03670934930542696
0.3562935159118582 0.5091373393627475
0.3562935159118582 -0.5091373393627475
0.07515289125042979 0.6124486796483881
0.07515289125042979 -0.6124486796483881
-0.6103874060177961 0.1274107330914142
-0.6103874060177961 -0.1274107330914142
-0.07057783265312752 0.6162554965952686
-0.07057783265312752 -0.6162554965952686
-0.6232830929853239 0.0
-0.47395129508578826 0.39348068290798716
-0.47395129508578826 -0.39348068290798716
0.5698090502218565 0.23640925055885584
0.5698090502218565 -0.23640925055885584
0.6140535743539591 0.0
0.6047510025128512 0.0
0.41238825704804194 0.4487125399606639
0.41238825704804194 -0.4487125399606639
0.5779572645692443 0.18372264587194936
0.5779572645692443 -0.18372264587194936
0.4698703647567335 0.3652625112895763
0.4698703647567335 -0.3652625112895763
-0.5414249881836567 0.23468541870259838
-0.5414249881836567 -0.23468541870259838
-0.5456187255605293 0.18483214510238805
-0.5456187255605293 -0.18483214510238805
-0.5525838560200627 0.15378031456785898
-0.5525838560200627 -0.15378031456785898
-0.3461094918885403 0.46074708748124305
-0.3461094918885403 -0.46074708748124305
-0.07301671867344797 0.5670854177116165
-0.07301671867344797 -0.5670854177116165
0.02839725624130418 0.571560958626178
0.02839725624130418 -0.571560958626178
0.2548880891397288 0.5167226436599742
0.2548880891397288 -0.5167226436599742
0.0916017718389412 0.5693983442069029
0.0916017718389412 -0.5693983442069029
0.5720332430372557 0.09202858239387765
0.5720332430372557 -0.09202858239387765
-0.27615002911720227 0.48896183879375166
-0.27615002911720227 -0.48896183879375166
0.22672837613096883 0.5129383188462249
0.22672837613096883 -0.5129383188462249
0.11358765441678761 0.5482511852930658
0.11358765441678761 -0.5482511852930658
0.5113355206215373 0.2449229897276146
0.5113355206215373 -0.2449229897276146
0.5109503558584276 0.19579720579723056
0.5109503558584276 -0.19579720579723056
-0.5489421993065071 0.07377770883554342
-0.5489421993065071 -0.07377770883554342
-0.5382742262522839 0.02373127939868389
-0.5382742262522839 -0.02373127939868389
0.46961048474214595 0.26987929518517073
0.46961048474214595 -0.26987929518517073
-0.47810455062982515 0.2887920064739738
-0.47810455062982515 -0.2887920064739738
0.3767837450757535 0.4026246694977266
0.3767837450757535 -0.4026246694977266
0.31313470088735185 0.4482796426538883
0.31313470088735185 -0.4482796426538883
-0.3886369965464067 0.393283058214568
-0.3886369965464067 -0.393283058214568
-0.3115007789574279 0.4392194881060614
-0.3115007789574279 -0.4392194881060614
-0.09529615357204521 0.5173184621653655
-0.09529615357204521 -0.5173184621653655
0.35303141659475373 0.41024829529966417
0.35303141659475373 -0.41024829529966417
-0.43925860884889123 0.2990826446836414
-0.43925860884889123 -0.2990826446836414
-0.34984135871401967 0.3977693803235728
-0.34984135871401967 -0.3977693803235728
0.3981348099564255 0.347036250803863
0.3981348099564255 -0.347036250803863
0.23058313894809712 0.464687034764044
0.23058313894809712 -0.464687034764044
0.15204564370175772 0.4964967361485564
0.15204564370175772 -0.4964967361485564
-0.20920001827529633 0.4772322808464803
-0.20920001827529633 -0.4772322808464803
0.5040913371255631 0.0
0.43151495795577144 0.27947531641272216
0.43151495795577144 -0.27947531641272216
-0.17299110975205434 0.4860307208545736
-0.17299110975205434 -0.4860307208545736
0.4774563512056546 0.0
-0.13883622541319846 0.4834903812776475
-0.13883622541319846 -0.4834903812776475
0.48345851299052245 0.06639174350862918
0.48345851299052245 -0.06639174350862918
-0.4772579256107973 0.1257282768972716
-0.4772579256107973 -0.1257282768972716
0.06003289529946206 0.4889627219931727
0.06003289529946206 -0.4889627219931727
-0.41464374767983536 0.25734866206507573
-0.41464374767983536 -0.25734866206507573
-0.4566141933644791 0.0
-0.3199324280679844 0.3546331726081459
-0.3199324280679844 -0.3546331726081459
-0.23139058423478373 0.4229419439514919
-0.23139058423478373 -0.4229419439514919
0.381271802613772 0.26495388463175384
0.381271802613772 -0.26495388463175384
0.1693869227981283 0.44415128529078657
0.1693869227981283 -0.44415128529078657
0.2731855325289565 0.37575901128240924
0.2731855325289565 -0.37575901128240924
-0.3916270311380613 0.2459157016606896
-0.3916270311380613 -0.2459157016606896
-0.0138677858617572 0.46452129992498076
-0.0138677858617572 -0.46452129992498076
0.22175998876089534 0.4005099369466144
0.22175998876089534 -0.4005099369466144
-0.4456876877329289 0.09166728200299924
-0.4456876877329289 -0.09166728200299924
-0.22440994879179474 0.37453230829406603
-0.22440994879179474 -0.37453230829406603
0.1469681563478624 0.4057852240626052
0.1469681563478624 -0.4057852240626052
-0.016843500779755473 0.4299660905646348
-0.016843500779755473 -0.4299660905646348
-0.055174383032773514 0.4204480120376152
-0.055174383032773514 -0.4204480120376152
0.4204690091994614 0.0
0.33234557949825827 0.258388894129848
0.33234557949825827 -0.258388894129848
0.39269870036251725 0.11800055100043845
0.39269870036251725 -0.11800055100043845
0.28540914734346223 0.2950792915869744
0.28540914734346223 -0.2950792915869744
0.39713213546432147 0.04370716743331674
0.39713213546432147 -0.04370716743331674
-0.2537533157258255 0.3240839421386456
-0.2537533157258255 -0.3240839421386456
0.36531737760335414 0.14038744343054393
0.36531737760335414 -0.14038744343054393
0.2057240275064298 0.34046547056939297
0.2057240275064298 -0.34046547056939297
-0.3691147868504956 0.16390389596348184
-0.3691147868504956 -0.16390389596348184
-0.2978754334005842 0.2537315664544352
-0.2978754334005842 -0.2537315664544352
-0.1669638243091215 0.34284529813516523
-0.1669638243091215 -0.34284529813516523
0.16821261979779212 0.3461953970579681
0.16821261979779212 -0.3461953970579681
-0.3833347676420147 0.023247321208343042
-0.3833347676420147 -0.023247321208343042
0.2557166752151818 0.28052377629500685
0.2557166752151818 -0.28052377629500685
-0.3659339827251963 0.09849998602564572
-0.3659339827251963 -0.09849998602564572
0.11304961674441882 0.35671671185758674
0.11304961674441882 -0.35671671185758674
-0.3353000052637679 0.17002218842984682
-0.3353000052637679 -0.17002218842984682
-0.23120055510298734 0.28758496891872953
-0.23120055510298734 -0.28758496891872953
0.3006369365020116 0.2010808061066588
0.3006369365020116 -0.2010808061066588
0.3463628183911238 0.09280309612398586
0.3463628183911238 -0.09280309612398586
-0.35022637518965927 0.08113276467865489
-0.35022637518965927 -0.08113276467865489
-0.04708457849512439 0.34739743226865005
-0.04708457849512439 -0.34739743226865005
-0.2691213031305396 0.2254980833195433
-0.2691213031305396 -0.2254980833195433
0.3461186476039981 0.0
-0.017317170996462267 0.34012049947436795
-0.017317170996462267 -0.34012049947436795
0.24165657798746099 0.23823289360124192
0.24165657798746099 -0.23823289360124192
-0.31197085038824535 0.12990536894611654
-0.31197085038824535 -0.12990536894611654
0.055684297719863905 0.3267473381346304
0.055684297719863905 -0.3267473381346304
-0.1637158649430854 0.2858028768221167
-0.1637158649430854 -0.2858028768221167
0.3294515264425443 0.020712403387962253
0.3294515264425443 -0.020712403387962253
-0.26274134002459754 0.1822942299326094
-0.26274134002459754 -0.1822942299326094
0.3016064509792913 0.11170477433783235
0.3016064509792913 -0.11170477433783235
0.2509585264960278 0.19894685830329484
0.2509585264960278 -0.19894685830329484
0.2781273030499651 0.11632000380784599
0.2781273030499651 -0.11632000380784599
0.08033377920764993 0.2971371282757503
0.08033377920764993 -0.2971371282757503
-0.1059389781447033 0.286503527873174
-0.1059389781447033 -0.286503527873174
-0.07252705482627955 0.29340389624603846
-0.07252705482627955 -0.29340389624603846
0.25422482009754627 0.1436048229746806
0.25422482009754627 -0.1436048229746806
0.2807507274526984 0.07792042969776983
0.2807507274526984 -0.07792042969776983
0.15053422485479157 0.24603540241124652
0.15053422485479157 -0.24603540241124652
0.08894490002990997 0.2785500807295804
0.08894490002990997 -0.2785500807295804
-0.2923595167202947 0.0
-0.027123891153681794 0.2923151053301953
-0.027123891153681794 -0.2923151053301953
0.18836526966782874 0.2078060597746258
0.18836526966782874 -0.2078060597746258
-0.28503525469235613 0.07001842483413215
-0.28503525469235613 -0.07001842483413215
0.2509236165989088 0.11344234066654045
0.2509236165989088 -0.11344234066654045
0.025926320847960288 0.2780568468208923
0.025926320847960288 -0.2780568468208923
-0.17716425353492476 0.22473870792441872
-0.17716425353492476 -0.22473870792441872
-0.2746489445156646 0.03177328473006156
-0.2746489445156646 -0.03177328473006156
-0.2538261684683466 0.10388789121902625
-0.2538261684683466 -0.10388789121902625
-0.21732380050099306 0.15748787212399737
-0.21732380050099306 -0.15748787212399737
-0.03491397440886942 0.2624117608985932
-0.03491397440886942 -0.2624117608985932
0.10781908685802372 0.23680574152119502
0.10781908685802372 -0.23680574152119502
-0.13306854987227568 0.2233501475813013
-0.13306854987227568 -0.2233501475813013
-0.16201868715621684 0.20229776610827022
-0.16201868715621684 -0.20229776610827022
-0.22203243157989855 0.12437576781095736
-0.22203243157989855 -0.12437576781095736
0.2518285580749732 0.034090102205516816
0.2518285580749732 -0.034090102205516816
0.10210075122524245 0.21804437289442424
0.10210075122524245 -0.21804437289442424
-0.0958161347679107 0.22197044675738825
-0.0958161347679107 -0.22197044675738825
0.21488300824902884 0.11065409088713118
0.21488300824902884 -0.11065409088713118
0.2318273232329075 0.06838655608312676
0.2318273232329075 -0.06838655608312676
0.16279741498942774 0.17228689251725324
0.16279741498942774 -0.17228689251725324
0.04068496734780909 0.23707180246182888
0.04068496734780909 -0.23707180246182888
-0.2285834844468952 0.0
-0.10140279128386423 0.21224508036084644
-0.10140279128386423 -0.21224508036084644
0.054482486653535875 0.22240135576805833
0.054482486653535875 -0.22240135576805833
-0.15415415379520625 0.17100122254773353
-0.15415415379520625 -0.17100122254773353
-0.024498226899512643 0.22505661991452125
-0.024498226899512643 -0.22505661991452125
-0.18466983132395348 0.13589652820821027
-0.18466983132395348 -0.13589652820821027
-0.13381571560706856 0.1784899447470511
-0.13381571560706856 -0.1784899447470511
-0.20766629622948407 0.09693517929380119
-0.20766629622948407 -0.09693517929380119
-0.11416572645459669 0.1893973469098536
-0.11416572645459669 -0.1893973469098536
0.09902392607494681 0.1986302094181903
0.09902392607494681 -0.1986302094181903
0.22996253425268287 0.0
0.16348183535155986 0.13941829283367072
0.16348183535155986 -0.13941829283367072
0.1995269519911056 0.08215171396918465
0.1995269519911056 -0.08215171396918465
0.2042674109328974 0.04919941293855198
0.2042674109328974 -0.04919941293855198
0.1379219539364632 0.15225373445968457
0.1379219539364632 -0.15225373445968457
0.20505021851333533 0.021002301757177693
0.20505021851333533 -0.021002301757177693
-0.16892998170327667 0.12230967633134865
-0.16892998170327667 -0.12230967633134865
-0.20351403780626015 0.06942845298678756
-0.20351403780626015 -0.06942845298678756
0.1813511639178587 0.09352459717171083
0.1813511639178587 -0.09352459717171083
0.010968097549331736 0.1985431936869649
0.010968097549331736 -0.1985431936869649
-0.20141211894159322 0.0
0.07147523310426464 0.18328461744754934
0.07147523310426464 -0.18328461744754934
-0.04774193351854016 0.18996737519740395
-0.04774193351854016 -0.18996737519740395
-0.191844410123763 0.05418224396622073
-0.191844410123763 -0.05418224396622073
0.1653527238917367 0.11163356199505962
0.1653527238917367 -0.11163356199505962
-0.07682527354505125 0.17854565332553246
-0.07682527354505125 -0.17854565332553246
-0.180792785001018 0.0713149657381304
-0.180792785001018 -0.0713149657381304
-0.1950597692882352 0.022822987636219653
-0.1950597692882352 -0.022822987636219653
-0.17254297106061353 0.0
0.05139189082965228 0.18272667879861498
0.05139189082965228 -0.18272667879861498
0.12825145268868013 0.14057531325754485
0.12825145268868013 -0.14057531325754485
-0.1320562883439491 0.1196800609513695
-0.1320562883439491 -0.1196800609513695
-0.10494959172402725 0.13709749377092115
-0.10494959172402725 -0.13709749377092115
-0.15618466260086375 0.05674847294130687
-0.15618466260086375 -0.05674847294130687
-0.08703687809407692 0.15330781126994242
-0.08703687809407692 -0.15330781126994242
-0.15996181708934892 0.04485800607562639
-0.15996181708934892 -0.04485800607562639
0.12741609214074753 0.1314612093618413
0.12741609214074753 -0.1314612093618413
-0.01798379307638511 0.18075249090680492
-0.01798379307638511 -0.18075249090680492
-0.002769486824349583 0.1792765870671676
-0.002769486824349583 -0.1792765870671676
0.08338616716687401 0.15537782925208596
0.08338616716687401 -0.15537782925208596
0.16331628579434673 0.08330777276348712
0.16331628579434673 -0.08330777276348712
0.17353503612293625 0.0
-0.060359817320238804 0.16435462394999745
-0.060359817320238804 -0.16435462394999745
-0.13747142580627505 0.087139686815311
-0.13747142580627505 -0.087139686815311
0.16701800787232324 0.06580284703924968
0.16701800787232324 -0.06580284703924968
0.004289638800928239 0.17020714486596716
0.004289638800928239 -0.17020714486596716
0.10420070805464379 0.13154994043972662
0.10420070805464379 -0.13154994043972662
0.17158203597778693 0.03356419182529026
0.17158203597778693 -0.03356419182529026
-0.046226289092058455 0.1575433611671858
-0.046226289092058455 -0.1575433611671858
-0.02604543640300434 0.1607309653066921
-0.02604543640300434 -0.1607309653066921
0.06284860098719117 0.14707624213342574
0.06284860098719117 -0.14707624213342574
-0.07144820635241386 0.14175523919656607
-0.07144820635241386 -0.14175523919656607
0.1488133530489351 0.06912639282174445
0.1488133530489351 -0.06912639282174445
0.15611056865875877 0.042147932716291935
0.15611056865875877 -0.042147932716291935
-0.16035264832718502 0.0
-0.1357224562107025 0.08050811420872979
-0.1357224562107025 -0.08050811420872979
-0.12155275000499018 0.09154166335878185
-0.12155275000499018 -0.09154166335878185
-0.14278824128734635 0.025018279491481114
-0.14278824128734635 -0.025018279491481114
-0.13162825670715406 0.04997727517920549
-0.13162825670715406 -0.04997727517920549
-0.11979487383565857 0.07328526111583594
-0.11979487383565857 -0.07328526111583594
-0.08591444163626705 0.11817433316447913
-0.08591444163626705 -0.11817433316447913
-0.10103573580864472 0.09949652685178534
-0.10103573580864472 -0.09949652685178534
-0.03575140764132374 0.14605810535151098
-0.03575140764132374 -0.14605810535151098
-0.06978628504529549 0.12428928391319066
-0.06978628504529549 -0.12428928391319066
0.03902270890697315 0.15385357063439634
0.03902270890697315 -0.15385357063439634
0.012296678902924473 0.15361829402131197
0.012296678902924473 -0.15361829402131197
-0.008937164900465346 0.14771623321076047
-0.008937164900465346 -0.14771623321076047
0.12589809630783633 0.08635363234168711
0.12589809630783633 -0.08635363234168711
0.04907966660751274 0.14076812907601688
0.04907966660751274 -0.14076812907601688
0.1468746846441268 0.007876585216434825
0.1468746846441268 -0.007876585216434825
0.06139512060362125 0.13288838295033406
0.06139512060362125 -0.13288838295033406
0.07672011677135535 0.12063809498706937
0.07672011677135535 -0.12063809498706937
0.0960450131918301 0.10546780875012289
0.0960450131918301 -0.10546780875012289
0.14240494983014962 0.013558350010273914
0.14240494983014962 -0.013558350010273914
0.01910019858149542 0.14386835786391894
0.01910019858149542 -0.14386835786391894
0.11901154461019549 0.07070165936425389
0.11901154461019549 -0.07070165936425389
0.026797134377469584 0.13884919821124114
0.026797134377469584 -0.13884919821124114
0.08831190581488443 0.10140333287481275
0.08831190581488443 -0.10140333287481275
0.12723910542478234 0.051919279347157045
0.12723910542478234 -0.051919279347157045
0.025665344005493085 0.1338047598427593
0.025665344005493085 -0.1338047598427593
0.1269424145742698 0.0
0.12726438658296518 0.03057228303455736
0.12726438658296518 -0.03057228303455736
0.10603065015038138 0.08016937395105829
0.10603065015038138 -0.08016937395105829
-0.041313256199241755 0.1238154370952073
-0.041313256199241755 -0.1238154370952073
0.11202981182910848 0.05990054595069709
0.11202981182910848 -0.05990054595069709
-0.059842382352287435 0.11537756196076758
-0.059842382352287435 -0.11537756196076758
-0.11712361440701662 0.059384377299756805
-0.11712361440701662 -0.059384377299756805
-0.1336786001964232 0.002065520879753967
-0.1336786001964232 -0.002065520879753967
-0.12557122793927492 0.03481360113432173
-0.12557122793927492 -0.03481360113432173
-0.0949798978581225 0.08633103463053582
-0.0949798978581225 -0.08633103463053582
-0.12658598906414237 0.02332707481581145
-0.12658598906414237 -0.02332707481581145
-0.004213121784537248 0.12946941392675004
-0.004213121784537248 -0.12946941392675004
-0.10137894323609978 0.07463593515930389
-0.10137894323609978 -0.07463593515930389
-0.06878178355074083 0.10120237378041184
-0.06878178355074083 -0.10120237378041184
0.09339895229223967 0.0813425687584934
0.09339895229223967 -0.0813425687584934
0.06522764722714877 0.10173307331757377
0.06522764722714877 -0.10173307331757377
0.08479155264453697 0.08319201675945619
0.08479155264453697 -0.08319201675945619
-0.09586135777141733 0.0707408509253337
-0.09586135777141733 -0.0707408509253337
-0.012818381097021811 0.1242351866240505
-0.012818381097021811 -0.1242351866240505
0.04623435198756609 0.11494345296780875
0.04623435198756609 -0.11494345296780875
-0.12288178370342485 0.0015792279465133812
-0.12288178370342485 -0.0015792279465133812
-0.09495721877029993 0.06773836938232942
-0.09495721877029993 -0.06773836938232942
-0.0549860927651605 0.100583365172133
-0.0549860927651605 -0.100583365172133
0.007996124244605269 0.11778117362661081
0.007996124244605269 -0.11778117362661081
0.11669555512379534 0.0
0.10903152227320734 0.044359938257523455
0.10903152227320734 -0.044359938257523455
-0.11604809217192041 0.014310257348002111
-0.11604809217192041 -0.014310257348002111
0.09692625618836484 0.061703057340974136
0.09692625618836484 -0.061703057340974136
0.06722414455613773 0.08914768373793333
0.06722414455613773 -0.08914768373793333
0.11410336939870744 0.011826035974695259
0.11410336939870744 -0.011826035974695259
0.05485907530237988 0.0953965873892677
0.05485907530237988 -0.0953965873892677
-0.04230361574154585 0.10156177019040336
-0.04230361574154585 -0.10156177019040336
0.026823083583520008 0.10845860034915729
0.026823083583520008 -0.10845860034915729
0.04306061492942874 0.10050965103182681
0.04306061492942874 -0.10050965103182681
0.10197328710362324 0.038189355152009274
0.10197328710362324 -0.038189355152009274
0.10618831191397202 0.023532567551131502
0.10618831191397202 -0.023532567551131502
-0.023370625610822066 0.10520119744207324
-0.023370625610822066 -0.10520119744207324
-0.10017998245407164 0.04670621517596709
-0.10017998245407164 -0.04670621517596709
0.01906925022476347 0.10555827821220415
0.01906925022476347 -0.10555827821220415
0.005461145251220899 0.10727818544538151
0.005461145251220899 -0.10727818544538151
0.10560648308808092 0.0
-0.07587843277819371 0.07503934883192165
-0.07587843277819371 -0.07503934883192165
0.09187049208535755 0.04932236483006318
0.09187049208535755 -0.04932236483006318
-0.08166995169098373 0.06587716926529215
-0.08166995169098373 -0.06587716926529215
-0.05962692708159968 0.08269270745996868
-0.05962692708159968 -0.08269270745996868
-0.09897592989336496 0.022203904182714382
-0.09897592989336496 -0.022203904182714382
-0.09873471707598083 0.01042272031790597
-0.09873471707598083 -0.01042272031790597
-0.10071729341732581 0.0
0.04283023003570475 0.09114512618199874
0.04283023003570475 -0.09114512618199874
-0.004022536518457694 0.10183562145231308
-0.004022536518457694 -0.10183562145231308
-0.029175662763042336 0.09427271802587739
-0.029175662763042336 -0.09427271802587739
-0.02249275260082545 0.09633252305971883
-0.02249275260082545 -0.09633252305971883
0.06267625642138298 0.07251109381937502
0.06267625642138298 -0.07251109381937502
0.0966455458740159 0.017466480540650184
0.0966455458740159 -0.017466480540650184
0.09520992136460114 0.0
0.07826205049775528 0.05009865741841907
0.07826205049775528 -0.05009865741841907
-0.04681550132503864 0.08206441026547485
-0.04681550132503864 -0.08206441026547485
-0.07464263540017467 0.054623793317404655
-0.07464263540017467 -0.054623793317404655
-0.06675774751621084 0.06511318406766235
-0.06675774751621084 -0.06511318406766235
0.054637864452630684 0.07334201659420064
0.054637864452630684 -0.07334201659420064
-0.08853272770303905 0.02690087413766348
-0.08853272770303905 -0.02690087413766348
-0.08917363102061662 0.018812131476213197
-0.08917363102061662 -0.018812131476213197
-0.09242337891539613 0.0
0.08890896264432051 0.0
0.026872247498669954 0.08677776391546442
0.026872247498669954 -0.08677776391546442
0.04234798360468406 0.07731678405771393
0.04234798360468406 -0.07731678405771393
0.009786868940618832 0.08910379680894702
0.009786868940618832 -0.08910379680894702
0.07159692209558377 0.04773435101145183
0.07159692209558377 -0.04773435101145183
0.07745882338316559 0.037521623578615354
0.07745882338316559 -0.037521623578615354
-0.055325797470510474 0.06578968735035805
-0.055325797470510474 -0.06578968735035805
-0.038873775042475966 0.07763664673065483
-0.038873775042475966 -0.07763664673065483
-0.013197632524314476 0.08559090728167977
-0.013197632524314476 -0.08559090728167977
-0.027557015384791397 0.08133828795767138
-0.027557015384791397 -0.08133828795767138
0.013942665917757606 0.08247499568076286
0.013942665917757606 -0.08247499568076286
-0.06774266671728965 0.050791345145946104
-0.06774266671728965 -0.050791345145946104
-0.0849544406956529 0.0059302118657018
-0.0849544406956529 -0.0059302118657018
0.04021491893859212 0.07267304078447644
0.04021491893859212 -0.07267304078447644
0.05458891023125746 0.059165509082927
0.05458891023125746 -0.059165509082927
-0.08006526006355447 0.0
0.07088376921210905 0.03712199596686714
0.07088376921210905 -0.03712199596686714
-0.0706833076819686 0.031897070494141026
-0.0706833076819686 -0.031897070494141026
0.07357338278127232 0.025915062566804693
0.07357338278127232 -0.025915062566804693
-0.0599247629162624 0.04504807693522909
-0.0599247629162624 -0.04504807693522909
0.06165098516429209 0.04200593458735595
0.06165098516429209 -0.04200593458735595
0.06826682259427286 0.02153303059182201
0.06826682259427286 -0.02153303059182201
0.04179532824914943 0.061844445661987435
0.04179532824914943 -0.061844445661987435
-0.0398134305217801 0.06444656486125666
-0.0398134305217801 -0.06444656486125666
-0.025814742139023246 0.06886026111427322
-0.025814742139023246 -0.06886026111427322
-0.0007544114025892605 0.07300788412476127
-0.0007544114025892605 -0.07300788412476127
-0.0521497177001894 0.050598625463340645
-0.0521497177001894 -0.050598625463340645
-0.0674063701097985 0.02578487232592298
-0.0674063701097985 -0.02578487232592298
0.018691967694898653 0.06819431160340977
0.018691967694898653 -0.06819431160340977
0.005614072604816215 0.07098181434554438
0.005614072604816215 -0.07098181434554438
0.053233338287316426 0.04219732390696897
0.053233338287316426 -0.04219732390696897
0.04390015907164539 0.04957902778496322
0.04390015907164539 -0.04957902778496322
-0.04954696977232519 0.04526955608047623
-0.04954696977232519 -0.04526955608047623
-0.06953685575516082 0.0109013633090484
-0.06953685575516082 -0.0109013633090484
0.05589742853197144 0.0288586923254475
0.05589742853197144 -0.0288586923254475
-0.033400637985781745 0.051844802402238904
-0.033400637985781745 -0.051844802402238904
-0.0478647019417697 0.038700357780370356
-0.0478647019417697 -0.038700357780370356
0.06631676338539227 0.0
0.05677248415324332 0.022920522979310888
0.05677248415324332 -0.022920522979310888
-0.011377480581593193 0.06295679635803174
-0.011377480581593193 -0.06295679635803174
0.06144290747064887 0.0
0.038279128175227044 0.043409763096987526
0.038279128175227044 -0.043409763096987526
-0.053102634998251755 0.020700403403873247
-0.053102634998251755 -0.020700403403873247
-0.04607272803116289 0.03276325423304823
-0.04607272803116289 -0.03276325423304823
-0.020273730414918704 0.05469515030805838
-0.020273730414918704 -0.05469515030805838
-0.012936649087845642 0.0572345014944855
-0.012936649087845642 -0.0572345014944855
-0.021062401531193993 0.05388493180270576
-0.021062401531193993 -0.05388493180270576
0.02620517720657009 0.05222065194623711
0.02620517720657009 -0.05222065194623711
0.011823456515527339 0.05851434723955062
0.011823456515527339 -0.05851434723955062
-0.05799440622744299 0.0
0.06011420639585876 0.0
0.0076456131081964335 0.056630148940827026
0.0076456131081964335 -0.056630148940827026
-0.05094789770926709 0.012567671608338505
-0.05094789770926709 -0.012567671608338505
-0.03644397769456491 0.03716762760860812
-0.03644397769456491 -0.03716762760860812
0.05086234596835597 0.013558668690615045
0.05086234596835597 -0.013558668690615045
-0.05136635078310344 0.0
-0.04502914494525938 0.017552247701918947
-0.04502914494525938 -0.017552247701918947
0.053623552481094135 0.0
0.006567846560001466 0.05213402793351441
0.006567846560001466 -0.05213402793351441
0.03279471359464811 0.038383815519583274
0.03279471359464811 -0.038383815519583274
0.04073158313389926 0.022744726264427667
0.04073158313389926 -0.022744726264427667
-0.013820229045037538 0.04312346402477875
-0.013820229045037538 -0.04312346402477875
0.015972884334074983 0.04426248695047202
0.015972884334074983 -0.04426248695047202
-0.022332620873901372 0.03605459735196642
-0.022332620873901372 -0.03605459735196642
0.03983150312088801 0.0
0.04089886701315371 0.005847950805038005
0.04089886701315371 -0.005847950805038005
-0.02791198915097503 0.025565692360556946
-0.02791198915097503 -0.025565692360556946
0.02638569016320929 0.03400228715100125
0.02638569016320929 -0.03400228715100125
0.021850220531341346 0.03757007391023027
0.021850220531341346 -0.03757007391023027
0.003890316946103327 0.03864934577621699
0.003890316946103327 -0.03864934577621699
0.03402441995147937 0.0
-0.03160767488918771 0.01723411057125576
-0.03160767488918771 -0.01723411057125576
0.028700940782532318 0.02149688800935636
0.028700940782532318 -0.02149688800935636
-0.02681710691534017 0.018485151703937986
-0.02681710691534017 -0.018485151703937986
-0.0013459687237900326 0.03183550055722169
-0.0013459687237900326 -0.03183550055722169
0.029219691094679243 0.010530742577928572
0.029219691094679243 -0.010530742577928572
-0.014975673097643622 0.02659792038189614
-0.014975673097643622 -0.02659792038189614
0.005941961494937285 0.028610560125926283
0.005941961494937285 -0.028610560125926283
0.017389558266981537 0.022110400622546048
0.017389558266981537 -0.022110400622546048
-0.025336813517755116 0.011532733074064496
-0.025336813517755116 -0.011532733074064496
0.010573108629937504 0.022627418695705274
0.010573108629937504 -0.022627418695705274
0.021659878280105217 0.011955781681930453
0.021659878280105217 -0.011955781681930453
-0.022527403052695072 0.00560173766765669
-0.022527403052695072 -0.00560173766765669
-0.02085644599997236 0.0
-0.01230034832769946 0.01959283287483299
-0.01230034832769946 -0.01959283287483299
0.002450620181794002 0.013870371372226306
0.002450620181794002 -0.013870371372226306
0.01691066715248427 0.0
-0.01604977208535468 0.0
0.011559171214137949 0.0
-0.003359310580020571 0.0
0.005265655185355906 0.0055444412672487585
0.005265655185355906 -0.0055444412672487585
