1.2774370810832263 1.119805895588421
1.2774370810832263 -1.119805895588421
-1.0364576229131504 0.9767085234474339
-1.0364576229131504 -0.9767085234474339
-1.2152405619794795 0.2456157074089261
-1.2152405619794795 -0.2456157074089261
-0.13554798137449828 1.1346725232378483
-0.13554798137449828 -1.1346725232378483
0.8679499933657626 0.6154266246760297
0.8679499933657626 -0.6154266246760297
-0.8451418101852112 0.5346685751356137
-0.8451418101852112 -0.5346685751356137
-0.5523111258019991 0.8412449800361822
-0.5523111258019991 -0.8412449800361822
-0.9858682827829199 0.02481877047961935
-0.9858682827829199 -0.02481877047961935
-0.8738531792369635 0.4459575222284994
-0.8738531792369635 -0.4459575222284994
-0.7046266202780558 0.6829532619823421
-0.7046266202780558 -0.6829532619823421
-0.955413590052622 0.11291721809027233
-0.955413590052622 -0.11291721809027233
-0.9086913564189557 0.33398412027277574
-0.9086913564189557 -0.33398412027277574
-0.8155091091244874 0.5015252089929552
-0.8155091091244874 -0.5015252089929552
-0.9248693628906279 0.23641692753730026
-0.9248693628906279 -0.23641692753730026
-0.13403637748851233 0.9899784071537177
-0.13403637748851233 -0.9899784071537177
-0.5881617689023413 0.7652628596402514
-0.5881617689023413 -0.7652628596402514
-0.20865239302000588 0.970948477706086
-0.20865239302000588 -0.970948477706086
-0.8693079844365235 0.3549901886404408
-0.8693079844365235 -0.3549901886404408
-0.2715738047175567 0.9247050191116025
-0.2715738047175567 -0.9247050191116025
0.34968996033035216 0.9381136359366093
0.34968996033035216 -0.9381136359366093
-0.4704037321357405 0.8108687010316179
-0.4704037321357405 -0.8108687010316179
0.7086438237812643 0.6988231435954311
0.7086438237812643 -0.6988231435954311
0.8163705224055358 0.5672338969501627
0.8163705224055358 -0.5672338969501627
0.9452981187247931 0.28451140321241875
0.9452981187247931 -0.28451140321241875
0.9783142629279844 0.15244299738693926
0.9783142629279844 -0.15244299738693926
0.14452899203113365 0.9547273476464653
0.14452899203113365 -0.9547273476464653
-0.3693107030675855 0.8499890994548526
-0.3693107030675855 -0.8499890994548526
0.9046246006915427 0.37401278913368874
0.9046246006915427 -0.37401278913368874
0.7628007563786239 0.5914128292591486
0.7628007563786239 -0.5914128292591486
0.6048089814473205 0.7407591883297913
0.6048089814473205 -0.7407591883297913
-0.17313115495618617 0.9082865591576404
-0.17313115495618617 -0.9082865591576404
0.8518865354036889 0.4267002442156556
0.8518865354036889 -0.4267002442156556
0.5624011242289884 0.7637561668169668
0.5624011242289884 -0.7637561668169668
0.5135863200445077 0.7932289065850779
0.5135863200445077 -0.7932289065850779
-0.05605958170111841 0.9198134546258916
-0.05605958170111841 -0.9198134546258916
0.3544012782564525 0.8595902616618775
0.3544012782564525 -0.8595902616618775
0.796886334716203 0.49525616694360175
0.796886334716203 -0.49525616694360175
0.250383078294986 0.8890420511484536
0.250383078294986 -0.8890420511484536
0.40246320003733244 0.8286028927583156
0.40246320003733244 -0.8286028927583156
0.4297355879911099 0.8090777493313258
0.4297355879911099 -0.8090777493313258
-0.8714406759411004 0.2761102062227205
-0.8714406759411004 -0.2761102062227205
-0.71545560893159 0.5587638869026927
-0.71545560893159 -0.5587638869026927
0.9393881902063568 0.03815701159367172
0.9393881902063568 -0.03815701159367172
0.6562496803138544 0.6288107642690275
0.6562496803138544 -0.6288107642690275
0.6822826398937909 0.589456619598615
0.6822826398937909 -0.589456619598615
-0.6420600024251046 0.6057563569035721
-0.6420600024251046 -0.6057563569035721
-0.5765321454999304 0.6688398383177445
-0.5765321454999304 -0.6688398383177445
-0.5213403868172511 0.7151117440054893
-0.5213403868172511 -0.7151117440054893
0.8977788025483997 0.2126413138778962
0.8977788025483997 -0.2126413138778962
0.07359395849078867 0.9102240189638889
0.07359395849078867 -0.9102240189638889
0.1819101902247639 0.8836662898081848
0.1819101902247639 -0.8836662898081848
-0.4254368885894513 0.7720788115655921
-0.4254368885894513 -0.7720788115655921
0.6063628371434832 0.616671160875293
0.6063628371434832 -0.616671160875293
-0.8208093734295684 0.3498598951371522
-0.8208093734295684 -0.3498598951371522
0.47016711425220725 0.7251152109399948
0.47016711425220725 -0.7251152109399948
-0.9038035599990063 0.05015379212558128
-0.9038035599990063 -0.05015379212558128
-0.38068877776227206 0.791790017457378
-0.38068877776227206 -0.791790017457378
0.6952796882213006 0.5041078978268615
0.6952796882213006 -0.5041078978268615
-0.625483553106374 0.577007642638331
-0.625483553106374 -0.577007642638331
-0.699218264049958 0.4789659420431262
-0.699218264049958 -0.4789659420431262
0.8918587803624394 0.13838834852714796
0.8918587803624394 -0.13838834852714796
0.8493283611603668 0.2761963290480588
0.8493283611603668 -0.2761963290480588
-0.8766210591632544 0.1613310491416906
-0.8766210591632544 -0.1613310491416906
-0.24523589394530482 0.8356141267863332
-0.24523589394530482 -0.8356141267863332
0.1578472939699453 0.8701670725263162
0.1578472939699453 -0.8701670725263162
-0.4702654357190782 0.6935503313780753
-0.4702654357190782 -0.6935503313780753
-0.5600833951840418 0.6117041118591584
-0.5600833951840418 -0.6117041118591584
-0.14096566972143637 0.8373000652375086
-0.14096566972143637 -0.8373000652375086
-0.05302017633274958 0.8479196881443181
-0.05302017633274958 -0.8479196881443181
0.757549782543976 0.40418031221764517
0.757549782543976 -0.40418031221764517
0.3260628417430278 0.785485967150537
0.3260628417430278 -0.785485967150537
0.14399583998582102 0.8470182281859506
0.14399583998582102 -0.8470182281859506
-0.30324457329212345 0.7709289497028479
-0.30324457329212345 -0.7709289497028479
-0.4141611818963865 0.7067322193337912
-0.4141611818963865 -0.7067322193337912
0.4786415219450812 0.6871886130820909
0.4786415219450812 -0.6871886130820909
0.803108825531426 0.3021160967176231
0.803108825531426 -0.3021160967176231
-0.7490062220486489 0.34242524569414123
-0.7490062220486489 -0.34242524569414123
-0.6999981735713294 0.42887820078372046
-0.6999981735713294 -0.42887820078372046
0.8656143452528033 0.013340948762014642
0.8656143452528033 -0.013340948762014642
-0.8372693719874992 0.0058285426169691415
-0.8372693719874992 -0.0058285426169691415
0.360336944573903 0.7502123634727084
0.360336944573903 -0.7502123634727084
0.8490946399506556 0.08442304803263671
0.8490946399506556 -0.08442304803263671
0.4306439591694824 0.7018244859877512
0.4306439591694824 -0.7018244859877512
-0.6291431635942819 0.4933122519865417
-0.6291431635942819 -0.4933122519865417
0.7472981208936542 0.3428318295462951
0.7472981208936542 -0.3428318295462951
0.1551838127120339 0.8224235067889643
0.1551838127120339 -0.8224235067889643
0.6544506178041284 0.4714743635237393
0.6544506178041284 -0.4714743635237393
-0.0009256253859846394 0.8215450535205773
-0.0009256253859846394 -0.8215450535205773
0.24894552673796294 0.785135803016757
0.24894552673796294 -0.785135803016757
0.581738345773715 0.5470783556060423
0.581738345773715 -0.5470783556060423
-0.26335372627327175 0.7711122722786753
-0.26335372627327175 -0.7711122722786753
0.7969477891551807 0.1571802615725417
0.7969477891551807 -0.1571802615725417
-0.0675473136775081 0.8070361631371228
-0.0675473136775081 -0.8070361631371228
0.8096474122317336 0.0921058262261224
0.8096474122317336 -0.0921058262261224
-0.6669247150029807 0.4076272649231605
-0.6669247150029807 -0.4076272649231605
-0.45164858249025036 0.6180151731853578
-0.45164858249025036 -0.6180151731853578
-0.7776842244540895 0.19826633573686642
-0.7776842244540895 -0.19826633573686642
-0.8040436098204129 0.0
0.5068553506430266 0.5638195589602767
0.5068553506430266 -0.5638195589602767
-0.4485718495063986 0.6003206967940444
-0.4485718495063986 -0.6003206967940444
-0.783367007898726 0.15902788333180626
-0.783367007898726 -0.15902788333180626
0.6418677607293597 0.4002187061418729
0.6418677607293597 -0.4002187061418729
-0.7973482067982293 0.08494041283242947
-0.7973482067982293 -0.08494041283242947
-0.7558295499340275 0.20243670325893337
-0.7558295499340275 -0.20243670325893337
-0.7081040039452632 0.33314420807951645
-0.7081040039452632 -0.33314420807951645
-0.15702325794939098 0.7751343349134999
-0.15702325794939098 -0.7751343349134999
-0.25951304471519077 0.7334579772138677
-0.25951304471519077 -0.7334579772138677
-0.6132064068645742 0.41090464960120804
-0.6132064068645742 -0.41090464960120804
0.3290997134341478 0.6978888510763517
0.3290997134341478 -0.6978888510763517
-0.04891112126660069 0.7609718831092607
-0.04891112126660069 -0.7609718831092607
0.7828198838895186 0.0893544254013594
0.7828198838895186 -0.0893544254013594
0.0673397305264227 0.7540152327699214
0.0673397305264227 -0.7540152327699214
-0.526215498885384 0.5023202292903263
-0.526215498885384 -0.5023202292903263
0.6837447086758621 0.33758619304415327
0.6837447086758621 -0.33758619304415327
0.733798763405691 0.23265770267024752
0.733798763405691 -0.23265770267024752
0.39915918238161685 0.6352366167936782
0.39915918238161685 -0.6352366167936782
-0.45982181910439157 0.545474921823528
-0.45982181910439157 -0.545474921823528
0.5773888236243876 0.45220295592909476
0.5773888236243876 -0.45220295592909476
0.611564609149507 0.40293078370907026
0.611564609149507 -0.40293078370907026
0.4785370863111969 0.5491817894052639
0.4785370863111969 -0.5491817894052639
0.13294003215241712 0.7295405866596812
0.13294003215241712 -0.7295405866596812
0.7383581100220672 0.0
0.7273323035329948 0.1158586702730025
0.7273323035329948 -0.1158586702730025
0.6726850749247286 0.2616894221708738
0.6726850749247286 -0.2616894221708738
-0.28432021722849665 0.663199593390305
-0.28432021722849665 -0.663199593390305
-0.5633880646257161 0.4307055552580423
-0.5633880646257161 -0.4307055552580423
-0.6614741771354298 0.2838554513892508
-0.6614741771354298 -0.2838554513892508
-0.7283555737686644 0.04714752244523368
-0.7283555737686644 -0.04714752244523368
0.3399067195410387 0.621850525118721
0.3399067195410387 -0.621850525118721
-0.1665131182050401 0.6958676419527702
-0.1665131182050401 -0.6958676419527702
0.01726510352290489 0.714236006101581
0.01726510352290489 -0.714236006101581
-0.2952082646328632 0.6326200668307858
-0.2952082646328632 -0.6326200668307858
0.5613634307464532 0.3802414075363915
0.5613634307464532 -0.3802414075363915
-0.7219133417232129 0.07918692743062941
-0.7219133417232129 -0.07918692743062941
-0.6814441301415838 0.21043422358935476
-0.6814441301415838 -0.21043422358935476
0.1474721791737384 0.6918167612094118
0.1474721791737384 -0.6918167612094118
0.21119089460256574 0.6709154220622784
0.21119089460256574 -0.6709154220622784
0.5779960805183073 0.3406915521750918
0.5779960805183073 -0.3406915521750918
-0.3668209018841211 0.5693461480184197
-0.3668209018841211 -0.5693461480184197
0.7117319860859805 0.03199674765221569
0.7117319860859805 -0.03199674765221569
-0.4268765763000149 0.508834745436943
-0.4268765763000149 -0.508834745436943
0.6957084406578317 0.0
-0.5531175170645826 0.36581010513267775
-0.5531175170645826 -0.36581010513267775
0.39880180459509945 0.5033880291645905
0.39880180459509945 -0.5033880291645905
0.6543605918577176 0.18147086219365094
0.6543605918577176 -0.18147086219365094
-0.6912106335807521 0.0
0.6297909755249641 0.23657509882240285
0.6297909755249641 -0.23657509882240285
0.6423859154541345 0.0767693951487306
0.6423859154541345 -0.0767693951487306
-0.004631703567475748 0.6764892233075545
-0.004631703567475748 -0.6764892233075545
-0.19145260448784832 0.6386787464105179
-0.19145260448784832 -0.6386787464105179
-0.15950258741948173 0.640618199336438
-0.15950258741948173 -0.640618199336438
0.5886895831206624 0.21873808273554593
0.5886895831206624 -0.21873808273554593
-0.11247554782057284 0.6460457697071901
-0.11247554782057284 -0.6460457697071901
-0.3584246980079977 0.5403092082218833
-0.3584246980079977 -0.5403092082218833
0.46271579488332104 0.41756341746495257
0.46271579488332104 -0.41756341746495257
0.4051849901105979 0.4653435655694205
0.4051849901105979 -0.4653435655694205
0.008657784081244693 0.6389611024441344
0.008657784081244693 -0.6389611024441344
0.060563418407754616 0.6327159418717134
0.060563418407754616 -0.6327159418717134
0.22373636389763385 0.5838379233049656
0.22373636389763385 -0.5838379233049656
0.1594606383870213 0.6101887296130537
0.1594606383870213 -0.6101887296130537
0.2639372923482357 0.5584572400670776
0.2639372923482357 -0.5584572400670776
-0.6317326304766918 0.13582689025914557
-0.6317326304766918 -0.13582689025914557
-0.5678069434135147 0.2984495960587167
-0.5678069434135147 -0.2984495960587167
-0.48746219302974003 0.36792711511170767
-0.48746219302974003 -0.36792711511170767
-0.6202691029012848 0.06969508486162372
-0.6202691029012848 -0.06969508486162372
-0.2887842856557682 0.5321102685416362
-0.2887842856557682 -0.5321102685416362
-0.5573497395606138 0.25204862585940574
-0.5573497395606138 -0.25204862585940574
-0.5748655427750234 0.2019166570399212
-0.5748655427750234 -0.2019166570399212
-0.4253446473873207 0.41654675659680257
-0.4253446473873207 -0.41654675659680257
0.3698216292872748 0.47169135366360315
0.3698216292872748 -0.47169135366360315
0.5804148526245174 0.16544074707920498
0.5804148526245174 -0.16544074707920498
-0.4129287121691793 0.4255951421722194
-0.4129287121691793 -0.4255951421722194
-0.570595103472983 0.12160349875408615
-0.570595103472983 -0.12160349875408615
0.5727713870221074 0.07582806805685804
0.5727713870221074 -0.07582806805685804
0.035589718758809244 0.5778524893251918
0.035589718758809244 -0.5778524893251918
0.2734738213323076 0.5036018403784156
0.2734738213323076 -0.5036018403784156
0.10438239568995814 0.5695708628571182
0.10438239568995814 -0.5695708628571182
-0.29867677374615703 0.4843361815974143
-0.29867677374615703 -0.4843361815974143
0.3853994582360799 0.40514674423147784
0.3853994582360799 -0.40514674423147784
-0.06982686165854846 0.5561664534816575
-0.06982686165854846 -0.5561664534816575
-0.45680316751553485 0.2895288520269461
-0.45680316751553485 -0.2895288520269461
-0.20058887515775564 0.5121277484038387
-0.20058887515775564 -0.5121277484038387
0.5590612640880291 0.0
-0.5249906473126462 0.07919778748195885
-0.5249906473126462 -0.07919778748195885
0.5079353864923462 0.23175401170201634
0.5079353864923462 -0.23175401170201634
0.44887754831876714 0.3177242848077779
0.44887754831876714 -0.3177242848077779
0.4829190024359011 0.27893051657339357
0.4829190024359011 -0.27893051657339357
0.18348952168536647 0.5112346294638114
0.18348952168536647 -0.5112346294638114
-0.00311565919173884 0.5528897792326013
-0.00311565919173884 -0.5528897792326013
0.5243582540876619 0.16341892838750194
0.5243582540876619 -0.16341892838750194
-0.4935844384940326 0.20460616095222475
-0.4935844384940326 -0.20460616095222475
0.3422679413125787 0.41740134918419164
0.3422679413125787 -0.41740134918419164
-0.026822109503788577 0.5322777264410804
-0.026822109503788577 -0.5322777264410804
-0.12392350645393466 0.5173552864740916
-0.12392350645393466 -0.5173552864740916
0.5087975612939143 0.0
0.39419428829762215 0.3095660355659453
0.39419428829762215 -0.3095660355659453
0.4435948713388349 0.20749245109409403
0.4435948713388349 -0.20749245109409403
-0.3770429337679535 0.35642290025572865
-0.3770429337679535 -0.35642290025572865
-0.32367341989939125 0.3956278207917333
-0.32367341989939125 -0.3956278207917333
-0.005656796908974017 0.5115769333704452
-0.005656796908974017 -0.5115769333704452
-0.17158462856421616 0.47565501363589824
-0.17158462856421616 -0.47565501363589824
0.2074709193289201 0.46174303842095
0.2074709193289201 -0.46174303842095
-0.4984593768106666 0.0
-0.4600157070484174 0.16046935814240448
-0.4600157070484174 -0.16046935814240448
-0.20230978623715506 0.42871793595072216
-0.20230978623715506 -0.42871793595072216
-0.47882051106174117 0.05067010716669644
-0.47882051106174117 -0.05067010716669644
-0.47986639157688815 0.025116335722865535
-0.47986639157688815 -0.025116335722865535
0.23134769442901032 0.4163260044584495
0.23134769442901032 -0.4163260044584495
0.1643917991368063 0.44090441906673145
0.1643917991368063 -0.44090441906673145
0.07356129114610396 0.4599071605465167
0.07356129114610396 -0.4599071605465167
0.29827798331440947 0.3544478568022419
0.29827798331440947 -0.3544478568022419
0.4568692920211096 0.0
0.3923402918889139 0.22326990603507266
0.3923402918889139 -0.22326990603507266
0.3494401345578455 0.27888194338455385
0.3494401345578455 -0.27888194338455385
0.44321264107688507 0.09230218763416848
0.44321264107688507 -0.09230218763416848
0.35147069174785617 0.2507908704739069
0.35147069174785617 -0.2507908704739069
0.06677892294661827 0.44075163237439235
0.06677892294661827 -0.44075163237439235
0.41307555630488 0.12416220145638697
0.41307555630488 -0.12416220145638697
0.21280674007848818 0.3641165634867928
0.21280674007848818 -0.3641165634867928
-0.15278146026856088 0.4185728345767871
-0.15278146026856088 -0.4185728345767871
-0.09367233662970324 0.4252019870550861
-0.09367233662970324 -0.4252019870550861
0.42069123001032394 0.026689659586026544
0.42069123001032394 -0.026689659586026544
-0.41974355964455445 0.13888246177492433
-0.41974355964455445 -0.13888246177492433
-0.3450312711103177 0.2827328453551437
-0.3450312711103177 -0.2827328453551437
-0.3227107817571991 0.29206245083296556
-0.3227107817571991 -0.29206245083296556
-0.37357065077550267 0.20952023694828367
-0.37357065077550267 -0.20952023694828367
-0.18071092065122596 0.3739207011419862
-0.18071092065122596 -0.3739207011419862
-0.288630797909572 0.3021532877137559
-0.288630797909572 -0.3021532877137559
0.021035390787935898 0.4176725512635332
0.021035390787935898 -0.4176725512635332
-0.3393405183474352 0.24331735164306148
-0.3393405183474352 -0.24331735164306148
-0.3810241743479142 0.11979310568198542
-0.3810241743479142 -0.11979310568198542
-0.22104483871398856 0.32407622239008593
-0.22104483871398856 -0.32407622239008593
0.10563236557935266 0.3719408728714327
0.10563236557935266 -0.3719408728714327
-0.07634164630472468 0.38145937204840996
-0.07634164630472468 -0.38145937204840996
-0.36857895685170095 0.0
0.20388606187728914 0.31616432295234537
0.20388606187728914 -0.31616432295234537
-0.32807817651503746 0.17438698115038984
-0.32807817651503746 -0.17438698115038984
-0.12419324058224232 0.3550872655461111
-0.12419324058224232 -0.3550872655461111
0.3215089200405562 0.19570240561403263
0.3215089200405562 -0.19570240561403263
-0.3447286526103819 0.11520227658911283
-0.3447286526103819 -0.11520227658911283
-0.2427414099500928 0.2675131598615982
-0.2427414099500928 -0.2675131598615982
0.3705086951678424 0.0
0.10220303321880567 0.3537399837811027
0.10220303321880567 -0.3537399837811027
-0.17315032563900268 0.3164548722437892
-0.17315032563900268 -0.3164548722437892
0.24226124464053103 0.2596238989983899
0.24226124464053103 -0.2596238989983899
0.025766325182307794 0.3564696383283663
0.025766325182307794 -0.3564696383283663
0.31699528745825345 0.0
0.34202648796639196 0.028367976084446116
0.34202648796639196 -0.028367976084446116
0.2932338400244273 0.16477859280493296
0.2932338400244273 -0.16477859280493296
0.3093203786051033 0.12444460846411157
0.3093203786051033 -0.12444460846411157
-0.10665370900975978 0.3171268434360117
-0.10665370900975978 -0.3171268434360117
-0.3327635611930089 0.01583240969542519
-0.3327635611930089 -0.01583240969542519
0.11718468285240785 0.3052876508418649
0.11718468285240785 -0.3052876508418649
-0.3164145306401007 0.04656884233721185
-0.3164145306401007 -0.04656884233721185
0.31023163520925 0.06868925039766208
0.31023163520925 -0.06868925039766208
-0.0034367421094834427 0.3172607150902244
-0.0034367421094834427 -0.3172607150902244
-0.05492120124821276 0.3101868260172176
-0.05492120124821276 -0.3101868260172176
-0.20656225397190134 0.23185107074421374
-0.20656225397190134 -0.23185107074421374
0.17002213074176237 0.2601204353969288
0.17002213074176237 -0.2601204353969288
0.0669599693713367 0.2933660876898209
0.0669599693713367 -0.2933660876898209
0.04193879181706167 0.2942944199840891
0.04193879181706167 -0.2942944199840891
-0.2237430334649599 0.196390400696583
-0.2237430334649599 -0.196390400696583
-0.13573138140504254 0.2616854686891803
-0.13573138140504254 -0.2616854686891803
0.17382342470688128 0.23946228839145572
0.17382342470688128 -0.23946228839145572
-0.27919425134785925 0.08367928083617186
-0.27919425134785925 -0.08367928083617186
0.23079295790638688 0.16933608765934235
0.23079295790638688 -0.16933608765934235
0.27144792257157546 0.07797454170197794
0.27144792257157546 -0.07797454170197794
0.25549432111851433 0.12373071447799322
0.25549432111851433 -0.12373071447799322
-0.2427712352372226 0.14634770740076855
-0.2427712352372226 -0.14634770740076855
0.2674381540792826 0.0
0.1665965938485952 0.20944580818882122
0.1665965938485952 -0.20944580818882122
-0.22551031021779583 0.1457587647595984
-0.22551031021779583 -0.1457587647595984
0.14439234522376598 0.22161031572067563
0.14439234522376598 -0.22161031572067563
-0.06823644191311903 0.2565885967113019
-0.06823644191311903 -0.2565885967113019
-0.1733824393864003 0.1959380062579021
-0.1733824393864003 -0.1959380062579021
-0.1339794031831255 0.21821087711750278
-0.1339794031831255 -0.21821087711750278
0.1855013538617028 0.1824853049343099
0.1855013538617028 -0.1824853049343099
-0.052328250347125585 0.24878344442042738
-0.052328250347125585 -0.24878344442042738
-0.1876260835477539 0.1715311283555778
-0.1876260835477539 -0.1715311283555778
-0.2629041579080785 0.0
-0.25433351690242223 0.0
0.2028690916517166 0.14709043340674624
0.2028690916517166 -0.14709043340674624
-0.24972699435961163 0.03242113543419843
-0.24972699435961163 -0.03242113543419843
0.25046043128223094 0.0
0.038874285655086625 0.23961796790402812
0.038874285655086625 -0.23961796790402812
0.09815371673133014 0.22231847407028155
0.09815371673133014 -0.22231847407028155
0.2135972352655881 0.11361334336990862
0.2135972352655881 -0.11361334336990862
-0.23045091843505228 0.062408005978681146
-0.23045091843505228 -0.062408005978681146
0.11742735516693871 0.19416192180485875
0.11742735516693871 -0.19416192180485875
-0.20599886813671267 0.1206110815858641
-0.20599886813671267 -0.1206110815858641
0.22131953192256315 0.020486061118679823
0.22131953192256315 -0.020486061118679823
-0.043731366375396645 0.22569544596836627
-0.043731366375396645 -0.22569544596836627
0.19912524037942678 0.09854762923325185
0.19912524037942678 -0.09854762923325185
0.035393870797258 0.21907249005464816
0.035393870797258 -0.21907249005464816
0.14845799238281565 0.1574794683561117
0.14845799238281565 -0.1574794683561117
0.2075177317317884 0.0
0.09875076774511829 0.18409811555657962
0.09875076774511829 -0.18409811555657962
0.1737306127153187 0.10698219424153985
0.1737306127153187 -0.10698219424153985
0.19534773541573858 0.05605629506983909
0.19534773541573858 -0.05605629506983909
0.17835611891571398 0.09489581059313895
0.17835611891571398 -0.09489581059313895
-0.15770776975723785 0.15809707941818638
-0.15770776975723785 -0.15809707941818638
-0.08834572454762475 0.1981147990683746
-0.08834572454762475 -0.1981147990683746
0.06980378209411953 0.187299163447027
0.06980378209411953 -0.187299163447027
-0.06100710904948932 0.1988404301491488
-0.06100710904948932 -0.1988404301491488
-0.21670046148440913 0.0
0.04183321880141161 0.1938111403699428
0.04183321880141161 -0.1938111403699428
-0.03722899117672501 0.19773743348289072
-0.03722899117672501 -0.19773743348289072
-0.20815808142174033 0.05657357699873854
-0.20815808142174033 -0.05657357699873854
-0.12261714590814463 0.1657893680170561
-0.12261714590814463 -0.1657893680170561
-0.16478701870007637 0.11322107619157186
-0.16478701870007637 -0.11322107619157186
-0.11815128580520978 0.15971758567778965
-0.11815128580520978 -0.15971758567778965
-0.1745509299237567 0.09150702953408588
-0.1745509299237567 -0.09150702953408588
-0.19777618085191503 0.016454406035000344
-0.19777618085191503 -0.016454406035000344
-0.1900139693396742 0.04695783021894686
-0.1900139693396742 -0.04695783021894686
-0.08146497810876219 0.17629365134998762
-0.08146497810876219 -0.17629365134998762
-0.1297109418141253 0.13509815645854303
-0.1297109418141253 -0.13509815645854303
0.11900079315265835 0.14269733004437854
0.11900079315265835 -0.14269733004437854
0.17972970429306095 0.05275814062923629
0.17972970429306095 -0.05275814062923629
0.177266447045258 0.018597358782813194
0.177266447045258 -0.018597358782813194
-0.03523019078770181 0.17814840944219343
-0.03523019078770181 -0.17814840944219343
0.16649624271667313 0.06449196917963237
0.16649624271667313 -0.06449196917963237
0.0026308323572416387 0.1828666497940715
0.0026308323572416387 -0.1828666497940715
-0.14701683444988864 0.09916495757062879
-0.14701683444988864 -0.09916495757062879
0.06166402537880519 0.16740516613686435
0.06166402537880519 -0.16740516613686435
0.03292713067986561 0.1752730348693433
0.03292713067986561 -0.1752730348693433
-0.1644527474969445 0.014909829970860359
-0.1644527474969445 -0.014909829970860359
0.08668172147460254 0.14982472013120213
0.08668172147460254 -0.14982472013120213
-0.15381573318033337 0.07512787961398588
-0.15381573318033337 -0.07512787961398588
-0.08671346550938064 0.14551563780554033
-0.08671346550938064 -0.14551563780554033
0.12771468151351567 0.1135466521977727
0.12771468151351567 -0.1135466521977727
0.13766304392456397 0.0989096232842227
0.13766304392456397 -0.0989096232842227
-0.14844500497965663 0.06841731699263909
-0.14844500497965663 -0.06841731699263909
-0.008658072278902529 0.1658767819009603
-0.008658072278902529 -0.1658767819009603
-0.022962118316332387 0.16366598039782948
-0.022962118316332387 -0.16366598039782948
-0.12100608822738892 0.10851050653814878
-0.12100608822738892 -0.10851050653814878
0.10435067121930616 0.1257203658500794
0.10435067121930616 -0.1257203658500794
0.13483855992056953 0.08619293313282629
0.13483855992056953 -0.08619293313282629
0.03817033970625017 0.15587316919075667
0.03817033970625017 -0.15587316919075667
0.021487866807531102 0.15862853321322362
0.021487866807531102 -0.15862853321322362
-0.09445862819370715 0.12235514464417367
-0.09445862819370715 -0.12235514464417367
0.10953882436033249 0.11108331912395926
0.10953882436033249 -0.11108331912395926
-0.1356273082796699 0.07268434784696062
-0.1356273082796699 -0.07268434784696062
0.14520846532075207 0.04585996418267615
0.14520846532075207 -0.04585996418267615
-0.15345279063810585 0.009114988588534264
-0.15345279063810585 -0.009114988588534264
-0.1448234520149234 0.03604508907054058
-0.1448234520149234 -0.03604508907054058
-0.1437398411375718 0.0
0.14966016531332293 0.009488855884627915
0.14966016531332293 -0.009488855884627915
0.1463308120806692 0.03502681064485249
0.1463308120806692 -0.03502681064485249
0.14863665387128228 0.01646877737304325
0.14863665387128228 -0.01646877737304325
-0.005737921327707548 0.15296050125437383
-0.005737921327707548 -0.15296050125437383
-0.0494500456088225 0.1388788140187423
-0.0494500456088225 -0.1388788140187423
0.1209215968550135 0.08635026161516281
0.1209215968550135 -0.08635026161516281
0.059365785264184956 0.13547374577487506
0.059365785264184956 -0.13547374577487506
-0.0063892522517759245 0.14559892886634007
-0.0063892522517759245 -0.14559892886634007
0.12730654682910542 0.07402581183257612
0.12730654682910542 -0.07402581183257612
0.041051190630694706 0.13929604128303527
0.041051190630694706 -0.13929604128303527
0.06942281735818828 0.12723645889908458
0.06942281735818828 -0.12723645889908458
-0.07229116789694823 0.12690763033682542
-0.07229116789694823 -0.12690763033682542
-0.09030411707525089 0.1108608887135308
-0.09030411707525089 -0.1108608887135308
0.1306579209853178 0.05594377923519151
0.1306579209853178 -0.05594377923519151
-0.1070390177386802 0.08955173743920483
-0.1070390177386802 -0.08955173743920483
-0.1246751787001414 0.061921771034772054
-0.1246751787001414 -0.061921771034772054
0.09310514554160589 0.10493913959454604
0.09310514554160589 -0.10493913959454604
-0.0645280687478972 0.12170405795502481
-0.0645280687478972 -0.12170405795502481
0.07886409682336477 0.11193711163265785
0.07886409682336477 -0.11193711163265785
0.10097676634539163 0.08535808883357006
0.10097676634539163 -0.08535808883357006
-0.11039027743750543 0.06714750728776205
-0.11039027743750543 -0.06714750728776205
-0.08229906835177721 0.09852916670761241
-0.08229906835177721 -0.09852916670761241
-0.12711663988622204 0.0
-0.12354842829843751 0.03337234337006132
-0.12354842829843751 -0.03337234337006132
-0.11516966208129187 0.0481383682327695
-0.11516966208129187 -0.0481383682327695
-0.12277972409139434 0.016565824887823186
-0.12277972409139434 -0.016565824887823186
-0.07892180795082213 0.10036883756634268
-0.07892180795082213 -0.10036883756634268
-0.09186733677932764 0.08163465170330204
-0.09186733677932764 -0.08163465170330204
-0.02945570173655162 0.12479641627954632
-0.02945570173655162 -0.12479641627954632
0.04434300844988265 0.12173310994820105
0.04434300844988265 -0.12173310994820105
-0.035197929383493115 0.11970756199304934
-0.035197929383493115 -0.11970756199304934
-0.0024801528262556154 0.12801133354996783
-0.0024801528262556154 -0.12801133354996783
0.11549279519501865 0.052486619435402046
0.11549279519501865 -0.052486619435402046
0.06917911948771238 0.09910022913919893
0.06917911948771238 -0.09910022913919893
0.08930214904310504 0.08167927897020417
0.08930214904310504 -0.08167927897020417
0.0966775326884187 0.07417618595642395
0.0966775326884187 -0.07417618595642395
0.12375564979325021 0.025790880390038764
0.12375564979325021 -0.025790880390038764
-0.09623091244298279 0.06830570302566712
-0.09623091244298279 -0.06830570302566712
0.015788472385011507 0.12346470377360057
0.015788472385011507 -0.12346470377360057
0.09671179138137775 0.06540466194647253
0.09671179138137775 -0.06540466194647253
0.12436151764466431 0.0017247429709522466
0.12436151764466431 -0.0017247429709522466
-0.05238896418109679 0.09981281058320114
-0.05238896418109679 -0.09981281058320114
-0.016178553152545953 0.11742489316520392
-0.016178553152545953 -0.11742489316520392
0.11047041285358551 0.023591748561496387
0.11047041285358551 -0.023591748561496387
0.11071579154641879 0.0
0.03183803770809224 0.11418455955898724
0.03183803770809224 -0.11418455955898724
-0.10618206122553192 0.030773730795913373
-0.10618206122553192 -0.030773730795913373
0.10193837424524993 0.03157161422848849
0.10193837424524993 -0.03157161422848849
0.09771098145341728 0.03907579626329757
0.09771098145341728 -0.03907579626329757
-0.08923203207334571 0.057335763575864035
-0.08923203207334571 -0.057335763575864035
0.021037662031187263 0.11229015216589087
0.021037662031187263 -0.11229015216589087
-0.06322780188852621 0.08822285670316676
-0.06322780188852621 -0.08822285670316676
-0.10839606222202383 0.007021929720061524
-0.10839606222202383 -0.007021929720061524
-0.06082973672013772 0.08685207203021372
-0.06082973672013772 -0.08685207203021372
-0.07557989985278163 0.07000375066200493
-0.07557989985278163 -0.07000375066200493
0.013670003615985124 0.108426086680621
0.013670003615985124 -0.108426086680621
-0.036452874927725046 0.10189377750557842
-0.036452874927725046 -0.10189377750557842
0.045391293814229454 0.09830261283848686
0.045391293814229454 -0.09830261283848686
0.0808448318632468 0.06293535611636808
0.0808448318632468 -0.06293535611636808
0.05260516436505449 0.09437428111918339
0.05260516436505449 -0.09437428111918339
-0.10376353968434424 0.01275632940519554
-0.10376353968434424 -0.01275632940519554
-0.04288933875804772 0.09685007528292093
-0.04288933875804772 -0.09685007528292093
0.026238604538565694 0.10430550114829629
0.026238604538565694 -0.10430550114829629
0.061639224821679474 0.08174169334240516
0.061639224821679474 -0.08174169334240516
-0.09689378555217701 0.026491044687601755
-0.09689378555217701 -0.026491044687601755
-0.023119176931650602 0.10006943252196156
-0.023119176931650602 -0.10006943252196156
0.054883327368622975 0.08554419483806501
0.054883327368622975 -0.08554419483806501
-0.0008195910950516555 0.10129946892038065
-0.0008195910950516555 -0.10129946892038065
0.09950165103826968 0.0
0.0867420573415641 0.04555136325164736
0.0867420573415641 -0.04555136325164736
0.01692650719230098 0.09589417742270596
0.01692650719230098 -0.09589417742270596
-0.0648944192339116 0.07143514038956715
-0.0648944192339116 -0.07143514038956715
-0.0820900907075717 0.048963877970363466
-0.0820900907075717 -0.048963877970363466
0.09600652196331705 0.0
-0.09446217497145389 0.0
0.07561473490962768 0.048754931083579534
0.07561473490962768 -0.048754931083579534
-0.08384813163603802 0.03582533111983677
-0.08384813163603802 -0.03582533111983677
-0.08508445567110992 0.02549759506311536
-0.08508445567110992 -0.02549759506311536
0.03965328005884284 0.0836460588138527
0.03965328005884284 -0.0836460588138527
-0.025144487314142174 0.08840517881423209
-0.025144487314142174 -0.08840517881423209
-0.0613056765634636 0.06338267776319885
-0.0613056765634636 -0.06338267776319885
-0.00012181505428584052 0.09226758432721323
-0.00012181505428584052 -0.09226758432721323
0.043514192824932144 0.07558225810474223
0.043514192824932144 -0.07558225810474223
-0.013121628763410999 0.09049035461403418
-0.013121628763410999 -0.09049035461403418
-0.0428783571079455 0.07899694264554168
-0.0428783571079455 -0.07899694264554168
-0.011659670907512385 0.08781917421991815
-0.011659670907512385 -0.08781917421991815
0.08156413882371917 0.033511892790293374
0.08156413882371917 -0.033511892790293374
0.08257933942330697 0.018568901107189343
0.08257933942330697 -0.018568901107189343
0.010416210771193759 0.08669115726039717
0.010416210771193759 -0.08669115726039717
0.02505069360656379 0.08269616453329635
0.02505069360656379 -0.08269616453329635
-0.0752945755762855 0.03409526169592499
-0.0752945755762855 -0.03409526169592499
-0.06129757062372572 0.05548281757105707
-0.06129757062372572 -0.05548281757105707
0.04005673378148891 0.07374378900761086
0.04005673378148891 -0.07374378900761086
0.05131427702291223 0.060675660789324196
0.05131427702291223 -0.060675660789324196
0.05845354099781234 0.05352569982876905
0.05845354099781234 -0.05352569982876905
0.06649103380532663 0.04294378153183134
0.06649103380532663 -0.04294378153183134
-0.03908604278048453 0.0687633110240912
-0.03908604278048453 -0.0687633110240912
-0.07779427171044336 0.0
-0.07226418334074901 0.034558329421706994
-0.07226418334074901 -0.034558329421706994
-0.05946781374392393 0.049834799147732874
-0.05946781374392393 -0.049834799147732874
0.07819800436312993 0.0035077725845624893
0.07819800436312993 -0.0035077725845624893
-0.07481777301409237 0.022338492270893087
-0.07481777301409237 -0.022338492270893087
-0.07496581709031813 0.013963571425416703
-0.07496581709031813 -0.013963571425416703
0.07357207162883597 0.014493768673514233
0.07357207162883597 -0.014493768673514233
0.06928336118643387 0.023341613520688784
0.06928336118643387 -0.023341613520688784
0.06404120218401048 0.033740489280927384
0.06404120218401048 -0.033740489280927384
0.06922105281221261 0.0
0.036469977806388554 0.060552315346166286
0.036469977806388554 -0.060552315346166286
0.04299101993584777 0.054505001090701534
0.04299101993584777 -0.054505001090701534
-0.05696136419248633 0.0399374779127132
-0.05696136419248633 -0.0399374779127132
-0.023613078733738396 0.0695187372491285
-0.023613078733738396 -0.0695187372491285
-0.039906220745349316 0.05849306676178193
-0.039906220745349316 -0.05849306676178193
-0.0502841238992465 0.0443751663642709
-0.0502841238992465 -0.0443751663642709
0.004771353286779698 0.07016590759956987
0.004771353286779698 -0.07016590759956987
0.019614430706940116 0.06573224839370377
0.019614430706940116 -0.06573224839370377
-0.03581297023902155 0.05722103579350814
-0.03581297023902155 -0.05722103579350814
-0.009843944818908846 0.07091185521072065
-0.009843944818908846 -0.07091185521072065
0.05024416309061634 0.04252479137131026
0.05024416309061634 -0.04252479137131026
-0.014941152361247306 0.0662683033363193
-0.014941152361247306 -0.0662683033363193
0.051059070669674314 0.03276040114623144
0.051059070669674314 -0.03276040114623144
-0.03442085898188439 0.049088844727755564
-0.03442085898188439 -0.049088844727755564
-0.02233670625014813 0.06042720255225448
-0.02233670625014813 -0.06042720255225448
-0.0652306243327568 0.0
0.06418633342405697 0.0
0.016315277550562793 0.06086078308357198
0.016315277550562793 -0.06086078308357198
-0.055795569169040965 0.019223536727096754
-0.055795569169040965 -0.019223536727096754
-0.05757200901028402 0.012477436583566625
-0.05757200901028402 -0.012477436583566625
-0.048322563622293827 0.02613338327723835
-0.048322563622293827 -0.02613338327723835
-0.057527290093739476 0.0
0.011439635108464909 0.0567642078912727
0.011439635108464909 -0.0567642078912727
0.028377905739268787 0.047263478618765536
0.028377905739268787 -0.047263478618765536
0.04119168642466827 0.03569627935781264
0.04119168642466827 -0.03569627935781264
-0.05657951154986266 0.0
0.02154446365358418 0.04884344719268156
0.02154446365358418 -0.04884344719268156
-0.0018404081713847909 0.05446739938833755
-0.0018404081713847909 -0.05446739938833755
0.049165089534559475 0.020607522465997088
0.049165089534559475 -0.020607522465997088
0.05114236148617399 0.01689076459037854
0.05114236148617399 -0.01689076459037854
-0.01084591256057199 0.05238026900654522
-0.01084591256057199 -0.05238026900654522
-0.04106813164131892 0.027987940666282105
-0.04106813164131892 -0.027987940666282105
-0.030373473763682976 0.04042588938854007
-0.030373473763682976 -0.04042588938854007
0.05256048911326626 0.0037795773173642383
0.05256048911326626 -0.0037795773173642383
0.04990570308281972 0.0
0.031715900278041796 0.02977889488024948
0.031715900278041796 -0.02977889488024948
0.04327246758665305 0.0
0.01666602156005273 0.04107104565748605
0.01666602156005273 -0.04107104565748605
-0.024184367455549624 0.038390170498142265
-0.024184367455549624 -0.038390170498142265
-0.030316090817540806 0.027949678216971474
-0.030316090817540806 -0.027949678216971474
-0.035236944061081854 0.01828564802475581
-0.035236944061081854 -0.01828564802475581
-0.008360930488002922 0.04232661487625529
-0.008360930488002922 -0.04232661487625529
0.035462771730241954 0.0200418854795578
0.035462771730241954 -0.0200418854795578
0.01890368266996025 0.03733297480942223
0.01890368266996025 -0.03733297480942223
-0.018606464054641295 0.032976252290474795
-0.018606464054641295 -0.032976252290474795
-0.03286144167940259 0.0
-0.033377344981461894 0.009505042314582268
-0.033377344981461894 -0.009505042314582268
0.00556312225891513 0.037638957473994525
0.00556312225891513 -0.037638957473994525
0.028400855570276003 0.02628300612228373
0.028400855570276003 -0.02628300612228373
-0.021859857453145844 0.024327585355045495
-0.021859857453145844 -0.024327585355045495
0.03418019772480069 0.007440741442644346
0.03418019772480069 -0.007440741442644346
0.0009799672695174509 0.030342097267540055
0.0009799672695174509 -0.030342097267540055
0.028383287895471048 0.0
-0.023990245317193952 0.008638362386164203
-0.023990245317193952 -0.008638362386164203
0.011266134950689604 0.025464958621408965
0.011266134950689604 -0.025464958621408965
0.01515448556786941 0.021419811171516364
0.01515448556786941 -0.021419811171516364
-0.013915142798875048 0.019340294957016106
-0.013915142798875048 -0.019340294957016106
-0.002695124421234228 0.023928501539192296
-0.002695124421234228 -0.023928501539192296
-0.023065607267565916 0.0
-0.01060831409284338 0.0038677186617047383
-0.01060831409284338 -0.0038677186617047383
0.004301231333859273 0.014702291689022833
0.004301231333859273 -0.014702291689022833
0.0012237604638329577 0.01622275042064916
0.0012237604638329577 -0.01622275042064916
0.016777576738708836 0.0
0.007068402342435998 0.0
0.005532895004109676 0.004392721926598198
0.005532895004109676 -0.004392721926598198
