-1.1057311958335365 1.3371984607119212
-1.1057311958335365 -1.3371984607119212
1.3463250823252348 0.7092215910251141
1.3463250823252348 -0.7092215910251141
-1.2550771991705871 0.1268884279081116
-1.2550771991705871 -0.1268884279081116
0.967233180019333 0.7271863766892163
0.967233180019333 -0.7271863766892163
-0.6057752513813814 0.8506135291724262
-0.6057752513813814 -0.8506135291724262
-0.4020984028977489 0.9514317030552394
-0.4020984028977489 -0.9514317030552394
-0.8176451962104005 0.5939343687392352
-0.8176451962104005 -0.5939343687392352
-1.0141306397693337 0.09428462466135136
-1.0141306397693337 -0.09428462466135136
-0.8033494517548809 0.5777492281310375
-0.8033494517548809 -0.5777492281310375
-0.9732792791528024 0.19450529272833253
-0.9732792791528024 -0.19450529272833253
-0.9122903286062434 0.3646619364141729
-0.9122903286062434 -0.3646619364141729
-0.9555413482810373 0.24291785260920076
-0.9555413482810373 -0.24291785260920076
-0.8325678881717339 0.4953539376444966
-0.8325678881717339 -0.4953539376444966
-0.6045416328284825 0.7684987191544133
-0.6045416328284825 -0.7684987191544133
-0.6420240539256834 0.7042575167909332
-0.6420240539256834 -0.7042575167909332
-0.15666747687597238 1.0184111495238297
-0.15666747687597238 -1.0184111495238297
-0.2390501100793026 0.9733041343038135
-0.2390501100793026 -0.9733041343038135
0.16701030449458865 1.0342065922172605
0.16701030449458865 -1.0342065922172605
0.5966710991951572 0.8929831968862691
0.5966710991951572 -0.8929831968862691
0.7346001419104777 0.7749860024791562
0.7346001419104777 -0.7749860024791562
-0.08229957626632906 1.001721033226126
-0.08229957626632906 -1.001721033226126
0.17619267181397424 0.9948346659810825
0.17619267181397424 -0.9948346659810825
-0.08535464007942019 0.9792549869570524
-0.08535464007942019 -0.9792549869570524
0.080095150420022 0.9854636470460582
0.080095150420022 -0.9854636470460582
1.0198887188051229 0.17249334204665756
1.0198887188051229 -0.17249334204665756
0.24760932965659394 0.940412965317128
0.24760932965659394 -0.940412965317128
0.3659301717902902 0.9035994772732188
0.3659301717902902 -0.9035994772732188
0.5929854287137293 0.8001706163066225
0.5929854287137293 -0.8001706163066225
0.7607977864930935 0.6393029471622282
0.7607977864930935 -0.6393029471622282
0.9158870682323486 0.3910768675512084
0.9158870682323486 -0.3910768675512084
0.6638416508808307 0.7232491990163986
0.6638416508808307 -0.7232491990163986
0.6175957344272908 0.7536548664393901
0.6175957344272908 -0.7536548664393901
0.7764907566501611 0.5780197421734555
0.7764907566501611 -0.5780197421734555
0.44693275224214885 0.837058941464794
0.44693275224214885 -0.837058941464794
0.4839927086210536 0.817556600907521
0.4839927086210536 -0.817556600907521
0.8165215124237508 0.511358494648541
0.8165215124237508 -0.511358494648541
0.9244301453738755 0.2979091846890916
0.9244301453738755 -0.2979091846890916
0.9504810633057557 0.13477336008969817
0.9504810633057557 -0.13477336008969817
0.8383376048912872 0.4433832431166583
0.8383376048912872 -0.4433832431166583
0.887238433838897 0.3458429365685746
0.887238433838897 -0.3458429365685746
0.6109411606732027 0.7025445725622361
0.6109411606732027 -0.7025445725622361
0.6482548272796945 0.6648530240556872
0.6482548272796945 -0.6648530240556872
0.7157841271224052 0.578977039363591
0.7157841271224052 -0.578977039363591
-0.7507432476236291 0.5804739318246512
-0.7507432476236291 -0.5804739318246512
-0.8012532167173068 0.5092386637519655
-0.8012532167173068 -0.5092386637519655
-0.3901946444929987 0.8652481187840119
-0.3901946444929987 -0.8652481187840119
-0.31810215490959953 0.8967223923352676
-0.31810215490959953 -0.8967223923352676
-0.46804706901683013 0.8152761347667042
-0.46804706901683013 -0.8152761347667042
-0.5790450763564972 0.7280104385788584
-0.5790450763564972 -0.7280104385788584
0.9541039471852872 0.042019064281770414
0.9541039471852872 -0.042019064281770414
-0.49865845324164465 0.7812284397938142
-0.49865845324164465 -0.7812284397938142
-0.6559928960719112 0.6553942235427614
-0.6559928960719112 -0.6553942235427614
0.9157554811767119 0.23753005563458307
0.9157554811767119 -0.23753005563458307
-0.6760808060703023 0.6286153174424228
-0.6760808060703023 -0.6286153174424228
0.9211785933459891 0.20249712835900413
0.9211785933459891 -0.20249712835900413
-0.7662436753604345 0.511254026040994
-0.7662436753604345 -0.511254026040994
0.8395209018919714 0.4064817410870994
0.8395209018919714 -0.4064817410870994
-0.8648725124885155 0.383526635163273
-0.8648725124885155 -0.383526635163273
-0.9584996749733334 0.008578784969460141
-0.9584996749733334 -0.008578784969460141
0.21718145256749002 0.9102749051173323
0.21718145256749002 -0.9102749051173323
0.3617170143785202 0.8587902784670729
0.3617170143785202 -0.8587902784670729
0.5491622746841911 0.6867915766524432
0.5491622746841911 -0.6867915766524432
0.9136760710977803 0.0
0.9244413339813644 0.05981991420039365
0.9244413339813644 -0.05981991420039365
0.7578037175078627 0.49834438790341695
0.7578037175078627 -0.49834438790341695
-0.024400178527343046 0.940228271991995
-0.024400178527343046 -0.940228271991995
0.07742841368740626 0.934173717373935
0.07742841368740626 -0.934173717373935
0.12665738102518093 0.9216312233014183
0.12665738102518093 -0.9216312233014183
-0.08594010832687718 0.9329285876979926
-0.08594010832687718 -0.9329285876979926
-0.3188730077996886 0.8675248747935981
-0.3188730077996886 -0.8675248747935981
-0.930396948872071 0.15253757215806765
-0.930396948872071 -0.15253757215806765
-0.5120444145423586 0.75001456152945
-0.5120444145423586 -0.75001456152945
-0.1480864125472494 0.9081339647438967
-0.1480864125472494 -0.9081339647438967
-0.2366557777149842 0.8873941549667765
-0.2366557777149842 -0.8873941549667765
-0.8172113048679954 0.4012886985008862
-0.8172113048679954 -0.4012886985008862
-0.6490035875308127 0.6131553882572969
-0.6490035875308127 -0.6131553882572969
-0.8802842593747807 0.27242998194813856
-0.8802842593747807 -0.27242998194813856
-0.8838853883439426 0.24782344965023304
-0.8838853883439426 -0.24782344965023304
-0.41755937212506694 0.7887350494267541
-0.41755937212506694 -0.7887350494267541
-0.7514337166115186 0.4831440083170568
-0.7514337166115186 -0.4831440083170568
-0.5978512630512314 0.6573770351229047
-0.5978512630512314 -0.6573770351229047
-0.571624144112741 0.6784976769796462
-0.571624144112741 -0.6784976769796462
0.8954570457093001 0.11424544305618979
0.8954570457093001 -0.11424544305618979
0.4969350432434298 0.7374097707544921
0.4969350432434298 -0.7374097707544921
-0.674669713889477 0.555961933937064
-0.674669713889477 -0.555961933937064
0.8537998257850637 0.26050553436921287
0.8537998257850637 -0.26050553436921287
0.706028219258116 0.5097518144663741
0.706028219258116 -0.5097518144663741
0.33719763650486806 0.8241931573739733
0.33719763650486806 -0.8241931573739733
0.23011458361230933 0.8683402301157799
0.23011458361230933 -0.8683402301157799
0.8973765569977226 0.029705223036244274
0.8973765569977226 -0.029705223036244274
-0.3538852918433139 0.8117239601935702
-0.3538852918433139 -0.8117239601935702
-0.10708611677965954 0.889514357889873
-0.10708611677965954 -0.889514357889873
-0.6259093680620467 0.5933100915934125
-0.6259093680620467 -0.5933100915934125
0.7653462138105838 0.40647865720664467
0.7653462138105838 -0.40647865720664467
-0.8992928752218023 0.027120016387207513
-0.8992928752218023 -0.027120016387207513
0.004774440219850046 0.8866013107712829
0.004774440219850046 -0.8866013107712829
-0.877275552724611 0.1508628125715978
-0.877275552724611 -0.1508628125715978
-0.8169371504976441 0.3219146356980605
-0.8169371504976441 -0.3219146356980605
0.028013564776259825 0.8846429328747263
0.028013564776259825 -0.8846429328747263
-0.4045969888436555 0.7686171398493097
-0.4045969888436555 -0.7686171398493097
0.8129598223679637 0.30561564776128963
0.8129598223679637 -0.30561564776128963
0.6005321906351604 0.6061625479560768
0.6005321906351604 -0.6061625479560768
0.7238633310446727 0.44275156695488016
0.7238633310446727 -0.44275156695488016
0.345744098427639 0.7922497351146383
0.345744098427639 -0.7922497351146383
0.5498758252344094 0.6374410239977857
0.5498758252344094 -0.6374410239977857
0.7759952921457536 0.349221574533077
0.7759952921457536 -0.349221574533077
-0.4372779042954703 0.7322770065607498
-0.4372779042954703 -0.7322770065607498
-0.6757131010494921 0.5119128999680775
-0.6757131010494921 -0.5119128999680775
-0.7245567560781517 0.41482055476157503
-0.7245567560781517 -0.41482055476157503
-0.1795640107797022 0.8476105618218231
-0.1795640107797022 -0.8476105618218231
-0.472616771100683 0.6743143391229264
-0.472616771100683 -0.6743143391229264
0.1909607853794567 0.8413867909517093
0.1909607853794567 -0.8413867909517093
0.4190426692863082 0.7293221220949274
0.4190426692863082 -0.7293221220949274
0.44447586104457704 0.7129583156367099
0.44447586104457704 -0.7129583156367099
0.828676019406688 0.18037580829732322
0.828676019406688 -0.18037580829732322
0.7092123913629609 0.4400710751231478
0.7092123913629609 -0.4400710751231478
0.7293723513749311 0.40726220186185647
0.7293723513749311 -0.40726220186185647
0.6343510812791627 0.529162336468829
0.6343510812791627 -0.529162336468829
0.8493987552944975 0.07636766896408646
0.8493987552944975 -0.07636766896408646
0.5590120364718435 0.6039227133198523
0.5590120364718435 -0.6039227133198523
-0.857058139837725 0.07144255182339741
-0.857058139837725 -0.07144255182339741
-0.7692861152637708 0.34207952567742134
-0.7692861152637708 -0.34207952567742134
-0.5814911814756536 0.5771555334290566
-0.5814911814756536 -0.5771555334290566
0.8176683149540418 0.20204108405331617
0.8176683149540418 -0.20204108405331617
-0.6323041065555873 0.5138902286316314
-0.6323041065555873 -0.5138902286316314
-0.6787142889598332 0.45805367801137475
-0.6787142889598332 -0.45805367801137475
0.16460817936512975 0.8251120406083697
0.16460817936512975 -0.8251120406083697
0.29150970981046653 0.7874067438251315
0.29150970981046653 -0.7874067438251315
0.7836826130048202 0.2637520793718148
0.7836826130048202 -0.2637520793718148
0.6023383019459165 0.5120388045164255
0.6023383019459165 -0.5120388045164255
-0.1346917584939739 0.8248107631512006
-0.1346917584939739 -0.8248107631512006
-0.3860515426665726 0.7104478360400186
-0.3860515426665726 -0.7104478360400186
-0.8266585754492128 0.1613478921143746
-0.8266585754492128 -0.1613478921143746
-0.48030231342083846 0.6406440658894327
-0.48030231342083846 -0.6406440658894327
0.24245105919750948 0.8013491793968586
0.24245105919750948 -0.8013491793968586
-0.7981175222696557 0.234806526932668
-0.7981175222696557 -0.234806526932668
0.07707813270557354 0.8312896781014871
0.07707813270557354 -0.8312896781014871
-0.5274371771541966 0.5842797177019453
-0.5274371771541966 -0.5842797177019453
-0.016207930705452706 0.8326773272571891
-0.016207930705452706 -0.8326773272571891
-0.8274102118435172 0.11600610229434857
-0.8274102118435172 -0.11600610229434857
0.3976468002669761 0.6921388883791556
0.3976468002669761 -0.6921388883791556
0.30922849931648055 0.747012367782015
0.30922849931648055 -0.747012367782015
0.7410683969546499 0.2826261541921073
0.7410683969546499 -0.2826261541921073
0.8093771865121695 0.0
0.5697298387260806 0.5149700276090767
0.5697298387260806 -0.5149700276090767
0.7925096870819639 0.08200453266911306
0.7925096870819639 -0.08200453266911306
-0.20260856636370564 0.788194412066548
-0.20260856636370564 -0.788194412066548
-0.7523580350289554 0.2981321578121326
-0.7523580350289554 -0.2981321578121326
0.7956611627302315 0.0534369246368733
0.7956611627302315 -0.0534369246368733
-0.07260763504879421 0.8127289991579807
-0.07260763504879421 -0.8127289991579807
-0.7944469579688842 0.18057766311131995
-0.7944469579688842 -0.18057766311131995
-0.3221994317410153 0.7267561198288429
-0.3221994317410153 -0.7267561198288429
-0.19732996062007857 0.7754750430808314
-0.19732996062007857 -0.7754750430808314
-0.7960402499005514 0.15960583723546606
-0.7960402499005514 -0.15960583723546606
-0.8086792290092659 0.03855719546048351
-0.8086792290092659 -0.03855719546048351
-0.25252441100881773 0.7532228137553187
-0.25252441100881773 -0.7532228137553187
-0.3245322321658478 0.717676755991581
-0.3245322321658478 -0.717676755991581
-0.0882449293476743 0.7962981116392358
-0.0882449293476743 -0.7962981116392358
0.014660650451613577 0.7929165989512851
0.014660650451613577 -0.7929165989512851
-0.7603365873446835 0.24213488995072074
-0.7603365873446835 -0.24213488995072074
-0.3467392498186298 0.6865100303571514
-0.3467392498186298 -0.6865100303571514
-0.7974131671345642 0.0
0.6260140274902857 0.44107325276435094
0.6260140274902857 -0.44107325276435094
0.2679232902327471 0.7408126300139192
0.2679232902327471 -0.7408126300139192
-0.4810066374010382 0.5777561384265449
-0.4810066374010382 -0.5777561384265449
-0.7373843414850165 0.28240154452631666
-0.7373843414850165 -0.28240154452631666
-0.5850885566313618 0.4668813521080968
-0.5850885566313618 -0.4668813521080968
0.7739656661889665 0.0
0.42121593316296335 0.6271226197986862
0.42121593316296335 -0.6271226197986862
0.5061293399370171 0.5522071400350043
0.5061293399370171 -0.5522071400350043
0.7446751493931414 0.21735942319629
0.7446751493931414 -0.21735942319629
0.3191643239691806 0.7082301745551127
0.3191643239691806 -0.7082301745551127
0.0996384246871041 0.7728630958728072
0.0996384246871041 -0.7728630958728072
0.16613274814809859 0.7580429197241559
0.16613274814809859 -0.7580429197241559
0.5381719799247011 0.4916201430102125
0.5381719799247011 -0.4916201430102125
-0.7636028601130935 0.0
-0.6271789892698467 0.40098745308713046
-0.6271789892698467 -0.40098745308713046
-0.6691806502720025 0.3283750757609122
-0.6691806502720025 -0.3283750757609122
0.0560574991675333 0.7601246265383442
0.0560574991675333 -0.7601246265383442
0.6685380231416258 0.34589213138985947
0.6685380231416258 -0.34589213138985947
-0.5200210460330502 0.4901265676396423
-0.5200210460330502 -0.4901265676396423
0.3680476473654791 0.6465654346074665
0.3680476473654791 -0.6465654346074665
-0.3891781897699811 0.6021733357969565
-0.3891781897699811 -0.6021733357969565
0.18149570544872162 0.7254819720476261
0.18149570544872162 -0.7254819720476261
-0.20074121194723413 0.7106734358433061
-0.20074121194723413 -0.7106734358433061
-0.30787888349571524 0.6676168063142097
-0.30787888349571524 -0.6676168063142097
0.5835688365721352 0.4349390434342054
0.5835688365721352 -0.4349390434342054
0.47571114142739257 0.5519020547386354
0.47571114142739257 -0.5519020547386354
0.6750152375059666 0.2935770101561073
0.6750152375059666 -0.2935770101561073
-0.32289180492304104 0.6461252020660567
-0.32289180492304104 -0.6461252020660567
0.7203842067007151 0.1493796875124316
0.7203842067007151 -0.1493796875124316
0.7412052622187046 0.04342016182256116
0.7412052622187046 -0.04342016182256116
0.4461145481851243 0.5622165979296155
0.4461145481851243 -0.5622165979296155
0.2608760609350764 0.6905502169935182
0.2608760609350764 -0.6905502169935182
-0.7432342748695095 0.08819145947943079
-0.7432342748695095 -0.08819145947943079
-0.548996723579352 0.45639118158957365
-0.548996723579352 -0.45639118158957365
-0.22576629066515913 0.6969424483954827
-0.22576629066515913 -0.6969424483954827
0.6200063314635174 0.35583680244380494
0.6200063314635174 -0.35583680244380494
0.06402190410113445 0.7331404902923916
0.06402190410113445 -0.7331404902923916
0.3554817577822787 0.6137495223781889
0.3554817577822787 -0.6137495223781889
0.6874782445071255 0.20939531738646455
0.6874782445071255 -0.20939531738646455
0.6535499028418839 0.2919719708097705
0.6535499028418839 -0.2919719708097705
-0.13801840388775816 0.7151179132208669
-0.13801840388775816 -0.7151179132208669
-0.7457219514267097 0.03872010077549824
-0.7457219514267097 -0.03872010077549824
-0.6315750122078769 0.333536895868397
-0.6315750122078769 -0.333536895868397
-0.4394578639667338 0.5205231630711502
-0.4394578639667338 -0.5205231630711502
-0.05073475298332367 0.7215080803127323
-0.05073475298332367 -0.7215080803127323
-0.694630180830889 0.20990477144121247
-0.694630180830889 -0.20990477144121247
-0.7129035668345447 0.1439682117192766
-0.7129035668345447 -0.1439682117192766
0.28452203922629943 0.6570335417426215
0.28452203922629943 -0.6570335417426215
-0.7045177536718739 0.1043476521546245
-0.7045177536718739 -0.1043476521546245
0.6886790774967757 0.09813673464385807
0.6886790774967757 -0.09813673464385807
0.5898461988944926 0.3373684262380914
0.5898461988944926 -0.3373684262380914
-0.5679213408265391 0.3876929847146911
-0.5679213408265391 -0.3876929847146911
-0.16681780711622324 0.6804683762713732
-0.16681780711622324 -0.6804683762713732
0.4335298887974074 0.521122725498822
0.4335298887974074 -0.521122725498822
-0.631970652317656 0.26092895637544256
-0.631970652317656 -0.26092895637544256
-0.28223387190586335 0.610791434443364
-0.28223387190586335 -0.610791434443364
-0.6020118597721011 0.30613921752176493
-0.6020118597721011 -0.30613921752176493
-0.07331363576184347 0.6861010181480224
-0.07331363576184347 -0.6861010181480224
0.6718065901903969 0.1074241569381777
0.6718065901903969 -0.1074241569381777
-0.4425091720593571 0.48061465954951577
-0.4425091720593571 -0.48061465954951577
0.5175472217667987 0.40772667891481157
0.5175472217667987 -0.40772667891481157
0.3143653211787831 0.5896641819072015
0.3143653211787831 -0.5896641819072015
-0.10224207571217245 0.673899752388477
-0.10224207571217245 -0.673899752388477
0.2600240493840107 0.6201053359062968
0.2600240493840107 -0.6201053359062968
-0.519935185316796 0.39551410911308454
-0.519935185316796 -0.39551410911308454
0.607732355888136 0.24613789085723453
0.607732355888136 -0.24613789085723453
0.4877187203510174 0.42327594292197734
0.4877187203510174 -0.42327594292197734
0.6762938871798699 0.0
0.024843782895778377 0.6643685648856816
0.024843782895778377 -0.6643685648856816
0.6563292818810725 0.0693544029975731
0.6563292818810725 -0.0693544029975731
-0.39656983722842953 0.4944256751491735
-0.39656983722842953 -0.4944256751491735
-0.682487916628866 0.0074129437997236865
-0.682487916628866 -0.0074129437997236865
-0.13687592920479438 0.6447895707044102
-0.13687592920479438 -0.6447895707044102
0.1443952384271734 0.6502028539586177
0.1443952384271734 -0.6502028539586177
0.3503544851868921 0.5373586610823512
0.3503544851868921 -0.5373586610823512
-0.3158635306269455 0.5517042286953914
-0.3158635306269455 -0.5517042286953914
0.4300781264932762 0.4490124368026637
0.4300781264932762 -0.4490124368026637
0.5015050387054946 0.3737367522591132
0.5015050387054946 -0.3737367522591132
0.5430255798670534 0.31373067247610703
0.5430255798670534 -0.31373067247610703
-0.46296562192388035 0.41651907165007374
-0.46296562192388035 -0.41651907165007374
-0.5252424158840527 0.33377173761316486
-0.5252424158840527 -0.33377173761316486
-0.4259351183956104 0.4331671868009884
-0.4259351183956104 -0.4331671868009884
0.053493410299891186 0.6454643041644508
0.053493410299891186 -0.6454643041644508
-0.6189051081139015 0.19644318491925453
-0.6189051081139015 -0.19644318491925453
0.6123131349714075 0.18503338653061635
0.6123131349714075 -0.18503338653061635
0.6146832534573943 0.11574261440874237
0.6146832534573943 -0.11574261440874237
0.6167243936568998 0.03245927687584272
0.6167243936568998 -0.03245927687584272
-0.22418444752154926 0.5910259572316403
-0.22418444752154926 -0.5910259572316403
0.5402033912512441 0.27139111470718463
0.5402033912512441 -0.27139111470718463
-0.2705017465780414 0.5560891448515682
-0.2705017465780414 -0.5560891448515682
-0.0965513903382216 0.6184202266507152
-0.0965513903382216 -0.6184202266507152
-0.11674124221076276 0.6110030347119111
-0.11674124221076276 -0.6110030347119111
0.35823920651835683 0.49359236152437824
0.35823920651835683 -0.49359236152437824
-0.5517289643564244 0.2888572884050205
-0.5517289643564244 -0.2888572884050205
0.17745875300106323 0.5931259702313999
0.17745875300106323 -0.5931259702313999
0.49717560378309306 0.2945053139312319
0.49717560378309306 -0.2945053139312319
-0.329887375553344 0.49354405620914704
-0.329887375553344 -0.49354405620914704
0.43451092919834844 0.3790834828982338
0.43451092919834844 -0.3790834828982338
-0.5695653153638707 0.21438041843626338
-0.5695653153638707 -0.21438041843626338
-0.6146271984907852 0.017871315781871698
-0.6146271984907852 -0.017871315781871698
-0.6041325168721429 0.07637052551843275
-0.6041325168721429 -0.07637052551843275
0.2969773689961728 0.5109622696577784
0.2969773689961728 -0.5109622696577784
0.24640785962735479 0.544157357582094
0.24640785962735479 -0.544157357582094
-0.4581577280276179 0.3658953032799089
-0.4581577280276179 -0.3658953032799089
0.023857423958547855 0.6111083692368605
0.023857423958547855 -0.6111083692368605
0.08095156601757515 0.5950379772698661
0.08095156601757515 -0.5950379772698661
-0.5093319442799322 0.29864097362451547
-0.5093319442799322 -0.29864097362451547
-0.35470588701023675 0.4434936140353333
-0.35470588701023675 -0.4434936140353333
-0.006062863491484327 0.6016128521773972
-0.006062863491484327 -0.6016128521773972
-0.587053501522417 0.1463651555646658
-0.587053501522417 -0.1463651555646658
-0.4276748603036672 0.3753314076371941
-0.4276748603036672 -0.3753314076371941
0.10760807709156689 0.5769973453727935
0.10760807709156689 -0.5769973453727935
-0.5874778960168645 0.11409347684262836
-0.5874778960168645 -0.11409347684262836
0.2298940860517211 0.5356057068908832
0.2298940860517211 -0.5356057068908832
0.549172472620133 0.18591628359908347
0.549172472620133 -0.18591628359908347
-0.23392049098230716 0.5325398531662039
-0.23392049098230716 -0.5325398531662039
0.38975307859129815 0.38028009367045706
0.38975307859129815 -0.38028009367045706
0.3858038770459374 0.3812583311175232
0.3858038770459374 -0.3812583311175232
-0.390219150733779 0.38092679333439977
-0.390219150733779 -0.38092679333439977
0.5143697124139137 0.21276544894644894
0.5143697124139137 -0.21276544894644894
0.5493466825035748 0.04878271098690988
0.5493466825035748 -0.04878271098690988
0.5296608862266251 0.10366776685296555
0.5296608862266251 -0.10366776685296555
-0.2794911733325083 0.46919248696170696
-0.2794911733325083 -0.46919248696170696
0.046849983190877194 0.5575242083021944
0.046849983190877194 -0.5575242083021944
0.5355064590899409 0.014449105505776768
0.5355064590899409 -0.014449105505776768
-0.18189033307258984 0.5153911914107604
-0.18189033307258984 -0.5153911914107604
0.4068693506782319 0.332768679894431
0.4068693506782319 -0.332768679894431
0.25284926921981776 0.4879259400530545
0.25284926921981776 -0.4879259400530545
-0.555807503152435 0.032813837675317065
-0.555807503152435 -0.032813837675317065
-0.5188424685504491 0.18010311199368065
-0.5188424685504491 -0.18010311199368065
-0.4654448642738475 0.27113452334538307
-0.4654448642738475 -0.27113452334538307
-0.14103020406800676 0.5132642787021515
-0.14103020406800676 -0.5132642787021515
0.1521381894480734 0.5242358317251075
0.1521381894480734 -0.5242358317251075
0.31875988607021444 0.41755501229516634
0.31875988607021444 -0.41755501229516634
-0.5403995770299111 0.0
0.2719667840792125 0.45134455371553783
0.2719667840792125 -0.45134455371553783
-0.07213387446892608 0.5185923473712654
-0.07213387446892608 -0.5185923473712654
0.12745686519516108 0.5105954482932147
0.12745686519516108 -0.5105954482932147
-0.4817127745574206 0.210254266879345
-0.4817127745574206 -0.210254266879345
0.20415715106299448 0.4795593197774195
0.20415715106299448 -0.4795593197774195
-0.5206543245724436 0.08754161057994864
-0.5206543245724436 -0.08754161057994864
-0.13794226843051297 0.4894524499620239
-0.13794226843051297 -0.4894524499620239
0.47360665471365376 0.16852535351218917
0.47360665471365376 -0.16852535351218917
0.4254401375032105 0.2591153695775101
0.4254401375032105 -0.2591153695775101
-0.29734386049251393 0.39194225243094954
-0.29734386049251393 -0.39194225243094954
-0.3439522979327483 0.3573132180813442
-0.3439522979327483 -0.3573132180813442
0.05273195590161499 0.48545958409688955
0.05273195590161499 -0.48545958409688955
0.39125186086773567 0.2972814632185935
0.39125186086773567 -0.2972814632185935
0.3208197795065246 0.3630505483899606
0.3208197795065246 -0.3630505483899606
-0.47887098840389436 0.15506317276307247
-0.47887098840389436 -0.15506317276307247
0.47821720162616044 0.086586823632555
0.47821720162616044 -0.086586823632555
-0.49263006860084957 0.06007068043602061
-0.49263006860084957 -0.06007068043602061
-0.023580811547004376 0.4867395799355855
-0.023580811547004376 -0.4867395799355855
-0.10769343502355845 0.4685220516731315
-0.10769343502355845 -0.4685220516731315
-0.3760736670021485 0.283235179754336
-0.3760736670021485 -0.283235179754336
0.19769050759527768 0.4305723335206843
0.19769050759527768 -0.4305723335206843
-0.4137420383339132 0.22525810695581333
-0.4137420383339132 -0.22525810695581333
0.1657616944342722 0.4417568181696242
0.1657616944342722 -0.4417568181696242
0.3833757961025162 0.266756874693109
0.3833757961025162 -0.266756874693109
-0.18349433056431996 0.4245885048493173
-0.18349433056431996 -0.4245885048493173
0.4481436469817636 0.14884186475990013
0.4481436469817636 -0.14884186475990013
0.40094867733965867 0.2035694514574558
0.40094867733965867 -0.2035694514574558
-0.2216236144563198 0.39759606986923285
-0.2216236144563198 -0.39759606986923285
-0.4380338093580569 0.0
-0.28253999207587877 0.3620504495497791
-0.28253999207587877 -0.3620504495497791
-0.3045773445085183 0.3304394505038799
-0.3045773445085183 -0.3304394505038799
-0.38811665721698785 0.2361931891271422
-0.38811665721698785 -0.2361931891271422
0.27444476037172094 0.33131650839339183
0.27444476037172094 -0.33131650839339183
0.022609854934758637 0.4550141826295604
0.022609854934758637 -0.4550141826295604
0.26343991825630614 0.3226266873661169
0.26343991825630614 -0.3226266873661169
-0.13836019326307286 0.4093104395246886
-0.13836019326307286 -0.4093104395246886
0.058228802039048476 0.42126893471328536
0.058228802039048476 -0.42126893471328536
0.18287637595872663 0.37333016942389435
0.18287637595872663 -0.37333016942389435
0.0999278930579127 0.4024187776415009
0.0999278930579127 -0.4024187776415009
0.43756645520656834 0.011828861693702734
0.43756645520656834 -0.011828861693702734
0.36011404026009824 0.2089789222606268
0.36011404026009824 -0.2089789222606268
0.4132533893810769 0.07380585000550172
0.4132533893810769 -0.07380585000550172
0.11381691722601557 0.3804636505637781
0.11381691722601557 -0.3804636505637781
0.37653939783928925 0.15057868489864462
0.37653939783928925 -0.15057868489864462
0.2979183922781352 0.2672176423393118
0.2979183922781352 -0.2672176423393118
-0.05703616667469594 0.3993732653791057
-0.05703616667469594 -0.3993732653791057
-0.20775994472530007 0.35228375727827416
-0.20775994472530007 -0.35228375727827416
0.38872717118610367 0.03267348598311021
0.38872717118610367 -0.03267348598311021
0.3814800326322314 0.08079157383663294
0.3814800326322314 -0.08079157383663294
-0.4250550212293347 0.11362602401659218
-0.4250550212293347 -0.11362602401659218
0.33651375275215967 0.1752329386306629
0.33651375275215967 -0.1752329386306629
0.01778962203937781 0.38869734897064256
0.01778962203937781 -0.38869734897064256
0.21033595102052421 0.29675661190609876
0.21033595102052421 -0.29675661190609876
-0.39196234513784 0.16329892241677443
-0.39196234513784 -0.16329892241677443
-0.4071483429980758 0.0
-0.12350838815456514 0.3546171574154296
-0.12350838815456514 -0.3546171574154296
-0.24854494875774052 0.28824380797433075
-0.24854494875774052 -0.28824380797433075
-0.3780910322177151 0.14761527333661373
-0.3780910322177151 -0.14761527333661373
-0.15461730256608153 0.329924896297812
-0.15461730256608153 -0.329924896297812
-0.29600496343072813 0.2230372185573728
-0.29600496343072813 -0.2230372185573728
-0.2822645822301927 0.23149997833588837
-0.2822645822301927 -0.23149997833588837
-0.3810965910018792 0.05309086940903002
-0.3810965910018792 -0.05309086940903002
-0.32863970634788053 0.16024325099185244
-0.32863970634788053 -0.16024325099185244
-0.34742552092929724 0.11462188786793341
-0.34742552092929724 -0.11462188786793341
-0.36542941238300697 0.039435213322723685
-0.36542941238300697 -0.039435213322723685
-0.04124198339823727 0.361191201001569
-0.04124198339823727 -0.361191201001569
0.28781852120931445 0.22072272628045292
0.28781852120931445 -0.22072272628045292
-0.08949898581822807 0.34237383454500364
-0.08949898581822807 -0.34237383454500364
0.33668515557764406 0.12188442244893836
0.33668515557764406 -0.12188442244893836
0.07816565954975102 0.34070817728528935
0.07816565954975102 -0.34070817728528935
0.22640786848674022 0.26585710555268216
0.22640786848674022 -0.26585710555268216
0.13102494043979462 0.31868192062232686
0.13102494043979462 -0.31868192062232686
-0.177571644982703 0.27293397459256896
-0.177571644982703 -0.27293397459256896
-0.27912156067011007 0.1696774307048217
-0.27912156067011007 -0.1696774307048217
0.1763940444884955 0.28330573722159785
0.1763940444884955 -0.28330573722159785
0.03129729888501706 0.32755143063808934
0.03129729888501706 -0.32755143063808934
0.2802082606243744 0.17614037093054263
0.2802082606243744 -0.17614037093054263
-0.3151926155387783 0.0
-0.23579153361661187 0.1965071790037796
-0.23579153361661187 -0.1965071790037796
-0.0997811110731247 0.29444587638863934
-0.0997811110731247 -0.29444587638863934
-0.25669625370798 0.16309057919773745
-0.25669625370798 -0.16309057919773745
0.3146623699681839 0.0
-0.19072926478615093 0.22197961194215501
-0.19072926478615093 -0.22197961194215501
-0.13958901913432475 0.2535148861761311
-0.13958901913432475 -0.2535148861761311
0.17948756097771174 0.2268693610717909
0.17948756097771174 -0.2268693610717909
-0.018193388802451554 0.30214902101312907
-0.018193388802451554 -0.30214902101312907
0.23050782402739148 0.17029548050919865
0.23050782402739148 -0.17029548050919865
-0.2850248158525226 0.08881236466306393
-0.2850248158525226 -0.08881236466306393
0.27512204521313277 0.1147351072841092
0.27512204521313277 -0.1147351072841092
0.27615663530881646 0.09831385926164368
0.27615663530881646 -0.09831385926164368
-0.2811895225884659 0.0
0.06455400411237683 0.28314580258884214
0.06455400411237683 -0.28314580258884214
0.09490000284514512 0.26318361297415455
0.09490000284514512 -0.26318361297415455
0.20774019396493545 0.17531666703501655
0.20774019396493545 -0.17531666703501655
-0.18109987976476638 0.18972487945631125
-0.18109987976476638 -0.18972487945631125
-0.2432231912737156 0.10337802954170243
-0.2432231912737156 -0.10337802954170243
0.12027040150553021 0.2353983192560383
0.12027040150553021 -0.2353983192560383
-0.25773598491210437 0.03285683122359956
-0.25773598491210437 -0.03285683122359956
-0.010214446338579916 0.2564081913028
-0.010214446338579916 -0.2564081913028
-0.14099254526031765 0.20399588045068873
-0.14099254526031765 -0.20399588045068873
0.2556711569587826 0.013873964021324982
0.2556711569587826 -0.013873964021324982
0.011803702757252801 0.24906669163413706
0.011803702757252801 -0.24906669163413706
0.2383320365076186 0.06809896435759404
0.2383320365076186 -0.06809896435759404
0.1820449128417424 0.14460906983670999
0.1820449128417424 -0.14460906983670999
-0.22398103432592958 0.07901546996797124
-0.22398103432592958 -0.07901546996797124
-0.07072855441559121 0.22242594890143594
-0.07072855441559121 -0.22242594890143594
-0.18469513195926573 0.11322405948202237
-0.18469513195926573 -0.11322405948202237
-0.20917141118109644 0.0
-0.12703348829317834 0.17012925064538714
-0.12703348829317834 -0.17012925064538714
-0.018203803282685126 0.21536600694111163
-0.018203803282685126 -0.21536600694111163
0.10278218563230207 0.1831813871606192
0.10278218563230207 -0.1831813871606192
0.07405223308131212 0.19876804224306607
0.07405223308131212 -0.19876804224306607
-0.19766222345705964 0.04561054800933008
-0.19766222345705964 -0.04561054800933008
-0.057385104306580836 0.20136706217240757
-0.057385104306580836 -0.20136706217240757
0.03965513498588922 0.19879378706973141
0.03965513498588922 -0.19879378706973141
0.1813069219142152 0.08491137980552112
0.1813069219142152 -0.08491137980552112
0.20469945051129437 0.0
0.19811928503044773 0.02741379542858394
0.19811928503044773 -0.02741379542858394
0.1832786685551424 0.0
-0.04435664484326361 0.17084085284616557
-0.04435664484326361 -0.17084085284616557
0.04763262537533197 0.17505395131990273
0.04763262537533197 -0.17505395131990273
-0.14328877201145201 0.08731749419515167
-0.14328877201145201 -0.08731749419515167
0.10615345789970324 0.1392536259643123
0.10615345789970324 -0.1392536259643123
0.13549762994674738 0.10727119257913767
0.13549762994674738 -0.10727119257913767
0.012791176343867824 0.16478249447960555
0.012791176343867824 -0.16478249447960555
0.14659917700483843 0.07574441145241771
0.14659917700483843 -0.07574441145241771
0.14168393757843367 0.04539549771686633
0.14168393757843367 -0.04539549771686633
-0.15470135976614657 0.0653498269194787
-0.15470135976614657 -0.0653498269194787
0.12256872930302383 0.09177941307581745
0.12256872930302383 -0.09177941307581745
-0.09642470958407764 0.1339448299144369
-0.09642470958407764 -0.1339448299144369
-0.15277044389035882 0.009688313938123872
-0.15277044389035882 -0.009688313938123872
-0.07681503893168884 0.13192105280982622
-0.07681503893168884 -0.13192105280982622
0.07598734655216494 0.14441212791146596
0.07598734655216494 -0.14441212791146596
-0.035683697845209895 0.14847242446183714
-0.035683697845209895 -0.14847242446183714
-0.12518254258061204 0.08107156573553527
-0.12518254258061204 -0.08107156573553527
0.039944777383585206 0.14450659354609924
0.039944777383585206 -0.14450659354609924
-0.11516051005758704 0.09242108222287576
-0.11516051005758704 -0.09242108222287576
0.07335363064864997 0.12965297584015126
0.07335363064864997 -0.12965297584015126
-0.0024635212499915507 0.1445990255911689
-0.0024635212499915507 -0.1445990255911689
-0.13614195896886552 0.0
-0.117290415363786 0.06124449570061557
-0.117290415363786 -0.06124449570061557
-0.12583064790372808 0.026052680623471096
-0.12583064790372808 -0.026052680623471096
0.13628912105632066 0.0282609650113449
0.13628912105632066 -0.0282609650113449
-0.03384977723224325 0.13440610193095864
-0.03384977723224325 -0.13440610193095864
0.12821304648360615 0.041308994624770536
0.12821304648360615 -0.041308994624770536
0.09946609881835372 0.09475466853564891
0.09946609881835372 -0.09475466853564891
-0.05975015578114452 0.10971442918362895
-0.05975015578114452 -0.10971442918362895
0.076446867062112 0.1065921473730211
0.076446867062112 -0.1065921473730211
0.025950653167814076 0.12409169661321989
0.025950653167814076 -0.12409169661321989
0.08936204163041872 0.08294222559908931
0.08936204163041872 -0.08294222559908931
-0.03606308052806892 0.11547832392883182
-0.03606308052806892 -0.11547832392883182
-0.008185784674024248 0.11353234813025513
-0.008185784674024248 -0.11353234813025513
-0.11538613891336737 0.0
-0.08210144597466071 0.07200665384028022
-0.08210144597466071 -0.07200665384028022
0.11675120644326094 0.0
0.11012801204720507 0.0316437565086482
0.11012801204720507 -0.0316437565086482
0.11156146254729032 0.0
0.08857886558291454 0.054576303046619985
0.08857886558291454 -0.054576303046619985
0.10122142248432577 0.026096061127383184
0.10122142248432577 -0.026096061127383184
-0.08316108215516321 0.056890379062924434
-0.08316108215516321 -0.056890379062924434
-0.09795943457307912 0.011290574761551583
-0.09795943457307912 -0.011290574761551583
-0.03647027240242895 0.09164001632447435
-0.03647027240242895 -0.09164001632447435
-0.0005807822668458583 0.09552268543831638
-0.0005807822668458583 -0.09552268543831638
0.04059861098986224 0.09041258222218237
0.04059861098986224 -0.09041258222218237
0.06606939127004657 0.07122225107857123
0.06606939127004657 -0.07122225107857123
0.05628846390991324 0.07245632274798826
0.05628846390991324 -0.07245632274798826
0.042016489959615565 0.08206960723847719
0.042016489959615565 -0.08206960723847719
-0.04900900320856136 0.07612548974372249
-0.04900900320856136 -0.07612548974372249
-0.0791237677200874 0.03500332452313592
-0.0791237677200874 -0.03500332452313592
-0.08371464129490974 0.024178833520522008
-0.08371464129490974 -0.024178833520522008
-0.06386467603865488 0.049348186520487926
-0.06386467603865488 -0.049348186520487926
-0.08323268514521007 0.01571707570275426
-0.08323268514521007 -0.01571707570275426
0.0838418727582568 0.0209836879139918
0.0838418727582568 -0.0209836879139918
0.0732258848909324 0.03428461435717814
0.0732258848909324 -0.03428461435717814
-0.0746219556359324 0.0
0.05167665321796854 0.05672668676452102
0.05167665321796854 -0.05672668676452102
0.038425838359073934 0.06751687213293192
0.038425838359073934 -0.06751687213293192
-0.05317390058107966 0.049923656522233996
-0.05317390058107966 -0.049923656522233996
0.02107770650467282 0.07509307412977971
0.02107770650467282 -0.07509307412977971
-0.018018170859931713 0.0749620339649055
-0.018018170859931713 -0.0749620339649055
-0.0397947484338049 0.05623871744648815
-0.0397947484338049 -0.05623871744648815
0.07324747073887765 0.0
-0.05682880071910469 0.03293327858309194
-0.05682880071910469 -0.03293327858309194
-0.009062895998552783 0.07338587990041649
-0.009062895998552783 -0.07338587990041649
0.008900969174075223 0.07383001053684184
0.008900969174075223 -0.07383001053684184
-0.01424259471959121 0.06460520814435303
-0.01424259471959121 -0.06460520814435303
-0.06148848315033452 0.004788675973574246
-0.06148848315033452 -0.004788675973574246
0.06587877688809328 0.003968516320231123
0.06587877688809328 -0.003968516320231123
0.0531399700413398 0.03423581645843231
0.0531399700413398 -0.03423581645843231
0.04139789730445778 0.043963375001466146
0.04139789730445778 -0.043963375001466146
0.01753669211748434 0.055423850419337096
0.01753669211748434 -0.055423850419337096
-0.006243824201258843 0.05681020919556458
-0.006243824201258843 -0.05681020919556458
0.05214605339842236 0.01767177608913057
0.05214605339842236 -0.01767177608913057
-0.04570371005909906 0.01701375026647698
-0.04570371005909906 -0.01701375026647698
0.04184230612458724 0.0
0.04402655129201827 0.03129165608839966
0.04402655129201827 -0.03129165608839966
0.0463702492476573 0.00986128150542804
0.0463702492476573 -0.00986128150542804
0.0007573153794369521 0.048004453177710564
0.0007573153794369521 -0.048004453177710564
0.023395338724404517 0.04113172221346114
0.023395338724404517 -0.04113172221346114
-0.03946351568124676 0.022605003481843158
-0.03946351568124676 -0.022605003481843158
0.031153693809970892 0.03125613643286953
0.031153693809970892 -0.03125613643286953
-0.02304353842853747 0.037608742615444515
-0.02304353842853747 -0.037608742615444515
-0.040834135941547514 0.0014109481548065029
-0.040834135941547514 -0.0014109481548065029
0.007019404568131198 0.03833344199812902
0.007019404568131198 -0.03833344199812902
-0.030348418445489515 0.02285365217469737
-0.030348418445489515 -0.02285365217469737
0.0007020072176394231 0.03076451762652327
0.0007020072176394231 -0.03076451762652327
0.025917423737459446 0.008550582309524907
0.025917423737459446 -0.008550582309524907
0.013381250372346781 0.02507393987370673
0.013381250372346781 -0.02507393987370673
-0.01346157788057117 0.02638749749012111
-0.01346157788057117 -0.02638749749012111
-0.022433165597086715 0.00543458804436846
-0.022433165597086715 -0.00543458804436846
-0.01464696958975547 0.013916437347564915
-0.01464696958975547 -0.013916437347564915
-0.005590965195184774 0.014777429916428636
-0.005590965195184774 -0.014777429916428636
0.0130603906910836 0.0
-0.008462259100933447 0.0
0.0035336378009841237 0.0033699850102406857
0.0035336378009841237 -0.0033699850102406857
