0.6077105780266413 2.736721612494451
0.6077105780266413 -2.736721612494451
-1.0854339050931268 0.687516852473292
-1.0854339050931268 -0.687516852473292
-0.29901759474619094 1.0412344287704822
-0.29901759474619094 -1.0412344287704822
-0.6101662517775037 0.8467820060540602
-0.6101662517775037 -0.8467820060540602
-0.490337723117339 0.8553969262486736
-0.490337723117339 -0.8553969262486736
-0.9171877977397527 0.37368588874743025
-0.9171877977397527 -0.37368588874743025
-0.9677862500673315 0.1134708808252267
-0.9677862500673315 -0.1134708808252267
-0.7779017719913409 0.509463565168389
-0.7779017719913409 -0.509463565168389
-0.9229394486872646 0.19576794465159045
-0.9229394486872646 -0.19576794465159045
-0.8936024966694385 0.2704035221162293
-0.8936024966694385 -0.2704035221162293
-0.10690350490716148 1.0091574520399622
-0.10690350490716148 -1.0091574520399622
-0.9019510031216665 0.0
0.2574216361391192 0.9797387551436937
0.2574216361391192 -0.9797387551436937
-0.33217736109318824 0.8486531984691594
-0.33217736109318824 -0.8486531984691594
1.0476534282435357 0.0
1.0069741512139505 0.2505577175218342
1.0069741512139505 -0.2505577175218342
0.3050959652677966 0.9051169131618622
0.3050959652677966 -0.9051169131618622
0.7525409702611403 0.6705216006184664
0.7525409702611403 -0.6705216006184664
0.7973517431850783 0.5885625488505931
0.7973517431850783 -0.5885625488505931
0.6196909273935214 0.7527777347697086
0.6196909273935214 -0.7527777347697086
-0.013764039660606409 0.9276309265500822
-0.013764039660606409 -0.9276309265500822
-0.15220422554499508 0.8779996191686307
-0.15220422554499508 -0.8779996191686307
0.14639268786696896 0.9039746576368369
0.14639268786696896 -0.9039746576368369
0.45808329677478177 0.7959749913133137
0.45808329677478177 -0.7959749913133137
0.03335066758927288 0.8844520016042633
0.03335066758927288 -0.8844520016042633
0.6302289246536966 0.6813872185462863
0.6302289246536966 -0.6813872185462863
0.9062504647529241 0.3150713116420793
0.9062504647529241 -0.3150713116420793
0.7681905853143223 0.5099340831042758
0.7681905853143223 -0.5099340831042758
0.9011470188995983 0.13576881234530574
0.9011470188995983 -0.13576881234530574
0.8768594174894189 0.0
0.8156865044481418 0.31719971032302696
0.8156865044481418 -0.31719971032302696
0.835761392753846 0.0
-0.40953006189105157 0.7615757127335785
-0.40953006189105157 -0.7615757127335785
-0.4694283914435129 0.7199907152769693
-0.4694283914435129 -0.7199907152769693
-0.5872982559958642 0.6250844034892629
-0.5872982559958642 -0.6250844034892629
0.5682504984857644 0.6055208342107915
0.5682504984857644 -0.6055208342107915
0.6961773561019275 0.4416021092668939
0.6961773561019275 -0.4416021092668939
0.2004917275303269 0.8025965514938598
0.2004917275303269 -0.8025965514938598
-0.8202429188477309 0.240241528484366
-0.8202429188477309 -0.240241528484366
0.7697202985678001 0.22774511880346568
0.7697202985678001 -0.22774511880346568
0.783560323889023 0.1543370461963203
0.783560323889023 -0.1543370461963203
0.2731259537493746 0.7660266885839149
0.2731259537493746 -0.7660266885839149
-0.6226152327119714 0.5413103406780659
-0.6226152327119714 -0.5413103406780659
-0.7011948094327256 0.4284544291300557
-0.7011948094327256 -0.4284544291300557
-0.05831491949628584 0.803628154515444
-0.05831491949628584 -0.803628154515444
-0.7949285084633091 0.04681240380937055
-0.7949285084633091 -0.04681240380937055
0.43697876754128206 0.6371147963007336
0.43697876754128206 -0.6371147963007336
-0.2393544091453148 0.7385316929588633
-0.2393544091453148 -0.7385316929588633
-0.7588007196431541 0.0
-0.5508823180999414 0.5557804653156877
-0.5508823180999414 -0.5557804653156877
0.4066774085024116 0.6413797005968886
0.4066774085024116 -0.6413797005968886
0.5883788801535009 0.473223506895253
0.5883788801535009 -0.473223506895253
-0.7434604886696644 0.20051443426534596
-0.7434604886696644 -0.20051443426534596
0.6173619021133582 0.38947804058538393
0.6173619021133582 -0.38947804058538393
-0.7065390481651364 0.24725931014631097
-0.7065390481651364 -0.24725931014631097
-0.6359558258349028 0.40108099194340374
-0.6359558258349028 -0.40108099194340374
0.23780181175941406 0.6916725645039652
0.23780181175941406 -0.6916725645039652
-0.09732496627982387 0.7097362631576709
-0.09732496627982387 -0.7097362631576709
0.7101420590650738 0.02804788574273142
0.7101420590650738 -0.02804788574273142
-0.49009653268361303 0.5045653746910613
-0.49009653268361303 -0.5045653746910613
-0.3127870906918739 0.6149732894072494
-0.3127870906918739 -0.6149732894072494
-0.6157585116770565 0.3128291594757974
-0.6157585116770565 -0.3128291594757974
-0.5790578008653027 0.36594219492134394
-0.5790578008653027 -0.36594219492134394
-0.6735822687478515 0.0
0.6190070518183054 0.24076778598924944
0.6190070518183054 -0.24076778598924944
-0.2616022869553562 0.6087089841603125
-0.2616022869553562 -0.6087089841603125
-0.6065555109715978 0.2255353325999665
-0.6065555109715978 -0.2255353325999665
0.6326370339273681 0.0
0.4770640788906404 0.46138643173147714
0.4770640788906404 -0.46138643173147714
0.41075258995444053 0.5111540505634088
0.41075258995444053 -0.5111540505634088
-0.07599171531472709 0.6319770387005308
-0.07599171531472709 -0.6319770387005308
0.15002770875726013 0.6188225665258561
0.15002770875726013 -0.6188225665258561
-0.0049427142252014555 0.6284035865588806
-0.0049427142252014555 -0.6284035865588806
0.5184824815117144 0.35013534998190987
0.5184824815117144 -0.35013534998190987
-0.3700942439816696 0.48461225089342347
-0.3700942439816696 -0.48461225089342347
-0.23068912794111623 0.5636726103037873
-0.23068912794111623 -0.5636726103037873
0.537184369310166 0.28248265677580764
0.537184369310166 -0.28248265677580764
0.049396626376742414 0.6070120328626296
0.049396626376742414 -0.6070120328626296
0.5821836863354577 0.13743778304670667
0.5821836863354577 -0.13743778304670667
-0.581010130498627 0.03761877893795432
-0.581010130498627 -0.03761877893795432
-0.43984589412017705 0.38495702002464116
-0.43984589412017705 -0.38495702002464116
-0.4871709337027419 0.30176038633552965
-0.4871709337027419 -0.30176038633552965
0.33138095142088747 0.47752670009506165
0.33138095142088747 -0.47752670009506165
0.24861630392461181 0.524245260365183
0.24861630392461181 -0.524245260365183
0.17673591349728202 0.5527019099346381
0.17673591349728202 -0.5527019099346381
-0.5226394571074545 0.0
-0.10893673845228728 0.5514184945270119
-0.10893673845228728 -0.5514184945270119
0.38503700672700225 0.4091190443444476
0.38503700672700225 -0.4091190443444476
0.4812735145238409 0.28542910368122615
0.4812735145238409 -0.28542910368122615
-0.265710435078437 0.47611913056523525
-0.265710435078437 -0.47611913056523525
-0.3521011487543507 0.39493667192098947
-0.3521011487543507 -0.39493667192098947
0.0016693985125116884 0.5284920333876539
0.0016693985125116884 -0.5284920333876539
-0.044163661956148216 0.5157660368041043
-0.044163661956148216 -0.5157660368041043
0.10923947152567393 0.5018928906796833
0.10923947152567393 -0.5018928906796833
0.5069004805524648 0.04356389958936715
0.5069004805524648 -0.04356389958936715
0.4833142190419778 0.14355859865887532
0.4833142190419778 -0.14355859865887532
0.2859208098995615 0.4099423782255237
0.2859208098995615 -0.4099423782255237
-0.36600471874217 0.32134669707390157
-0.36600471874217 -0.32134669707390157
-0.17152191761217325 0.46033159195895884
-0.17152191761217325 -0.46033159195895884
-0.42836688118151933 0.21828011277381307
-0.42836688118151933 -0.21828011277381307
0.17870523014149567 0.43978085683640217
0.17870523014149567 -0.43978085683640217
0.37980966899154656 0.2737898040071382
0.37980966899154656 -0.2737898040071382
0.4666887430083063 0.07055049599849543
0.4666887430083063 -0.07055049599849543
-0.4597938166283775 0.0718290766887759
-0.4597938166283775 -0.0718290766887759
-0.4345351982502822 0.15635171521328517
-0.4345351982502822 -0.15635171521328517
0.41918158124331323 0.19483700768299955
0.41918158124331323 -0.19483700768299955
-0.2279961066011994 0.3952751114032209
-0.2279961066011994 -0.3952751114032209
0.05753550328438023 0.43748169648562596
0.05753550328438023 -0.43748169648562596
-0.3591373423643557 0.24258997750322941
-0.3591373423643557 -0.24258997750322941
-0.2861349988463766 0.3284170687286995
-0.2861349988463766 -0.3284170687286995
-0.42309628524990867 0.0
0.36273082111582616 0.2372763308511487
0.36273082111582616 -0.2372763308511487
-0.03356782281845491 0.4326427869388752
-0.03356782281845491 -0.4326427869388752
0.41939870941548896 0.02057330960905263
0.41939870941548896 -0.02057330960905263
0.20538744966503994 0.35151714835656683
0.20538744966503994 -0.35151714835656683
-0.1608422987679189 0.3778422385508559
-0.1608422987679189 -0.3778422385508559
-0.38305635595327514 0.11716870175525092
-0.38305635595327514 -0.11716870175525092
0.37021198562489044 0.14431648667858973
0.37021198562489044 -0.14431648667858973
-0.29895191178404207 0.24877424907718035
-0.29895191178404207 -0.24877424907718035
-0.38731841423387403 0.01972254846671744
-0.38731841423387403 -0.01972254846671744
-0.2400239231084614 0.30428958423439173
-0.2400239231084614 -0.30428958423439173
0.26310407999476215 0.28646616996672936
0.26310407999476215 -0.28646616996672936
-0.37097087759568703 0.07700508990453946
-0.37097087759568703 -0.07700508990453946
0.3049477609922382 0.23486656854437418
0.3049477609922382 -0.23486656854437418
-0.24397262570369715 0.28653374403050236
-0.24397262570369715 -0.28653374403050236
-0.15529656538945433 0.34358909677659805
-0.15529656538945433 -0.34358909677659805
0.22302886971632155 0.29300378772821734
0.22302886971632155 -0.29300378772821734
0.032795263054651524 0.3671657335775927
0.032795263054651524 -0.3671657335775927
0.09346846145493051 0.35132598155283534
0.09346846145493051 -0.35132598155283534
0.36184882334208013 0.017563962789629385
0.36184882334208013 -0.017563962789629385
-0.0851123661643648 0.3600124770748126
-0.0851123661643648 -0.3600124770748126
0.31798980055973874 0.16811376696722724
0.31798980055973874 -0.16811376696722724
0.18205406406767854 0.3031905334039255
0.18205406406767854 -0.3031905334039255
-0.33448211682205375 0.12392448924597194
-0.33448211682205375 -0.12392448924597194
0.2699032248489407 0.22454093702491132
0.2699032248489407 -0.22454093702491132
-0.31934242587004663 0.1466941549811911
-0.31934242587004663 -0.1466941549811911
0.3347679867469002 0.0919726525361237
0.3347679867469002 -0.0919726525361237
-0.3382860568794385 0.0
-0.1058474290311841 0.3341146014686893
-0.1058474290311841 -0.3341146014686893
0.017103132122166576 0.3378044780678206
0.017103132122166576 -0.3378044780678206
-0.03287345969686378 0.33718673714629405
-0.03287345969686378 -0.33718673714629405
-0.30794781118570796 0.0
-0.1663957735003812 0.28376940767843073
-0.1663957735003812 -0.28376940767843073
-0.21510503928249497 0.2419388988467266
-0.21510503928249497 -0.2419388988467266
-0.29498717904358046 0.095522675938324
-0.29498717904358046 -0.095522675938324
-0.25872536044634686 0.17813678982335615
-0.25872536044634686 -0.17813678982335615
0.3110884976096041 0.053047811310561216
0.3110884976096041 -0.053047811310561216
0.14286472727095167 0.28390473392377213
0.14286472727095167 -0.28390473392377213
-0.287526392833162 0.022633538526346603
-0.287526392833162 -0.022633538526346603
0.20241931281589187 0.23557162147488325
0.20241931281589187 -0.23557162147488325
0.2562793734427897 0.17728152285575635
0.2562793734427897 -0.17728152285575635
-0.2454961035261076 0.1512556168992389
-0.2454961035261076 -0.1512556168992389
-0.26418435111559435 0.09400340806559151
-0.26418435111559435 -0.09400340806559151
0.06021061952420673 0.301249583129626
0.06021061952420673 -0.301249583129626
-0.12958840442248398 0.2653498117107393
-0.12958840442248398 -0.2653498117107393
-0.22541916021208103 0.17100574873188554
-0.22541916021208103 -0.17100574873188554
-0.1693079430737474 0.2344314933910665
-0.1693079430737474 -0.2344314933910665
0.03180932874306083 0.2976593176624877
0.03180932874306083 -0.2976593176624877
0.27567849910825326 0.13140075541381
0.27567849910825326 -0.13140075541381
0.041243751777491386 0.29533230738839095
0.041243751777491386 -0.29533230738839095
-0.0539057195282812 0.2901157163966832
-0.0539057195282812 -0.2901157163966832
0.11530827476795696 0.2693942062094252
0.11530827476795696 -0.2693942062094252
0.28399658450992166 0.08469811095675066
0.28399658450992166 -0.08469811095675066
0.0882429608736621 0.2748638336448634
0.0882429608736621 -0.2748638336448634
0.15956033537493275 0.24333648373581301
0.15956033537493275 -0.24333648373581301
-0.24860469533153579 0.10230889463755773
-0.24860469533153579 -0.10230889463755773
-0.16169730946934852 0.2247189283752135
-0.16169730946934852 -0.2247189283752135
0.2549161149841769 0.12626570787884348
0.2549161149841769 -0.12626570787884348
0.20011567558895477 0.1988723899530114
0.20011567558895477 -0.1988723899530114
0.2670475727767141 0.05280525985567377
0.2670475727767141 -0.05280525985567377
-0.08860137985586336 0.25871685762771324
-0.08860137985586336 -0.25871685762771324
0.2704318685023968 0.021062756573999905
0.2704318685023968 -0.021062756573999905
0.2259137320738302 0.15369330852085947
0.2259137320738302 -0.15369330852085947
-0.050290470837435645 0.2665719499270195
-0.050290470837435645 -0.2665719499270195
0.15996133167776302 0.21876947030675825
0.15996133167776302 -0.21876947030675825
-0.018327647722387624 0.2663765443711228
-0.018327647722387624 -0.2663765443711228
0.21880762448809277 0.15227460763799147
0.21880762448809277 -0.15227460763799147
-0.18467778857192704 0.18690008691702398
-0.18467778857192704 -0.18690008691702398
0.25078081533251806 0.0829352602890807
0.25078081533251806 -0.0829352602890807
0.13291915985562186 0.2285285260926386
0.13291915985562186 -0.2285285260926386
-0.24890810990504703 0.06333220209984372
-0.24890810990504703 -0.06333220209984372
-0.25020672347620043 0.028692844232004137
-0.25020672347620043 -0.028692844232004137
-0.13179805737020997 0.22521020101548594
-0.13179805737020997 -0.22521020101548594
-0.18839353562002728 0.1632613088982218
-0.18839353562002728 -0.1632613088982218
-0.14498075724806408 0.20666943495344398
-0.14498075724806408 -0.20666943495344398
-0.23940831388285377 0.0
-0.21706087398896326 0.12316235220961902
-0.21706087398896326 -0.12316235220961902
-0.2247724127823529 0.09028187754606368
-0.2247724127823529 -0.09028187754606368
-0.20202198178072667 0.13807185724570742
-0.20202198178072667 -0.13807185724570742
-0.2139721530556229 0.11451736904392637
-0.2139721530556229 -0.11451736904392637
-0.08771971472427677 0.23877335729412952
-0.08771971472427677 -0.23877335729412952
0.1846714084981016 0.18355035544297474
0.1846714084981016 -0.18355035544297474
0.25171111407779256 0.0622889895186116
0.25171111407779256 -0.0622889895186116
-0.1594082225290674 0.17937885704818934
-0.1594082225290674 -0.17937885704818934
0.07943787796642016 0.2351482146756395
0.07943787796642016 -0.2351482146756395
0.14204687992154985 0.19775127055621003
0.14204687992154985 -0.19775127055621003
0.1669329253329362 0.16960088550474203
0.1669329253329362 -0.16960088550474203
0.2353341132891068 0.026221124671399303
0.2353341132891068 -0.026221124671399303
0.12328782496612685 0.20646755006653825
0.12328782496612685 -0.20646755006653825
0.0035145337068786405 0.2448629284710457
0.0035145337068786405 -0.2448629284710457
0.23584440373476484 0.010660567322027225
0.23584440373476484 -0.010660567322027225
0.11029122533485447 0.2119352231774564
0.11029122533485447 -0.2119352231774564
0.051635725289986154 0.2325419316649856
0.051635725289986154 -0.2325419316649856
0.19669735825043314 0.12561849845028158
0.19669735825043314 -0.12561849845028158
0.01651085980588691 0.2365893760800895
0.01651085980588691 -0.2365893760800895
-0.08421036571747174 0.22123259148223526
-0.08421036571747174 -0.22123259148223526
-0.007315697955751002 0.23533777217701243
-0.007315697955751002 -0.23533777217701243
0.18529783660795324 0.13916646120076126
0.18529783660795324 -0.13916646120076126
0.029898608228864112 0.23368776641748046
0.029898608228864112 -0.23368776641748046
-0.055425134201756 0.22911406584735788
-0.055425134201756 -0.22911406584735788
-0.06249108939094838 0.22443679860209997
-0.06249108939094838 -0.22443679860209997
0.208903386671194 0.09142209132289508
0.208903386671194 -0.09142209132289508
-0.10042769368339582 0.20908426699971758
-0.10042769368339582 -0.20908426699971758
-0.21221467950595682 0.08267056875706827
-0.21221467950595682 -0.08267056875706827
-0.2235341771247064 0.03780275939319371
-0.2235341771247064 -0.03780275939319371
-0.1751110603004658 0.14214108262089484
-0.1751110603004658 -0.14214108262089484
-0.218103289700766 0.05572866183695329
-0.218103289700766 -0.05572866183695329
-0.11841440242255302 0.19616789253414338
-0.11841440242255302 -0.19616789253414338
0.22254444036015883 0.0
0.21194599164688466 0.07589147610837349
0.21194599164688466 -0.07589147610837349
-0.15666058282103246 0.1641590057230208
-0.15666058282103246 -0.1641590057230208
0.21684686040951762 0.05240569262845048
0.21684686040951762 -0.05240569262845048
-0.21916785351035378 0.008574621634249217
-0.21916785351035378 -0.008574621634249217
0.16565750847710997 0.13979207141590663
0.16565750847710997 -0.13979207141590663
0.09209645306495565 0.2012033482734763
0.09209645306495565 -0.2012033482734763
0.07865750005092956 0.20765698844542022
0.07865750005092956 -0.20765698844542022
-0.13209174749512048 0.17563581692624336
-0.13209174749512048 -0.17563581692624336
0.02217345300111874 0.22065643705892146
0.02217345300111874 -0.22065643705892146
0.06624800719930433 0.20966135174544437
0.06624800719930433 -0.20966135174544437
0.21035573647579406 0.047214198854955584
0.21035573647579406 -0.047214198854955584
0.17538962782138415 0.11973382365136909
0.17538962782138415 -0.11973382365136909
0.13632395874291353 0.16675399745898567
0.13632395874291353 -0.16675399745898567
0.19729507447822814 0.07662392176815848
0.19729507447822814 -0.07662392176815848
0.11891642377844902 0.1782619720630273
0.11891642377844902 -0.1782619720630273
-0.019921873638108337 0.21145537934165795
-0.019921873638108337 -0.21145537934165795
-0.19087658255895745 0.09150879497768115
-0.19087658255895745 -0.09150879497768115
-0.21422409153444283 0.013518856448203956
-0.21422409153444283 -0.013518856448203956
-0.03701274792583715 0.20898855829169952
-0.03701274792583715 -0.20898855829169952
-0.2089395593736788 0.034675045713710155
-0.2089395593736788 -0.034675045713710155
-0.17227839496100666 0.11522061436924752
-0.17227839496100666 -0.11522061436924752
0.11137635304006233 0.1768046318440364
0.11137635304006233 -0.1768046318440364
0.20570823891508216 0.022208339235579914
0.20570823891508216 -0.022208339235579914
-0.1897816589553148 0.07160797195975849
-0.1897816589553148 -0.07160797195975849
-0.1434267909693695 0.1395307818526437
-0.1434267909693695 -0.1395307818526437
-0.11236515985839299 0.16823601528310908
-0.11236515985839299 -0.16823601528310908
-0.07644088378793448 0.18877409971287798
-0.07644088378793448 -0.18877409971287798
-0.05230352640072812 0.2009934202258921
-0.05230352640072812 -0.2009934202258921
-0.028799873041751023 0.20528597781607483
-0.028799873041751023 -0.20528597781607483
0.004194196152854713 0.2109031953815695
0.004194196152854713 -0.2109031953815695
0.029264608172516082 0.207063382948357
0.029264608172516082 -0.207063382948357
0.0603333744233063 0.19889425784738513
0.0603333744233063 -0.19889425784738513
0.08373813759899429 0.18590588204934325
0.08373813759899429 -0.18590588204934325
0.14391005678503804 0.14024953386934771
0.14391005678503804 -0.14024953386934771
0.1770444214305481 0.09770018178111883
0.1770444214305481 -0.09770018178111883
0.1724454958402999 0.10266750135938028
0.1724454958402999 -0.10266750135938028
0.12692520613260183 0.15215745288270915
0.12692520613260183 -0.15215745288270915
0.18861844122452517 0.05981563360686221
0.18861844122452517 -0.05981563360686221
0.1960282085212473 0.039297826033435866
0.1960282085212473 -0.039297826033435866
0.15309325985035643 0.12136940982036004
0.15309325985035643 -0.12136940982036004
0.1982481051727104 0.01958012949357645
0.1982481051727104 -0.01958012949357645
-0.08917434983353845 0.1759843560032579
-0.08917434983353845 -0.1759843560032579
-0.1251608267394021 0.1521393462660409
-0.1251608267394021 -0.1521393462660409
-0.14655147261722784 0.1320006398164659
-0.14655147261722784 -0.1320006398164659
-0.19569809564257645 0.0
-0.16528305737989923 0.10619869453086409
-0.16528305737989923 -0.10619869453086409
-0.18775200883085355 0.049659473588133544
-0.18775200883085355 -0.049659473588133544
-0.1746704442615765 0.08698144449639483
-0.1746704442615765 -0.08698144449639483
0.19446218293881967 0.0
-0.1753165221654957 0.07979791595436758
-0.1753165221654957 -0.07979791595436758
0.18166325299738728 0.05810182080274097
0.18166325299738728 -0.05810182080274097
-0.024437918381716474 0.1905436252498121
-0.024437918381716474 -0.1905436252498121
0.14365579835516062 0.11974932027966549
0.14365579835516062 -0.11974932027966549
0.159649826820501 0.096411273799946
0.159649826820501 -0.096411273799946
-0.011288722172535329 0.1900450863639636
-0.011288722172535329 -0.1900450863639636
0.029795224178369134 0.186466616650182
0.029795224178369134 -0.186466616650182
-0.08915491216757122 0.16456800398155638
-0.08915491216757122 -0.16456800398155638
0.07547601685336355 0.17414787874883428
0.07547601685336355 -0.17414787874883428
-0.18920028692568885 0.01466655522400216
-0.18920028692568885 -0.01466655522400216
0.09870553295314319 0.15772027933736038
0.09870553295314319 -0.15772027933736038
-0.18490956917211365 0.025889683943088704
-0.18490956917211365 -0.025889683943088704
0.11490857514893585 0.14549844933679928
0.11490857514893585 -0.14549844933679928
-0.11857578646187711 0.1412709607501047
-0.11857578646187711 -0.1412709607501047
-0.13990382847725785 0.11688884117891
-0.13990382847725785 -0.11688884117891
0.1283002422315763 0.1288667342022607
0.1283002422315763 -0.1288667342022607
-0.14665460682600806 0.10525438999111267
-0.14665460682600806 -0.10525438999111267
0.1869102273591141 0.0015305947852933442
0.1869102273591141 -0.0015305947852933442
0.162862080782115 0.08123809214670331
0.162862080782115 -0.08123809214670331
0.049625110218001346 0.1787215496053118
0.049625110218001346 -0.1787215496053118
0.05749371183004373 0.1752216417426178
0.05749371183004373 -0.1752216417426178
-0.052428715848581 0.17798100548423343
-0.052428715848581 -0.17798100548423343
0.11106180835460097 0.13866874417528266
0.11106180835460097 -0.13866874417528266
-0.135529405310013 0.11404956019551309
-0.135529405310013 -0.11404956019551309
-0.10715568377014334 0.14067053273428187
-0.10715568377014334 -0.14067053273428187
-0.09672328183916076 0.14860605609981184
-0.09672328183916076 -0.14860605609981184
-0.17672488992006122 0.04144366422966587
-0.17672488992006122 -0.04144366422966587
0.14490471849618153 0.1003117531221996
0.14490471849618153 -0.1003117531221996
0.12735112452163086 0.11651966485216508
0.12735112452163086 -0.11651966485216508
-0.03816920712620657 0.17592227635932794
-0.03816920712620657 -0.17592227635932794
0.17047062570191132 0.05223358235471027
0.17047062570191132 -0.05223358235471027
-0.17160170772560857 0.048620371925774265
-0.17160170772560857 -0.048620371925774265
0.17286559508219257 0.026087686404654933
0.17286559508219257 -0.026087686404654933
-0.07193627355580903 0.16166259301676586
-0.07193627355580903 -0.16166259301676586
-0.15528714152102752 0.07951184226852326
-0.15528714152102752 -0.07951184226852326
0.15109161099216614 0.07593266773825802
0.15109161099216614 -0.07593266773825802
0.15569371903772725 0.015043342907325608
0.15569371903772725 -0.015043342907325608
-0.11545346330575001 0.12512837673203345
-0.11545346330575001 -0.12512837673203345
0.005414814841966813 0.17689831146082302
0.005414814841966813 -0.17689831146082302
0.12277145502484424 0.11189743867628994
0.12277145502484424 -0.11189743867628994
-0.16427458335309933 0.029010612607704114
-0.16427458335309933 -0.029010612607704114
-0.1543166425191219 0.05801115860566278
-0.1543166425191219 -0.05801115860566278
0.1293289154598325 0.09441641556790596
0.1293289154598325 -0.09441641556790596
-0.16585822601745023 0.0
0.08825847248728111 0.14062511115234003
0.08825847248728111 -0.14062511115234003
-0.0609137455129337 0.16255297075119915
-0.0609137455129337 -0.16255297075119915
0.014785957840776149 0.17120431949731085
0.014785957840776149 -0.17120431949731085
-0.11939726302955957 0.10666182451935352
-0.11939726302955957 -0.10666182451935352
0.030997937728645765 0.16222972110980763
0.030997937728645765 -0.16222972110980763
0.05554709883526203 0.1569396194396135
0.05554709883526203 -0.1569396194396135
-0.029126219912289517 0.16614867204908093
-0.029126219912289517 -0.16614867204908093
0.059353146026254106 0.15326969754244427
0.059353146026254106 -0.15326969754244427
-0.04658195868166238 0.16120208523543064
-0.04658195868166238 -0.16120208523543064
-0.01209606483755609 0.16579575371805177
-0.01209606483755609 -0.16579575371805177
-0.07993692402921626 0.14286844385188555
-0.07993692402921626 -0.14286844385188555
-0.06914588109144414 0.14928496264586544
-0.06914588109144414 -0.14928496264586544
0.03828885017465895 0.15767214724547524
0.03828885017465895 -0.15767214724547524
-0.16033852350158354 0.005504796203428312
-0.16033852350158354 -0.005504796203428312
-0.14595253817188203 0.06158899757227767
-0.14595253817188203 -0.06158899757227767
-0.15418930394774952 0.038312352017901695
-0.15418930394774952 -0.038312352017901695
-0.0720084940924754 0.14134579845701772
-0.0720084940924754 -0.14134579845701772
0.1392813217139009 0.07274950496057207
0.1392813217139009 -0.07274950496057207
0.1053711754093745 0.1176033608201679
0.1053711754093745 -0.1176033608201679
0.08969108066620164 0.12661905408555257
0.08969108066620164 -0.12661905408555257
-0.12923151219327858 0.0868808533072309
-0.12923151219327858 -0.0868808533072309
0.0073036964037112365 0.15845215948758737
0.0073036964037112365 -0.15845215948758737
0.07863226533967718 0.13138760989320092
0.07863226533967718 -0.13138760989320092
-0.08722491299921958 0.1284936681534261
-0.08722491299921958 -0.1284936681534261
-0.11544376962833622 0.10046985618501734
-0.11544376962833622 -0.10046985618501734
-0.14739360611233843 0.01755466454136172
-0.14739360611233843 -0.01755466454136172
-0.13392638279027513 0.07018142476263683
-0.13392638279027513 -0.07018142476263683
-0.07811607638280578 0.12660999879069246
-0.07811607638280578 -0.12660999879069246
-0.13515902648555272 0.05613143391520126
-0.13515902648555272 -0.05613143391520126
-0.021383274075050557 0.14991934997850026
-0.021383274075050557 -0.14991934997850026
0.14713827542929525 0.03717904406160548
0.14713827542929525 -0.03717904406160548
0.13342642541962668 0.06448737449016179
0.13342642541962668 -0.06448737449016179
0.1394986885396679 0.049160160739340895
0.1394986885396679 -0.049160160739340895
0.11306826512771113 0.09427902969143248
0.11306826512771113 -0.09427902969143248
0.14425343556423836 0.02616895811000901
0.14425343556423836 -0.02616895811000901
0.06542517985770323 0.12820414225930982
0.06542517985770323 -0.12820414225930982
-0.1102233044719772 0.0891461311971204
-0.1102233044719772 -0.0891461311971204
0.09142464080438395 0.10993094837833892
0.09142464080438395 -0.10993094837833892
0.10117457388497364 0.10275136216859047
0.10117457388497364 -0.10275136216859047
0.14467847921601878 0.009929709287786767
0.14467847921601878 -0.009929709287786767
-0.14322347878445832 0.0
-0.08512074429949283 0.1126379059788798
-0.08512074429949283 -0.1126379059788798
-0.1201906244587066 0.06520433878864607
-0.1201906244587066 -0.06520433878864607
-0.02627525682984279 0.14259576030295465
-0.02627525682984279 -0.14259576030295465
-0.03388556490975343 0.13949086326369212
-0.03388556490975343 -0.13949086326369212
0.010406811210730586 0.1403803500232086
0.010406811210730586 -0.1403803500232086
0.04433503077590721 0.13729788894857559
0.04433503077590721 -0.13729788894857559
0.05321755100801298 0.13406099738430508
0.05321755100801298 -0.13406099738430508
0.13832862957932474 0.03389880233044763
0.13832862957932474 -0.03389880233044763
0.0999681561450069 0.09883592350000198
0.0999681561450069 -0.09883592350000198
0.12985519980915786 0.05220915229782162
0.12985519980915786 -0.05220915229782162
0.08644246650440146 0.10793157772868384
0.08644246650440146 -0.10793157772868384
0.12130500512952413 0.06205060527455454
0.12130500512952413 -0.06205060527455454
0.05670348958603908 0.12698085844942267
0.05670348958603908 -0.12698085844942267
-0.13439117356390481 0.0
-0.08959533778971245 0.10075004264276036
-0.08959533778971245 -0.10075004264276036
-0.050506972958531016 0.12665453350655725
-0.050506972958531016 -0.12665453350655725
-0.0991973476207142 0.0902429928389444
-0.0991973476207142 -0.0902429928389444
0.0003976945603639745 0.13970549647946376
0.0003976945603639745 -0.13970549647946376
0.13607005944941142 0.013054331954023706
0.13607005944941142 -0.013054331954023706
-0.13391185575648595 0.03395573167767759
-0.13391185575648595 -0.03395573167767759
-0.12280915018457285 0.05430068446813784
-0.12280915018457285 -0.05430068446813784
-0.06959554577162788 0.10948045549925836
-0.06959554577162788 -0.10948045549925836
0.07117719346159133 0.10723020957095009
0.07117719346159133 -0.10723020957095009
0.020574177098629604 0.13441186506154096
0.020574177098629604 -0.13441186506154096
-0.1304314303411216 0.02424618450188948
-0.1304314303411216 -0.02424618450188948
-0.03045654967220358 0.1311906560255042
-0.03045654967220358 -0.1311906560255042
-0.12054730573300781 0.043761301530861815
-0.12054730573300781 -0.043761301530861815
0.12352856754522776 0.032041938853584646
0.12352856754522776 -0.032041938853584646
-0.12416744471948031 0.014579239814843395
-0.12416744471948031 -0.014579239814843395
0.10018838697336588 0.07592552933800766
0.10018838697336588 -0.07592552933800766
0.03062365644650343 0.12623572256916102
0.03062365644650343 -0.12623572256916102
0.058910656688984125 0.1144961504775215
0.058910656688984125 -0.1144961504775215
0.1263397943376465 0.0
-0.09648264512562932 0.07786307334895695
-0.09648264512562932 -0.07786307334895695
-0.05532190689893347 0.11341642644458799
-0.05532190689893347 -0.11341642644458799
0.11903308735401447 0.008564361830527724
0.11903308735401447 -0.008564361830527724
0.1096774476947876 0.05027202587779353
0.1096774476947876 -0.05027202587779353
-0.07255544173664709 0.09969592406574933
-0.07255544173664709 -0.09969592406574933
-0.008019970596866419 0.12668722918859027
-0.008019970596866419 -0.12668722918859027
-0.10988727935208382 0.04488475340732769
-0.10988727935208382 -0.04488475340732769
0.07903835280019109 0.09217759826381691
0.07903835280019109 -0.09217759826381691
0.09011969271441611 0.0760080096565364
0.09011969271441611 -0.0760080096565364
-0.0982880286710276 0.06382671389166056
-0.0982880286710276 -0.06382671389166056
-0.04027100459484018 0.11462529537222951
-0.04027100459484018 -0.11462529537222951
0.05759270169229437 0.10616679741776662
0.05759270169229437 -0.10616679741776662
-0.020665196734582864 0.12042290013223891
-0.020665196734582864 -0.12042290013223891
-0.05906423742662727 0.1031084303981822
-0.05906423742662727 -0.1031084303981822
0.03458909267269955 0.11426608365440483
0.03458909267269955 -0.11426608365440483
0.06855317087058543 0.09457457194873416
0.06855317087058543 -0.09457457194873416
0.006801631614316583 0.1206317919932093
0.006801631614316583 -0.1206317919932093
-0.08295143166292002 0.07968430009923438
-0.08295143166292002 -0.07968430009923438
0.11037025484433692 0.036244112437399806
0.11037025484433692 -0.036244112437399806
0.11855453015787767 0.011551825333262137
0.11855453015787767 -0.011551825333262137
-0.10948763893666533 0.0344804162304199
-0.10948763893666533 -0.0344804162304199
0.04164177495931659 0.1080564375320449
0.04164177495931659 -0.1080564375320449
-0.11245598795569732 0.003778328116652124
-0.11245598795569732 -0.003778328116652124
-0.0652519480326352 0.09110716671263508
-0.0652519480326352 -0.09110716671263508
-0.10178450548485601 0.0464229197766977
-0.10178450548485601 -0.0464229197766977
-0.0039596169728733765 0.11394536822579453
-0.0039596169728733765 -0.11394536822579453
0.0866627451411087 0.06565257014964081
0.0866627451411087 -0.06565257014964081
0.04415323910882782 0.1015945824662029
0.04415323910882782 -0.1015945824662029
0.10300325173958613 0.03712376592413397
0.10300325173958613 -0.03712376592413397
-0.06896030050402813 0.08457985346028697
-0.06896030050402813 -0.08457985346028697
-0.08266047950105204 0.0646561298687839
-0.08266047950105204 -0.0646561298687839
0.01572463204502364 0.10947612991067095
0.01572463204502364 -0.10947612991067095
0.0633185261907934 0.08060352851212828
0.0633185261907934 -0.08060352851212828
-0.03451721906749966 0.10212298524411469
-0.03451721906749966 -0.10212298524411469
0.001687979251064186 0.10977210290025559
0.001687979251064186 -0.10977210290025559
0.07219470941957681 0.06720158614820787
0.07219470941957681 -0.06720158614820787
-0.0217201687181785 0.10428149719910307
-0.0217201687181785 -0.10428149719910307
-0.10279335862869166 0.01068963238490684
-0.10279335862869166 -0.01068963238490684
0.1037891946838719 0.02164045407928097
0.1037891946838719 -0.02164045407928097
0.10435210929700398 0.005733018100464116
0.10435210929700398 -0.005733018100464116
0.03679844411377951 0.09892135402696067
0.03679844411377951 -0.09892135402696067
-0.04038145583751612 0.09701295731285794
-0.04038145583751612 -0.09701295731285794
0.09314561265625823 0.023467110482805954
0.09314561265625823 -0.023467110482805954
0.08168603382790222 0.047091411833256804
0.08168603382790222 -0.047091411833256804
0.08613730346592785 0.037603676984068884
0.08613730346592785 -0.037603676984068884
-0.09016359306172526 0.04698657152562167
-0.09016359306172526 -0.04698657152562167
0.0695454537566138 0.06299441836505511
0.0695454537566138 -0.06299441836505511
-0.10261138222788298 0.0
0.05484606486950006 0.07413771652305154
0.05484606486950006 -0.07413771652305154
-0.09359642102286458 0.03147068105867756
-0.09359642102286458 -0.03147068105867756
-0.05185522948629409 0.08426291886993625
-0.05185522948629409 -0.08426291886993625
-0.08493002912001436 0.045019995265590904
-0.08493002912001436 -0.045019995265590904
-0.09595921821584971 0.01204398143065705
-0.09595921821584971 -0.01204398143065705
0.02530427832498444 0.09087384072590067
0.02530427832498444 -0.09087384072590067
-0.076850341607333 0.05225870550513113
-0.076850341607333 -0.05225870550513113
-0.010694749163215174 0.093408145483098
-0.010694749163215174 -0.093408145483098
0.014406706728726494 0.09133384597239134
0.014406706728726494 -0.09133384597239134
-0.08741152955754075 0.021093628656224193
-0.08741152955754075 -0.021093628656224193
-0.048954685966356 0.07513431383050878
-0.048954685966356 -0.07513431383050878
0.003841200906779526 0.09126508358982599
0.003841200906779526 -0.09126508358982599
-0.0361354707785809 0.08044263322413464
-0.0361354707785809 -0.08044263322413464
-0.06353254307983291 0.05823116608574979
-0.06353254307983291 -0.05823116608574979
-0.0546119486835499 0.06380077453159548
-0.0546119486835499 -0.06380077453159548
0.0844009046739769 0.026018821325276456
0.0844009046739769 -0.026018821325276456
-0.08471337791972829 0.0
-0.06908351941420224 0.0433544089337798
-0.06908351941420224 -0.0433544089337798
0.036116130043875726 0.07658209641143766
0.036116130043875726 -0.07658209641143766
0.07646156707405541 0.03710856877477974
0.07646156707405541 -0.03710856877477974
0.07153840970822875 0.043604770947162266
0.07153840970822875 -0.043604770947162266
-0.0816324779958819 0.0
0.04712093325249073 0.06537145220926736
0.04712093325249073 -0.06537145220926736
0.01745940553869833 0.07938883374151119
0.01745940553869833 -0.07938883374151119
-0.020213810138372222 0.07820633131030509
-0.020213810138372222 -0.07820633131030509
-0.032931597734227325 0.07123430515398728
-0.032931597734227325 -0.07123430515398728
-0.061237133189105286 0.04588411775761323
-0.061237133189105286 -0.04588411775761323
0.05688419580196363 0.055238871582798
0.05688419580196363 -0.055238871582798
-0.06631457122788613 0.03106338977076211
-0.06631457122788613 -0.03106338977076211
-0.035902843442673 0.06421347337899835
-0.035902843442673 -0.06421347337899835
0.05862421869905765 0.04572193613947959
0.05862421869905765 -0.04572193613947959
-0.010669348233970546 0.07606948701714977
-0.010669348233970546 -0.07606948701714977
-0.05026531225024537 0.04694797073825913
-0.05026531225024537 -0.04694797073825913
0.07583109262041995 0.011624182249078572
0.07583109262041995 -0.011624182249078572
0.0728640150543772 0.023726458387750702
0.0728640150543772 -0.023726458387750702
-0.07198034871984046 0.009586807151714751
-0.07198034871984046 -0.009586807151714751
-0.06455274919912579 0.014410477636327183
-0.06455274919912579 -0.014410477636327183
-0.015254328860007455 0.07070982884513893
-0.015254328860007455 -0.07070982884513893
-0.005115684718383279 0.07128911044586746
-0.005115684718383279 -0.07128911044586746
0.02255404480968689 0.06744677904136855
0.02255404480968689 -0.06744677904136855
-0.055138678572592 0.028035249709330478
-0.055138678572592 -0.028035249709330478
0.06995746312645114 0.013558268287658479
0.06995746312645114 -0.013558268287658479
0.00449394313895279 0.06934724097360713
0.00449394313895279 -0.06934724097360713
-0.058593807282258985 0.0
-0.04317400698068015 0.04170234143527272
-0.04317400698068015 -0.04170234143527272
-0.026727085978509472 0.05660958590418181
-0.026727085978509472 -0.05660958590418181
0.043527076473877574 0.04589008364773646
0.043527076473877574 -0.04589008364773646
0.05869754372855514 0.024741730744576102
0.05869754372855514 -0.024741730744576102
0.0303610922955879 0.05452554317281434
0.0303610922955879 -0.05452554317281434
-0.041198703278570295 0.03287779428706535
-0.041198703278570295 -0.03287779428706535
0.06224516043179769 0.0
-0.04579820405217324 0.0
0.05646917247653962 0.015885827270125115
0.05646917247653962 -0.015885827270125115
0.009355470236274772 0.058635150848258454
0.009355470236274772 -0.058635150848258454
-0.029214158990562598 0.04149839617574331
-0.029214158990562598 -0.04149839617574331
0.045361065626366714 0.03174135076887936
0.045361065626366714 -0.03174135076887936
-0.030029556972548756 0.03724353696686052
-0.030029556972548756 -0.03724353696686052
0.05032377801998396 0.019452827610219728
0.05032377801998396 -0.019452827610219728
-0.007241060684852044 0.05236549714158873
-0.007241060684852044 -0.05236549714158873
0.028146329310527213 0.04040999086191865
0.028146329310527213 -0.04040999086191865
0.011670514547724786 0.04878082976277892
0.011670514547724786 -0.04878082976277892
-0.0015939699243131648 0.0478640380104429
-0.0015939699243131648 -0.0478640380104429
0.020574804254610113 0.03684050788412619
0.020574804254610113 -0.03684050788412619
0.008044350356717887 0.044256945202883514
0.008044350356717887 -0.044256945202883514
0.04194771934082099 0.014051891447440722
0.04194771934082099 -0.014051891447440722
-0.03214157884176786 0.024156722961715275
-0.03214157884176786 -0.024156722961715275
0.03718311424218027 0.0
-0.03578697390273618 0.01387261002346928
-0.03578697390273618 -0.01387261002346928
-0.013913502030893466 0.03469556955716032
-0.013913502030893466 -0.03469556955716032
0.026531976262744006 0.022617958187223137
0.026531976262744006 -0.022617958187223137
-0.03428578576229063 0.0
-0.030160438965694696 0.009090585596399277
-0.030160438965694696 -0.009090585596399277
0.014773182058694219 0.021397970352094293
0.014773182058694219 -0.021397970352094293
0.026735435721061636 0.0
-0.006172541384708715 0.028512434620924752
-0.006172541384708715 -0.028512434620924752
0.0013351238955884577 0.028287076181472814
0.0013351238955884577 -0.028287076181472814
0.015060223920305118 0.005230355141053577
0.015060223920305118 -0.005230355141053577
0.005085428791201045 0.008548449979266272
0.005085428791201045 -0.008548449979266272
-0.01989411167698941 0.0
-0.012492086137796673 0.009737596099808971
-0.012492086137796673 -0.009737596099808971
-0.0018290734281725329 0.0
