1.3102156110102503 1.9010196409982554
1.3102156110102503 -1.9010196409982554
-2.234695814844745 0.0
-0.9521775825011504 0.5732637400023552
-0.9521775825011504 -0.5732637400023552
-0.689900543855775 0.7953788637327975
-0.689900543855775 -0.7953788637327975
-0.9250160086978629 0.43901918514987853
-0.9250160086978629 -0.43901918514987853
-0.8842106820497464 0.42650446842708983
-0.8842106820497464 -0.42650446842708983
-0.7896311709637922 0.5923743591815526
-0.7896311709637922 -0.5923743591815526
-0.4531884637004978 0.9124176147702697
-0.4531884637004978 -0.9124176147702697
-0.4435909996204611 0.8757748984443933
-0.4435909996204611 -0.8757748984443933
-0.3230123747520995 0.9396784337685679
-0.3230123747520995 -0.9396784337685679
-0.11118430964836423 0.9898938629315585
-0.11118430964836423 -0.9898938629315585
0.23454408078043734 0.9826303535122302
0.23454408078043734 -0.9826303535122302
0.09052203702062744 0.9903747133775506
0.09052203702062744 -0.9903747133775506
0.4122191025694548 0.9089291005429447
0.4122191025694548 -0.9089291005429447
0.7505455937970791 0.7511814979175212
0.7505455937970791 -0.7511814979175212
0.5840025266633069 0.8095665709630686
0.5840025266633069 -0.8095665709630686
0.5453947718245071 0.81229149345584
0.5453947718245071 -0.81229149345584
0.8951905309150288 0.5053815938656523
0.8951905309150288 -0.5053815938656523
0.6938397527166336 0.7087564555325976
0.6938397527166336 -0.7087564555325976
0.7502805871661795 0.6538825151318478
0.7502805871661795 -0.6538825151318478
1.0888039757334669 0.0
1.0760241804657278 0.0
0.9500204319593637 0.3495421486328383
0.9500204319593637 -0.3495421486328383
0.6555638421142722 0.6492473082486304
0.6555638421142722 -0.6492473082486304
0.9360439688173068 0.2104448029447908
0.9360439688173068 -0.2104448029447908
0.9690832788593811 0.0
0.9786887771493413 0.077028533845733
0.9786887771493413 -0.077028533845733
0.43162014071324417 0.8477836845695665
0.43162014071324417 -0.8477836845695665
0.8815086594159887 0.3085076254352537
0.8815086594159887 -0.3085076254352537
0.24081439802028803 0.9142032394214803
0.24081439802028803 -0.9142032394214803
-0.23252486880594925 0.9445866005175135
-0.23252486880594925 -0.9445866005175135
0.8280929973043053 0.40769584491573474
0.8280929973043053 -0.40769584491573474
0.7367415572878445 0.552055170134323
0.7367415572878445 -0.552055170134323
-0.5388630440017366 0.788523641728288
-0.5388630440017366 -0.788523641728288
0.07278132013390134 0.9397367449175631
0.07278132013390134 -0.9397367449175631
-0.9725978952894724 0.0
-0.9137134786884706 0.3217420953296698
-0.9137134786884706 -0.3217420953296698
0.4832823808835943 0.7856852032505249
0.4832823808835943 -0.7856852032505249
-0.9362822115707421 0.22165183467986332
-0.9362822115707421 -0.22165183467986332
-0.5970249992291055 0.7126223806515599
-0.5970249992291055 -0.7126223806515599
-0.12725748654294408 0.9296619478390109
-0.12725748654294408 -0.9296619478390109
-0.4462610912068787 0.8330874861036265
-0.4462610912068787 -0.8330874861036265
-0.06495757065473534 0.9187373696142576
-0.06495757065473534 -0.9187373696142576
-0.8554289245735367 0.37307996631452817
-0.8554289245735367 -0.37307996631452817
-0.9332697110626401 0.0
-0.7566636894707308 0.5340580416207169
-0.7566636894707308 -0.5340580416207169
-0.7217414973903702 0.5730811742221742
-0.7217414973903702 -0.5730811742221742
-0.5267753295137396 0.7438549079716728
-0.5267753295137396 -0.7438549079716728
-0.37747252351905547 0.8350896023847851
-0.37747252351905547 -0.8350896023847851
-0.6825756395698916 0.6062203705701913
-0.6825756395698916 -0.6062203705701913
0.5425907068867685 0.7148643945370995
0.5425907068867685 -0.7148643945370995
-0.9114284417449547 0.1595157309174023
-0.9114284417449547 -0.1595157309174023
-0.19010825602985837 0.8900943671163266
-0.19010825602985837 -0.8900943671163266
-0.7674080346871222 0.45942612912548836
-0.7674080346871222 -0.45942612912548836
-0.8996092317629999 0.11345683264782777
-0.8996092317629999 -0.11345683264782777
-0.9035941606823137 0.0418484270462673
-0.9035941606823137 -0.0418484270462673
0.7564556174210271 0.4970071416974858
0.7564556174210271 -0.4970071416974858
0.9049206988843703 0.0
0.8758750676336364 0.1671541227263293
0.8758750676336364 -0.1671541227263293
0.26779480756011687 0.840346478026128
0.26779480756011687 -0.840346478026128
0.3622999984639937 0.8094145530533197
0.3622999984639937 -0.8094145530533197
-0.8269836289529784 0.24775016496773059
-0.8269836289529784 -0.24775016496773059
0.1526843428332033 0.8645995733345475
0.1526843428332033 -0.8645995733345475
0.07359911495300633 0.8730801152912956
0.07359911495300633 -0.8730801152912956
-0.009465401404603585 0.8685360785910746
-0.009465401404603585 -0.8685360785910746
-0.2029289105391787 0.8365077164681755
-0.2029289105391787 -0.8365077164681755
-0.29341692752981413 0.8008765490264269
-0.29341692752981413 -0.8008765490264269
0.7925253349110417 0.3958283731720457
0.7925253349110417 -0.3958283731720457
0.630873049313307 0.5973330425514983
0.630873049313307 -0.5973330425514983
0.8716485899080507 0.0
-0.6009296080337497 0.5825720602872625
-0.6009296080337497 -0.5825720602872625
0.8734550632767061 0.06884382516519263
0.8734550632767061 -0.06884382516519263
-0.7296841350270187 0.41464396173666934
-0.7296841350270187 -0.41464396173666934
0.48091156946926605 0.6983217051955085
0.48091156946926605 -0.6983217051955085
0.7236623700225855 0.4649533968433355
0.7236623700225855 -0.4649533968433355
-0.827303770241555 0.0
-0.6015819593727276 0.5571652884896432
-0.6015819593727276 -0.5571652884896432
-0.5333000826741203 0.6310523078997996
-0.5333000826741203 -0.6310523078997996
-0.44533021283987495 0.6962409130042252
-0.44533021283987495 -0.6962409130042252
-0.40772219706876656 0.7301681718392781
-0.40772219706876656 -0.7301681718392781
-0.33756852181048547 0.7748309670843261
-0.33756852181048547 -0.7748309670843261
0.39101982726205503 0.7419967556578421
0.39101982726205503 -0.7419967556578421
-0.12055300791854215 0.8377059502941046
-0.12055300791854215 -0.8377059502941046
0.8100426224949439 0.27655911225374824
0.8100426224949439 -0.27655911225374824
0.5701319317203232 0.5809790781988584
0.5701319317203232 -0.5809790781988584
0.6840372501838454 0.483404188854357
0.6840372501838454 -0.483404188854357
0.765577156239515 0.3558582034907362
0.765577156239515 -0.3558582034907362
0.6620582260305815 0.5105461750001239
0.6620582260305815 -0.5105461750001239
0.36115866229170457 0.7542894945573484
0.36115866229170457 -0.7542894945573484
-0.5435185228602419 0.598301888117951
-0.5435185228602419 -0.598301888117951
0.2974151045394039 0.774872502687737
0.2974151045394039 -0.774872502687737
0.020006054462378686 0.8329173517457883
0.020006054462378686 -0.8329173517457883
-0.7652635739437471 0.3081867779733504
-0.7652635739437471 -0.3081867779733504
-0.8061953495871717 0.0
0.14256102225717024 0.8172642786286689
0.14256102225717024 -0.8172642786286689
-0.7685246759681217 0.24926320000064844
-0.7685246759681217 -0.24926320000064844
-0.7881441152719741 0.0871021545975954
-0.7881441152719741 -0.0871021545975954
-0.7063399661136008 0.3483210504502607
-0.7063399661136008 -0.3483210504502607
-0.7546984416788187 0.2595795974732767
-0.7546984416788187 -0.2595795974732767
-0.6691544383050432 0.44112718480759505
-0.6691544383050432 -0.44112718480759505
-0.5486792623806762 0.5602712313728578
-0.5486792623806762 -0.5602712313728578
0.18178705167177037 0.7846019790896006
0.18178705167177037 -0.7846019790896006
-0.37078428922601037 0.6838649500787464
-0.37078428922601037 -0.6838649500787464
0.41872430269289274 0.6747534490871304
0.41872430269289274 -0.6747534490871304
-0.13995809990185015 0.7756411743095719
-0.13995809990185015 -0.7756411743095719
0.7750413603030262 0.2389865132862485
0.7750413603030262 -0.2389865132862485
0.8028027755140472 0.0562936615770691
0.8028027755140472 -0.0562936615770691
-0.03030082658419672 0.7786427726473896
-0.03030082658419672 -0.7786427726473896
0.2752224318163841 0.7323206867281205
0.2752224318163841 -0.7323206867281205
0.5729250285471081 0.5385078712135964
0.5729250285471081 -0.5385078712135964
0.7827825167919464 0.0
0.7543002494261882 0.1933235746220577
0.7543002494261882 -0.1933235746220577
-0.5542072721347788 0.4865812224365642
-0.5542072721347788 -0.4865812224365642
-0.19533041477439117 0.7178443346290682
-0.19533041477439117 -0.7178443346290682
0.6841544715070367 0.35318206835256694
0.6841544715070367 -0.35318206835256694
0.644865496504162 0.41010579336749636
0.644865496504162 -0.41010579336749636
0.7608215153044935 0.0
0.12853802839462253 0.7304347449440656
0.12853802839462253 -0.7304347449440656
-0.4615306023675821 0.5633441783443303
-0.4615306023675821 -0.5633441783443303
0.4035609754441755 0.6196410764982713
0.4035609754441755 -0.6196410764982713
-0.6101958435176994 0.3921857617818285
-0.6101958435176994 -0.3921857617818285
-0.5684845862594023 0.4572095235901012
-0.5684845862594023 -0.4572095235901012
0.005935510548870926 0.735005959116927
0.005935510548870926 -0.735005959116927
-0.34449613381496524 0.6423489660119319
-0.34449613381496524 -0.6423489660119319
-0.7166124031409269 0.024671891892845865
-0.7166124031409269 -0.024671891892845865
0.5410769695813322 0.49190712280209126
0.5410769695813322 -0.49190712280209126
0.4683833245003899 0.5592975305820438
0.4683833245003899 -0.5592975305820438
0.7021581140860128 0.060770335698791166
0.7021581140860128 -0.060770335698791166
-0.6279634454580008 0.3379457202859289
-0.6279634454580008 -0.3379457202859289
0.3117349379339456 0.6396961466686022
0.3117349379339456 -0.6396961466686022
0.20711346890705085 0.6896365048780477
0.20711346890705085 -0.6896365048780477
-0.11863019069921452 0.711049713269253
-0.11863019069921452 -0.711049713269253
-0.28385887498557766 0.6622022960236333
-0.28385887498557766 -0.6622022960236333
-0.27012478467967016 0.6640619346250576
-0.27012478467967016 -0.6640619346250576
-0.6883571284591028 0.1812236478551496
-0.6883571284591028 -0.1812236478551496
-0.6897158654448439 0.09733647726749678
-0.6897158654448439 -0.09733647726749678
-0.6910991017546539 0.07796921144440933
-0.6910991017546539 -0.07796921144440933
0.6818327766375007 0.17332583349815578
0.6818327766375007 -0.17332583349815578
0.6231013258206599 0.3103238213132587
0.6231013258206599 -0.3103238213132587
0.4245262465542122 0.5711045596959259
0.4245262465542122 -0.5711045596959259
-0.3431617477155333 0.5899877833443584
-0.3431617477155333 -0.5899877833443584
-0.6759254189834303 0.0
-0.6584698955412074 0.19820689132476485
-0.6584698955412074 -0.19820689132476485
-0.5676169036996188 0.385581862524319
-0.5676169036996188 -0.385581862524319
0.07809049364920215 0.6800723943351609
0.07809049364920215 -0.6800723943351609
0.11723839845103698 0.6677238894671161
0.11723839845103698 -0.6677238894671161
-0.5977807435643705 0.3257276614441796
-0.5977807435643705 -0.3257276614441796
-0.47120420730149837 0.45167646939261397
-0.47120420730149837 -0.45167646939261397
-0.40315813216153984 0.51227091770185
-0.40315813216153984 -0.51227091770185
0.5749947595871516 0.32682654805647887
0.5749947595871516 -0.32682654805647887
0.3010994424312443 0.5884583685825695
0.3010994424312443 -0.5884583685825695
-0.05460553945174752 0.6707301965400165
-0.05460553945174752 -0.6707301965400165
0.5405125550789479 0.3615832729807705
0.5405125550789479 -0.3615832729807705
-0.12147511997301752 0.6563072428004632
-0.12147511997301752 -0.6563072428004632
0.22141578124167227 0.623232300166849
0.22141578124167227 -0.623232300166849
0.6541956013512513 0.011337911564755285
0.6541956013512513 -0.011337911564755285
0.028898925260517197 0.6629551841127199
0.028898925260517197 -0.6629551841127199
0.4476888360453548 0.45384718496952303
0.4476888360453548 -0.45384718496952303
-0.651496578596154 0.1351889966644486
-0.651496578596154 -0.1351889966644486
0.1802217401599685 0.6356159105078244
0.1802217401599685 -0.6356159105078244
-0.6543773353057079 0.0
-0.600339018293189 0.22512099826309329
-0.600339018293189 -0.22512099826309329
-0.33678860401173466 0.526461812304605
-0.33678860401173466 -0.526461812304605
-0.2799983472974795 0.553116498029983
-0.2799983472974795 -0.553116498029983
0.30159765233332275 0.5511695383805417
0.30159765233332275 -0.5511695383805417
0.5114592784947902 0.37626327923022673
0.5114592784947902 -0.37626327923022673
-0.1375501027771379 0.6299291892691802
-0.1375501027771379 -0.6299291892691802
0.5804690260447352 0.25741296834259697
0.5804690260447352 -0.25741296834259697
0.6256543245915451 0.11780530425095732
0.6256543245915451 -0.11780530425095732
-0.07244842503111537 0.6361664135580378
-0.07244842503111537 -0.6361664135580378
0.5870034961038535 0.23790837935265868
0.5870034961038535 -0.23790837935265868
0.5991503804505267 0.1683540920766164
0.5991503804505267 -0.1683540920766164
0.6173755848986604 0.07266809332196303
0.6173755848986604 -0.07266809332196303
-0.6143403949711643 0.043287887405942256
-0.6143403949711643 -0.043287887405942256
-0.45802323351544816 0.374167052763574
-0.45802323351544816 -0.374167052763574
-0.4723778387969798 0.3516767418750972
-0.4723778387969798 -0.3516767418750972
-0.3789309795377933 0.4515678268527679
-0.3789309795377933 -0.4515678268527679
-0.5079273662228093 0.2584333826486526
-0.5079273662228093 -0.2584333826486526
0.5762085734725212 0.1819845828588981
0.5762085734725212 -0.1819845828588981
0.5641196606430242 0.22168096742307308
0.5641196606430242 -0.22168096742307308
-0.06114916591070968 0.5936140527066468
-0.06114916591070968 -0.5936140527066468
-0.5589668292136611 0.009222956691313733
-0.5589668292136611 -0.009222956691313733
-0.026211618388728153 0.5925650008621325
-0.026211618388728153 -0.5925650008621325
0.373974244804859 0.45676849821316884
0.373974244804859 -0.45676849821316884
0.4282681026031019 0.4027287922283579
0.4282681026031019 -0.4027287922283579
-0.1980928342759109 0.5385257263042126
-0.1980928342759109 -0.5385257263042126
0.3113616908553989 0.4875718756769509
0.3113616908553989 -0.4875718756769509
0.10015170136776913 0.5573320186834365
0.10015170136776913 -0.5573320186834365
-0.21324179612195007 0.5150775604988059
-0.21324179612195007 -0.5150775604988059
0.22009352744519106 0.5161693544505648
0.22009352744519106 -0.5161693544505648
0.43023301617965437 0.3531411257952693
0.43023301617965437 -0.3531411257952693
0.3861305929672523 0.3905727084719065
0.3861305929672523 -0.3905727084719065
0.5003177846743148 0.22623288118073942
0.5003177846743148 -0.22623288118073942
0.52975804140933 0.0
-0.38702951223072624 0.3779487092515002
-0.38702951223072624 -0.3779487092515002
-0.2696995663341606 0.4668824687780371
-0.2696995663341606 -0.4668824687780371
0.018188552472137978 0.5378267800226166
0.018188552472137978 -0.5378267800226166
0.1908000502925353 0.5059789979551648
0.1908000502925353 -0.5059789979551648
0.4995237120928253 0.17699115130462856
0.4995237120928253 -0.17699115130462856
0.5025524662039416 0.12915465279204505
0.5025524662039416 -0.12915465279204505
0.5101892490688562 0.0
0.11672514488227478 0.5045975706713421
0.11672514488227478 -0.5045975706713421
-0.11058338231997239 0.5198249969810119
-0.11058338231997239 -0.5198249969810119
0.27692373948774623 0.4095140074521322
0.27692373948774623 -0.4095140074521322
0.41667900829262877 0.2694938537281636
0.41667900829262877 -0.2694938537281636
-0.520557625258147 0.10616369683189669
-0.520557625258147 -0.10616369683189669
-0.3924885051510961 0.3263733689916035
-0.3924885051510961 -0.3263733689916035
-0.4600240960559452 0.15781019574170158
-0.4600240960559452 -0.15781019574170158
-0.4860599420178735 0.01023180561093704
-0.4860599420178735 -0.01023180561093704
-0.40964810965258447 0.26081665113160996
-0.40964810965258447 -0.26081665113160996
-0.21929836519597312 0.43079709279271344
-0.21929836519597312 -0.43079709279271344
-0.424738273575784 0.22903955927684352
-0.424738273575784 -0.22903955927684352
-0.08281832673772738 0.46729423602410686
-0.08281832673772738 -0.46729423602410686
0.4358786036672482 0.1745771961100609
0.4358786036672482 -0.1745771961100609
-0.3328332283022556 0.32153998256783806
-0.3328332283022556 -0.32153998256783806
0.44926529641167817 0.04290405350344435
0.44926529641167817 -0.04290405350344435
0.44516740500777746 0.0
0.36976188182463066 0.24646423280220764
0.36976188182463066 -0.24646423280220764
0.29454741067470513 0.3394242522471038
0.29454741067470513 -0.3394242522471038
0.008891217732497222 0.4609564105253893
0.008891217732497222 -0.4609564105253893
-0.01898260843661892 0.45441894789828
-0.01898260843661892 -0.45441894789828
-0.22882041546514084 0.39265258713619416
-0.22882041546514084 -0.39265258713619416
-0.11129248537597303 0.4357979947403623
-0.11129248537597303 -0.4357979947403623
0.24947466424382486 0.3596400788149338
0.24947466424382486 -0.3596400788149338
-0.3058708435691607 0.317535082210906
-0.3058708435691607 -0.317535082210906
-0.4266507339850865 0.0
-0.2485057286204847 0.3597832388743932
-0.2485057286204847 -0.3597832388743932
-0.42595455109741276 0.09946448788597081
-0.42595455109741276 -0.09946448788597081
-0.3891307551670573 0.1896498630676447
-0.3891307551670573 -0.1896498630676447
0.16716822298449013 0.39855185608079496
0.16716822298449013 -0.39855185608079496
0.3249428001190899 0.2685760386264356
0.3249428001190899 -0.2685760386264356
-0.13002150039410715 0.39829432021684047
-0.13002150039410715 -0.39829432021684047
-0.38686788514958415 0.0
0.06370405285573162 0.4074269562746027
0.06370405285573162 -0.4074269562746027
0.3722963578914714 0.15499983366997697
0.3722963578914714 -0.15499983366997697
0.1048477973326236 0.39228217692527867
0.1048477973326236 -0.39228217692527867
-0.38063457560776304 0.13596028805036658
-0.38063457560776304 -0.13596028805036658
-0.37289683073049346 0.0705431418203492
-0.37289683073049346 -0.0705431418203492
0.2941708257526146 0.23561527434314572
0.2941708257526146 -0.23561527434314572
0.0045951835257287445 0.3778809996904905
0.0045951835257287445 -0.3778809996904905
-0.04783465264147731 0.3755023746864863
-0.04783465264147731 -0.3755023746864863
-0.282711295543024 0.2382989220828255
-0.282711295543024 -0.2382989220828255
-0.1971614156313154 0.3196957297204716
-0.1971614156313154 -0.3196957297204716
-0.2519369471427776 0.27100497844959015
-0.2519369471427776 -0.27100497844959015
-0.30972292788691747 0.1774108479645702
-0.30972292788691747 -0.1774108479645702
0.35810906309594764 0.05302404612198663
0.35810906309594764 -0.05302404612198663
0.20400303987106055 0.2992240500528087
0.20400303987106055 -0.2992240500528087
0.35534689542496034 0.02538038260029178
0.35534689542496034 -0.02538038260029178
-0.33208043017330435 0.05278502042146171
-0.33208043017330435 -0.05278502042146171
-0.31379631276243336 0.1341982586591807
-0.31379631276243336 -0.1341982586591807
0.29704232521457297 0.18803040251169179
0.29704232521457297 -0.18803040251169179
0.165993829343009 0.3095591851983101
0.165993829343009 -0.3095591851983101
-0.12285623853733063 0.3259559837897104
-0.12285623853733063 -0.3259559837897104
0.32471554996942886 0.0717853495937976
0.32471554996942886 -0.0717853495937976
-0.32043659164634203 0.0
0.3011295314422633 0.13103074551526164
0.3011295314422633 -0.13103074551526164
0.05802152038109011 0.3305793145902036
0.05802152038109011 -0.3305793145902036
-0.24514788710537117 0.19767741466426636
-0.24514788710537117 -0.19767741466426636
0.31523459988668223 0.012095248945211195
0.31523459988668223 -0.012095248945211195
0.2232459687607537 0.23122342168390214
0.2232459687607537 -0.23122342168390214
-0.21116967630785258 0.23293166144364927
-0.21116967630785258 -0.23293166144364927
0.10576659505138444 0.30035233661198635
0.10576659505138444 -0.30035233661198635
-0.09613357377868112 0.3033136475747481
-0.09613357377868112 -0.3033136475747481
-0.1731437677166494 0.25763977292573287
-0.1731437677166494 -0.25763977292573287
0.23358663498889654 0.20494380820664684
0.23358663498889654 -0.20494380820664684
-0.05559558901904717 0.3020694617789674
-0.05559558901904717 -0.3020694617789674
0.05009083809779542 0.2961338694034363
0.05009083809779542 -0.2961338694034363
0.12483746257162157 0.27017315796616964
0.12483746257162157 -0.27017315796616964
0.0712478590632005 0.28292269946285786
0.0712478590632005 -0.28292269946285786
0.22140789529410174 0.19242960879907436
0.22140789529410174 -0.19242960879907436
-0.2845290672949174 0.0
-0.22515865701998888 0.18815012211068669
-0.22515865701998888 -0.18815012211068669
0.2912794428816009 0.0
-0.26420116108100833 0.07709789831801037
-0.26420116108100833 -0.07709789831801037
0.15936426231609702 0.22524747719422775
0.15936426231609702 -0.22524747719422775
-0.015065096450884075 0.2794544523058812
-0.015065096450884075 -0.2794544523058812
0.09243439983639418 0.24546545029229047
0.09243439983639418 -0.24546545029229047
-0.21507352678924724 0.15518853927394233
-0.21507352678924724 -0.15518853927394233
0.24179898578141706 0.12181368653375609
0.24179898578141706 -0.12181368653375609
-0.149303120271428 0.22287647469927988
-0.149303120271428 -0.22287647469927988
0.262791948586354 0.07202627671993772
0.262791948586354 -0.07202627671993772
-0.17994106522228276 0.18985332016434706
-0.17994106522228276 -0.18985332016434706
0.22665399743107006 0.12971350816081617
0.22665399743107006 -0.12971350816081617
-0.07646008883053329 0.25018280147903454
-0.07646008883053329 -0.25018280147903454
0.2542637672777742 0.04805129062520185
0.2542637672777742 -0.04805129062520185
0.17406780028571445 0.17130110299783186
0.17406780028571445 -0.17130110299783186
-0.09072997853665356 0.2341644851770207
-0.09072997853665356 -0.2341644851770207
0.11388736361580327 0.20742364104310287
0.11388736361580327 -0.20742364104310287
-0.21630512592586285 0.08967371876874922
-0.21630512592586285 -0.08967371876874922
-0.23183491118262314 0.0026594735606994104
-0.23183491118262314 -0.0026594735606994104
-0.10731865629604814 0.21505156995449848
-0.10731865629604814 -0.21505156995449848
-0.00747757784434986 0.23255722736782095
-0.00747757784434986 -0.23255722736782095
0.23128644503020723 0.08027713980337021
0.23128644503020723 -0.08027713980337021
-0.02882997104492746 0.22817971968576353
-0.02882997104492746 -0.22817971968576353
-0.14068413664464624 0.17517543845406622
-0.14068413664464624 -0.17517543845406622
0.20606719335489776 0.10299129577302897
0.20606719335489776 -0.10299129577302897
0.22476869724537096 0.062302089597449886
0.22476869724537096 -0.062302089597449886
-0.17587461021830855 0.1312465969476074
-0.17587461021830855 -0.1312465969476074
-0.08823079121923366 0.20448649248765424
-0.08823079121923366 -0.20448649248765424
0.07842703888251149 0.20792115128405714
0.07842703888251149 -0.20792115128405714
0.19961148194771255 0.0
0.15024347413432926 0.14549430220915133
0.15024347413432926 -0.14549430220915133
0.05578405959582568 0.2091408191546153
0.05578405959582568 -0.2091408191546153
0.17031031372741393 0.10956518560240977
0.17031031372741393 -0.10956518560240977
0.04233082597742234 0.20684852795912648
0.04233082597742234 -0.20684852795912648
0.08491102578216897 0.18757378663389948
0.08491102578216897 -0.18757378663389948
0.18909837248963843 0.05392233855357194
0.18909837248963843 -0.05392233855357194
0.1165257900413956 0.16446991393376525
0.1165257900413956 -0.16446991393376525
-0.2094105123080922 0.05383839123125603
-0.2094105123080922 -0.05383839123125603
-0.03369667913089981 0.198800662282675
-0.03369667913089981 -0.198800662282675
-0.18385744033798684 0.09794772596340663
-0.18385744033798684 -0.09794772596340663
-0.20053151045371664 0.04586018252670511
-0.20053151045371664 -0.04586018252670511
-0.16915009896006766 0.11440380926277766
-0.16915009896006766 -0.11440380926277766
-0.20176496352043038 0.013654794959712798
-0.20176496352043038 -0.013654794959712798
0.13953652634267283 0.12377356411153813
0.13953652634267283 -0.12377356411153813
0.019796469117682652 0.19148939613142527
0.019796469117682652 -0.19148939613142527
-0.1502527881326468 0.12574580456504622
-0.1502527881326468 -0.12574580456504622
-0.18469815375050097 0.0
0.10900421948251984 0.1517414555243163
0.10900421948251984 -0.1517414555243163
0.17286888865566213 0.04739194652330555
0.17286888865566213 -0.04739194652330555
-0.10642191917366212 0.1504343764228714
-0.10642191917366212 -0.1504343764228714
-0.13302332037980108 0.12667373211350924
-0.13302332037980108 -0.12667373211350924
-0.17232652557093703 0.058617464096615744
-0.17232652557093703 -0.058617464096615744
-0.05733557479502059 0.16465455032218565
-0.05733557479502059 -0.16465455032218565
-0.02326585590060204 0.17185159687357687
-0.02326585590060204 -0.17185159687357687
-0.07066392367264016 0.15766078677044867
-0.07066392367264016 -0.15766078677044867
-0.14712262621491437 0.09313656120669507
-0.14712262621491437 -0.09313656120669507
-0.16934900172147455 0.03655820091881182
-0.16934900172147455 -0.03655820091881182
0.17220934470310031 0.021921132346724017
0.17220934470310031 -0.021921132346724017
0.15969190361487612 0.06909713388026506
0.15969190361487612 -0.06909713388026506
0.12424231781381795 0.11971896101777217
0.12424231781381795 -0.11971896101777217
-0.16729917905843839 0.0
0.10327449089308754 0.13448876053800188
0.10327449089308754 -0.13448876053800188
0.0331224354721352 0.1633827458221199
0.0331224354721352 -0.1633827458221199
0.06608909635787996 0.149238275168663
0.06608909635787996 -0.149238275168663
0.0567000264787946 0.15361359187044885
0.0567000264787946 -0.15361359187044885
0.018584317503854433 0.1643496159939379
0.018584317503854433 -0.1643496159939379
-0.09412434604546835 0.13448321138831762
-0.09412434604546835 -0.13448321138831762
-0.005845485082291116 0.16100339226999735
-0.005845485082291116 -0.16100339226999735
0.1569274774666887 0.0
-0.1566076428358672 0.028592175735256357
-0.1566076428358672 -0.028592175735256357
-0.10965453589292795 0.1209951103602784
-0.10965453589292795 -0.1209951103602784
-0.01734877072009697 0.159804326356617
-0.01734877072009697 -0.159804326356617
-0.14071743371549678 0.07977352327913456
-0.14071743371549678 -0.07977352327913456
0.13526974453594107 0.09603056605407828
0.13526974453594107 -0.09603056605407828
-0.14354037585337492 0.06326029422259424
-0.14354037585337492 -0.06326029422259424
-0.12668680392615456 0.09544827556512217
-0.12668680392615456 -0.09544827556512217
0.13668167838637935 0.08380328192660078
0.13668167838637935 -0.08380328192660078
0.1529310004120189 0.03419357705643768
0.1529310004120189 -0.03419357705643768
-0.11525805898743323 0.10368949909568188
-0.11525805898743323 -0.10368949909568188
-0.06952259660442309 0.13422076199375543
-0.06952259660442309 -0.13422076199375543
-0.043650911519993146 0.14299747565269028
-0.043650911519993146 -0.14299747565269028
0.06438230469920835 0.13319493220560163
0.06438230469920835 -0.13319493220560163
0.10655494847214425 0.10135170451423779
0.10655494847214425 -0.10135170451423779
0.1271209225382426 0.07340414326369932
0.1271209225382426 -0.07340414326369932
-0.10982496369052658 0.09369361686996079
-0.10982496369052658 -0.09369361686996079
-0.08461763933086099 0.11559479213221827
-0.08461763933086099 -0.11559479213221827
-0.004083129637081778 0.14530684980345096
-0.004083129637081778 -0.14530684980345096
-0.02098228732502542 0.13969054707089198
-0.02098228732502542 -0.13969054707089198
0.015788718198835726 0.14217945992185146
0.015788718198835726 -0.14217945992185146
0.040170109690939024 0.13651301543573757
0.040170109690939024 -0.13651301543573757
0.026551792299744678 0.13898403722595434
0.026551792299744678 -0.13898403722595434
0.14019853995609505 0.0
-0.06449385588621942 0.12045852746162251
-0.06449385588621942 -0.12045852746162251
-0.14437566400512136 0.0033926521614322815
-0.14437566400512136 -0.0033926521614322815
0.0897823943909403 0.10970083535515686
0.0897823943909403 -0.10970083535515686
0.13466809523665413 0.049329309277601076
0.13466809523665413 -0.049329309277601076
0.13709936972646325 0.023466519381578302
0.13709936972646325 -0.023466519381578302
-0.13124004153574823 0.045453633773790955
-0.13124004153574823 -0.045453633773790955
-0.13276283590045973 0.021446081107711998
-0.13276283590045973 -0.021446081107711998
-0.1176870711528023 0.058182638520860454
-0.1176870711528023 -0.058182638520860454
0.12498270541410862 0.05013636550890789
0.12498270541410862 -0.05013636550890789
0.06745824382483939 0.11385577519728003
0.06745824382483939 -0.11385577519728003
-0.12252708053024912 0.046095115216486814
-0.12252708053024912 -0.046095115216486814
0.11333320734358579 0.07207734709617744
0.11333320734358579 -0.07207734709617744
0.07130042148707495 0.10419026168458405
0.07130042148707495 -0.10419026168458405
0.018904214607561018 0.12699373194380528
0.018904214607561018 -0.12699373194380528
0.12002207111810331 0.032361108242585104
0.12002207111810331 -0.032361108242585104
0.0901238529967947 0.07965353531449781
0.0901238529967947 -0.07965353531449781
0.11664359673204569 0.018877210449372454
0.11664359673204569 -0.018877210449372454
0.052931902231350164 0.10399344615689383
0.052931902231350164 -0.10399344615689383
-0.03232298832850315 0.12041350810414972
-0.03232298832850315 -0.12041350810414972
-0.040449380720726125 0.1166561363810094
-0.040449380720726125 -0.1166561363810094
-0.092772129044839 0.08399967818380401
-0.092772129044839 -0.08399967818380401
0.10549148679314099 0.05602446460414864
0.10549148679314099 -0.05602446460414864
-0.07217502702136636 0.1009241583918436
-0.07217502702136636 -0.1009241583918436
0.00019059275421193234 0.11898195323468885
0.00019059275421193234 -0.11898195323468885
-0.10200168286654102 0.06496827660974577
-0.10200168286654102 -0.06496827660974577
-0.01484744319285957 0.12085527048379681
-0.01484744319285957 -0.12085527048379681
-0.0618151398847666 0.10108889226936975
-0.0618151398847666 -0.10108889226936975
0.09375884270948245 0.06649730030357005
0.09375884270948245 -0.06649730030357005
-0.12228511064858755 0.013540857069629621
-0.12228511064858755 -0.013540857069629621
-0.1177555412816711 0.023742570324789568
-0.1177555412816711 -0.023742570324789568
-0.060922115772943826 0.09489037920201057
-0.060922115772943826 -0.09489037920201057
-0.0898933550633364 0.06631169786985483
-0.0898933550633364 -0.06631169786985483
-0.01550467624209357 0.11379694452886802
-0.01550467624209357 -0.11379694452886802
0.10336402086858171 0.04911528718517498
0.10336402086858171 -0.04911528718517498
-0.1130382045139805 0.003013292209042104
-0.1130382045139805 -0.003013292209042104
-0.10344759648092397 0.03135221867517342
-0.10344759648092397 -0.03135221867517342
-0.09629061150672 0.03737048687610772
-0.09629061150672 -0.03737048687610772
0.024357130211926658 0.1069412184375731
0.024357130211926658 -0.1069412184375731
0.0029665476127204334 0.10706453165595757
0.0029665476127204334 -0.10706453165595757
0.03903653943481528 0.10119589136999411
0.03903653943481528 -0.10119589136999411
0.06562189396333618 0.08689163927521158
0.06562189396333618 -0.08689163927521158
0.04496796793425947 0.09703054149927542
0.04496796793425947 -0.09703054149927542
-0.02125808545330991 0.10381675843637841
-0.02125808545330991 -0.10381675843637841
0.10917550018819785 0.009149031833487364
0.10917550018819785 -0.009149031833487364
0.10790270463403066 0.0
-0.08623852817265495 0.053930480853108975
-0.08623852817265495 -0.053930480853108975
0.08679442839757125 0.06122154861850139
0.08679442839757125 -0.06122154861850139
0.05222807818884591 0.08784918632134991
0.05222807818884591 -0.08784918632134991
-0.07608414764128456 0.06915450465978781
-0.07608414764128456 -0.06915450465978781
0.10081594954958559 0.0
0.06945080994899955 0.07364323336523718
0.06945080994899955 -0.07364323336523718
0.07608996743857377 0.06680590754293109
0.07608996743857377 -0.06680590754293109
0.09307593768987117 0.04168102668555996
0.09307593768987117 -0.04168102668555996
-0.054516994342578576 0.08674031016460712
-0.054516994342578576 -0.08674031016460712
-0.06760935880018809 0.0654623869876694
-0.06760935880018809 -0.0654623869876694
-0.04665297138261914 0.08418984026281284
-0.04665297138261914 -0.08418984026281284
-0.06753200395750285 0.06304726067430198
-0.06753200395750285 -0.06304726067430198
-0.03498354541083781 0.09277948034843546
-0.03498354541083781 -0.09277948034843546
0.09806746404949529 0.025191521127936985
0.09806746404949529 -0.025191521127936985
0.020538711968605773 0.09583727783115199
0.020538711968605773 -0.09583727783115199
-0.09552405222774688 0.013445697847042743
-0.09552405222774688 -0.013445697847042743
0.007613984920144824 0.09565256884631036
0.007613984920144824 -0.09565256884631036
-0.08058418669355225 0.044424961217938104
-0.08058418669355225 -0.044424961217938104
-0.032914734240529014 0.08720343042459058
-0.032914734240529014 -0.08720343042459058
0.09863716006924392 0.013385143375020022
0.09863716006924392 -0.013385143375020022
-0.05418641769655344 0.06755928777299719
-0.05418641769655344 -0.06755928777299719
-0.0056601004038462285 0.09018326349200993
-0.0056601004038462285 -0.09018326349200993
-0.068454380972991 0.050497211695526116
-0.068454380972991 -0.050497211695526116
-0.0907058000425204 0.0
0.03191345800622215 0.08593999072086958
0.03191345800622215 -0.08593999072086958
-0.07782570979465761 0.033795469099155595
-0.07782570979465761 -0.033795469099155595
0.05882609665628042 0.07112941039762054
0.05882609665628042 -0.07112941039762054
0.04695076755485736 0.0788957133222563
0.04695076755485736 -0.0788957133222563
-0.08161624308386176 0.01580771132131939
-0.08161624308386176 -0.01580771132131939
-0.03578931851353416 0.0751892776325958
-0.03578931851353416 -0.0751892776325958
0.04866043734465353 0.0736744610467847
0.04866043734465353 -0.0736744610467847
0.07050681827763533 0.05314983249467549
0.07050681827763533 -0.05314983249467549
-0.08550737645670031 0.0
-0.015529748557892074 0.08070748131017216
-0.015529748557892074 -0.08070748131017216
0.0809188242273823 0.03214964740964395
0.0809188242273823 -0.03214964740964395
0.08875695443594553 0.0
0.08055833055279088 0.025681417316770202
0.08055833055279088 -0.025681417316770202
0.012353219283907951 0.08294394625350189
0.012353219283907951 -0.08294394625350189
0.08531667444530713 0.006862318139779155
0.08531667444530713 -0.006862318139779155
0.060546849979395787 0.0541014863659984
0.060546849979395787 -0.0541014863659984
0.050289938267470975 0.06147402561586891
0.050289938267470975 -0.06147402561586891
0.023575888918216062 0.07473112773787685
0.023575888918216062 -0.07473112773787685
-0.06935899089376504 0.03704268814953886
-0.06935899089376504 -0.03704268814953886
-0.026035237170282634 0.0733446753734138
-0.026035237170282634 -0.0733446753734138
-0.03139461800795143 0.07028299544741771
-0.03139461800795143 -0.07028299544741771
-0.04646215532914692 0.058691739996187306
-0.04646215532914692 -0.058691739996187306
-0.07935613604233921 0.0
0.05883634803731842 0.04308755174657189
0.05883634803731842 -0.04308755174657189
0.029792412160333015 0.06685393763653691
0.029792412160333015 -0.06685393763653691
0.0733654796184263 0.014898597931235139
0.0733654796184263 -0.014898597931235139
-0.05786416300059931 0.04321573985558502
-0.05786416300059931 -0.04321573985558502
-0.0028776400049559357 0.07301667627298443
-0.0028776400049559357 -0.07301667627298443
0.07390280903494975 0.010315069184396857
0.07390280903494975 -0.010315069184396857
-0.03811241031053683 0.0571430714993039
-0.03811241031053683 -0.0571430714993039
-0.061795192915986695 0.029072957836674067
-0.061795192915986695 -0.029072957836674067
-0.0453546291139066 0.04756195593152648
-0.0453546291139066 -0.04756195593152648
0.028893651369098383 0.059252976772440326
0.028893651369098383 -0.059252976772440326
0.06718214873085152 0.01960532427724536
0.06718214873085152 -0.01960532427724536
0.008233594402746344 0.06821582381707218
0.008233594402746344 -0.06821582381707218
-0.0696152595175686 0.0
0.008880205894865888 0.062274030002374525
0.008880205894865888 -0.062274030002374525
-0.04720865020833147 0.03940227430217058
-0.04720865020833147 -0.03940227430217058
-0.06500586207075768 0.0
-0.03144124676533454 0.05183258628121969
-0.03144124676533454 -0.05183258628121969
-0.0009539377263775468 0.061078958599228135
-0.0009539377263775468 -0.061078958599228135
-0.013007163992936891 0.05965965610889219
-0.013007163992936891 -0.05965965610889219
-0.06110051635601939 0.01317898714223061
-0.06110051635601939 -0.01317898714223061
-0.06081175106002745 0.0
-0.016654611672418704 0.05593974685157585
-0.016654611672418704 -0.05593974685157585
0.022592766975035504 0.054198256251782595
0.022592766975035504 -0.054198256251782595
0.05869506170915326 0.006637176013244163
0.05869506170915326 -0.006637176013244163
-0.04603324481937411 0.032260251955183415
-0.04603324481937411 -0.032260251955183415
0.04800868353339624 0.03173224964021711
0.04800868353339624 -0.03173224964021711
0.05284121487868128 0.02244824944057658
0.05284121487868128 -0.02244824944057658
0.00941978066124116 0.05409858081466974
0.00941978066124116 -0.05409858081466974
-0.03052888389702478 0.04351397716813446
-0.03052888389702478 -0.04351397716813446
0.02465630537966013 0.04598142752436999
0.02465630537966013 -0.04598142752436999
0.04858028304066466 0.022934062871279092
0.04858028304066466 -0.022934062871279092
-0.005458383603876918 0.048999921909371615
-0.005458383603876918 -0.048999921909371615
0.030889651198061963 0.04025522907547637
0.030889651198061963 -0.04025522907547637
-0.05131278465639637 0.0023996893297839957
-0.05131278465639637 -0.0023996893297839957
-0.036627402702024914 0.030872596273512076
-0.036627402702024914 -0.030872596273512076
0.046675131852264906 0.012850356657924467
0.046675131852264906 -0.012850356657924467
-0.04922767066435327 0.009366062232252665
-0.04922767066435327 -0.009366062232252665
0.037325576234520416 0.028077598121646282
0.037325576234520416 -0.028077598121646282
-0.029956043529053573 0.03297854680761448
-0.029956043529053573 -0.03297854680761448
0.02436513545771143 0.03882917814308612
0.02436513545771143 -0.03882917814308612
0.04076704722572293 0.02582391560691865
0.04076704722572293 -0.02582391560691865
0.009536771849218754 0.03940105471575831
0.009536771849218754 -0.03940105471575831
0.0441277089702918 0.003990557644325025
0.0441277089702918 -0.003990557644325025
-0.037091713904671295 0.016692420603567737
-0.037091713904671295 -0.016692420603567737
-0.045658603393959295 0.0
0.038251456090781476 0.0
-0.03663441573348179 0.0
0.028682341031328423 0.019834490224755322
0.028682341031328423 -0.019834490224755322
0.020443408912312156 0.026557560313993516
0.020443408912312156 -0.026557560313993516
-0.008093568755688521 0.03359249200613434
-0.008093568755688521 -0.03359249200613434
0.0007410055120746885 0.03469323769260686
0.0007410055120746885 -0.03469323769260686
0.018447259688231694 0.030711878189981563
0.018447259688231694 -0.030711878189981563
-0.022292939519091816 0.02439656433122048
-0.022292939519091816 -0.02439656433122048
-0.02734476110908123 0.018302827940736944
-0.02734476110908123 -0.018302827940736944
-0.015839358523376167 0.02566683492489925
-0.015839358523376167 -0.02566683492489925
0.007242849375461699 0.031212072423400582
0.007242849375461699 -0.031212072423400582
-0.02443227382348012 0.0021001811366600878
-0.02443227382348012 -0.0021001811366600878
0.018802327559818227 0.0
0.017526359554199497 0.010985411538050044
0.017526359554199497 -0.010985411538050044
-0.010472212054705075 0.010387615379552387
-0.010472212054705075 -0.010387615379552387
0.002947999997405893 0.01773856665866195
0.002947999997405893 -0.01773856665866195
0.0016455310663526105 0.01811175722685595
0.0016455310663526105 -0.01811175722685595
0.0012680590890436247 0.009142663455721808
0.0012680590890436247 -0.009142663455721808
-0.0040095166661751344 0.0
0.0057555042950668996 0.0
0.01163781852227281 0.002892851767068002
0.01163781852227281 -0.002892851767068002
