-4.09592042563917 0.0
4.2149031787892834 0.0
1.0196853192115976 0.2949287068048993
1.0196853192115976 -0.2949287068048993
-1.1011530739097228 0.0
0.3321652373709819 0.9943450805882557
0.3321652373709819 -0.9943450805882557
0.20538518985533488 1.0153551127064828
0.20538518985533488 -1.0153551127064828
0.6303127401098771 0.7932768868596468
0.6303127401098771 -0.7932768868596468
0.5184884261983433 0.8620509485163459
0.5184884261983433 -0.8620509485163459
0.8465068980319869 0.5443020921174129
0.8465068980319869 -0.5443020921174129
0.8893700120161807 0.4475800383251343
0.8893700120161807 -0.4475800383251343
0.8205168244937536 0.5601980256531381
0.8205168244937536 -0.5601980256531381
0.7472517510818162 0.6359305151444479
0.7472517510818162 -0.6359305151444479
0.480722259062095 0.8647086885919298
0.480722259062095 -0.8647086885919298
0.6905740901036618 0.6708717073949246
0.6905740901036618 -0.6708717073949246
-0.10457810904347505 1.0227246322000103
-0.10457810904347505 -1.0227246322000103
-0.18627296785564484 1.0083941127474103
-0.18627296785564484 -1.0083941127474103
-0.4404894233704548 0.8975245328070739
-0.4404894233704548 -0.8975245328070739
-0.6339669995315089 0.7569119420904181
-0.6339669995315089 -0.7569119420904181
-0.5649955899619621 0.8095059802305214
-0.5649955899619621 -0.8095059802305214
-0.7561373607674811 0.6336192753657113
-0.7561373607674811 -0.6336192753657113
-1.0247476693051414 0.13046423245157474
-1.0247476693051414 -0.13046423245157474
-0.873131798690175 0.46759329294952007
-0.873131798690175 -0.46759329294952007
-0.8517262750350665 0.4946555938589589
-0.8517262750350665 -0.4946555938589589
-0.9322247020613015 0.34543124803200104
-0.9322247020613015 -0.34543124803200104
-0.980109444791109 0.20501846337050425
-0.980109444791109 -0.20501846337050425
0.02714705532866496 1.0029525555612715
0.02714705532866496 -1.0029525555612715
-0.9467720263033825 0.2705385072598549
-0.9467720263033825 -0.2705385072598549
-0.8935503773626431 0.39850715217218863
-0.8935503773626431 -0.39850715217218863
-0.9848570444530997 0.049366315763373136
-0.9848570444530997 -0.049366315763373136
-0.11244151504730887 0.9865839767460305
-0.11244151504730887 -0.9865839767460305
-0.7816182026438787 0.5690530423129952
-0.7816182026438787 -0.5690530423129952
-0.3940854078628535 0.89744538740825
-0.3940854078628535 -0.89744538740825
-0.6553419102014648 0.7096923454166287
-0.6553419102014648 -0.7096923454166287
-0.5089025422151856 0.8257172025129983
-0.5089025422151856 -0.8257172025129983
-0.7165988681076141 0.6353898268247388
-0.7165988681076141 -0.6353898268247388
-0.5872089535476678 0.7446152910737127
-0.5872089535476678 -0.7446152910737127
0.9945549420171392 0.0
0.9708407513863111 0.2179822875106303
0.9708407513863111 -0.2179822875106303
-0.6121179528637852 0.7197142756786745
-0.6121179528637852 -0.7197142756786745
-0.7746984986825135 0.5351960176991879
-0.7746984986825135 -0.5351960176991879
0.9848327643135891 0.025567810525060193
0.9848327643135891 -0.025567810525060193
0.3990246059044067 0.8844543002540265
0.3990246059044067 -0.8844543002540265
0.3136364390882628 0.9163045119267778
0.3136364390882628 -0.9163045119267778
0.5584415482484029 0.7797007080886982
0.5584415482484029 -0.7797007080886982
0.9045596368472713 0.3703357534488165
0.9045596368472713 -0.3703357534488165
0.6481354663434951 0.6932619260528258
0.6481354663434951 -0.6932619260528258
0.7117599732273083 0.6299336461732133
0.7117599732273083 -0.6299336461732133
0.6039832582241658 0.7216046280188224
0.6039832582241658 -0.7216046280188224
0.7681444580014456 0.5642096047539119
0.7681444580014456 -0.5642096047539119
0.5190552712067211 0.7882144947990819
0.5190552712067211 -0.7882144947990819
-0.460390871459063 0.8413770897922953
-0.460390871459063 -0.8413770897922953
0.7034927040634493 0.6038617017783409
0.7034927040634493 -0.6038617017783409
0.8553866448565928 0.3804632820845913
0.8553866448565928 -0.3804632820845913
0.8972647990152247 0.3142245451735162
0.8972647990152247 -0.3142245451735162
0.7714285917358408 0.5076132622750854
0.7714285917358408 -0.5076132622750854
0.956852613637481 0.11837423883073357
0.956852613637481 -0.11837423883073357
0.35238120172379594 0.889784957036626
0.35238120172379594 -0.889784957036626
0.23441946025583033 0.9316237947893024
0.23441946025583033 -0.9316237947893024
0.10704051834469884 0.957766883220653
0.10704051834469884 -0.957766883220653
-0.30633030387034843 0.9197600541205231
-0.30633030387034843 -0.9197600541205231
0.19079341579053277 0.9370689978379152
0.19079341579053277 -0.9370689978379152
-0.25649209770692005 0.9193512451666221
-0.25649209770692005 -0.9193512451666221
-0.9613613437476307 0.04812319024522458
-0.9613613437476307 -0.04812319024522458
-0.41755561569569033 0.848221076999735
-0.41755561569569033 -0.848221076999735
-0.9489142407124571 0.12261686823501597
-0.9489142407124571 -0.12261686823501597
0.049281864915313695 0.9491654474059139
0.049281864915313695 -0.9491654474059139
-0.32281183611763553 0.8930926634850945
-0.32281183611763553 -0.8930926634850945
-0.5494062161211111 0.7479142588998096
-0.5494062161211111 -0.7479142588998096
-0.7784029493995109 0.5046718600398167
-0.7784029493995109 -0.5046718600398167
-0.7221124013903097 0.5750110259275247
-0.7221124013903097 -0.5750110259275247
0.37732943452977563 0.8561343807408064
0.37732943452977563 -0.8561343807408064
-0.10986857551210732 0.9446247623656621
-0.10986857551210732 -0.9446247623656621
-0.6252385948952293 0.6689408003166238
-0.6252385948952293 -0.6689408003166238
-0.687199187598512 0.6053186910467065
-0.687199187598512 -0.6053186910467065
0.923055034519072 0.1904059860772537
0.923055034519072 -0.1904059860772537
0.09382477325189553 0.9404128373327343
0.09382477325189553 -0.9404128373327343
0.5960320513063614 0.6879984207993417
0.5960320513063614 -0.6879984207993417
0.8221306409466036 0.4286238982788722
0.8221306409466036 -0.4286238982788722
0.5471718533637694 0.7188146066534088
0.5471718533637694 -0.7188146066534088
-0.9499649870804924 0.0
-0.9001056081268697 0.282161976790374
-0.9001056081268697 -0.282161976790374
-0.6573264307233551 0.6210804602500589
-0.6573264307233551 -0.6210804602500589
-0.7743646110960816 0.48094892918727633
-0.7743646110960816 -0.48094892918727633
0.1743344317148276 0.9203715729191496
0.1743344317148276 -0.9203715729191496
-0.586785358695078 0.6700340393615832
-0.586785358695078 -0.6700340393615832
-0.8326459958101784 0.4009261261917155
-0.8326459958101784 -0.4009261261917155
-0.2870823719785448 0.8845370235247559
-0.2870823719785448 -0.8845370235247559
-0.8355378016488493 0.37778690731469095
-0.8355378016488493 -0.37778690731469095
-0.35357708544216904 0.8495944005120586
-0.35357708544216904 -0.8495944005120586
0.03284586403366821 0.9255034229881673
0.03284586403366821 -0.9255034229881673
0.45111048546361054 0.7945506954642684
0.45111048546361054 -0.7945506954642684
-0.9089174128462814 0.10254142841198058
-0.9089174128462814 -0.10254142841198058
0.30195916219940155 0.8635798074899576
0.30195916219940155 -0.8635798074899576
-0.19520927130896026 0.9013411824439572
-0.19520927130896026 -0.9013411824439572
-0.7089825156677879 0.5361554445461707
-0.7089825156677879 -0.5361554445461707
-0.16983757853501108 0.8981791489523147
-0.16983757853501108 -0.8981791489523147
0.919929571036388 0.01783658224109383
0.919929571036388 -0.01783658224109383
0.49471050283967954 0.7464709627015197
0.49471050283967954 -0.7464709627015197
0.8718786756644259 0.29458581990607463
0.8718786756644259 -0.29458581990607463
0.7431104941447584 0.49717338405340916
0.7431104941447584 -0.49717338405340916
0.6238750064601921 0.6268484587404348
0.6238750064601921 -0.6268484587404348
0.895797324640079 0.0
0.8845057208280167 0.20028657789583115
0.8845057208280167 -0.20028657789583115
0.9011058416857625 0.09826067199566975
0.9011058416857625 -0.09826067199566975
0.8231030616314109 0.3552952477363837
0.8231030616314109 -0.3552952477363837
0.7810244809080855 0.4213089130687804
0.7810244809080855 -0.4213089130687804
0.8643518373957488 0.24310713280870758
0.8643518373957488 -0.24310713280870758
0.8426936501595919 0.30349231548968564
0.8426936501595919 -0.30349231548968564
-0.8829405759533382 0.20818413730461668
-0.8829405759533382 -0.20818413730461668
-0.8400996529505367 0.3154210883526272
-0.8400996529505367 -0.3154210883526272
0.5049971636226063 0.7158375206025905
0.5049971636226063 -0.7158375206025905
-0.6623164582142791 0.5689204879267974
-0.6623164582142791 -0.5689204879267974
0.37434435848038367 0.8016914802496399
0.37434435848038367 -0.8016914802496399
-0.021073068747037144 0.9003898470121916
-0.021073068747037144 -0.9003898470121916
0.1062977501883916 0.8898583598229812
0.1062977501883916 -0.8898583598229812
-0.42707007949688636 0.7676335359188107
-0.42707007949688636 -0.7676335359188107
0.12570283528148635 0.8812028701758521
0.12570283528148635 -0.8812028701758521
-0.3924370430780366 0.7884786074111378
-0.3924370430780366 -0.7884786074111378
-0.84293087106099 0.2872751184946409
-0.84293087106099 -0.2872751184946409
-0.5410321821021533 0.6680577517195164
-0.5410321821021533 -0.6680577517195164
0.701329949251251 0.48892310114113324
0.701329949251251 -0.48892310114113324
0.2964756069332023 0.8232606799478298
0.2964756069332023 -0.8232606799478298
0.8535909211554729 0.17909612943651096
0.8535909211554729 -0.17909612943651096
0.6611496444636303 0.5421160500532558
0.6611496444636303 -0.5421160500532558
0.19299430977238474 0.8553730759399495
0.19299430977238474 -0.8553730759399495
0.6322218821776651 0.5681637123967138
0.6322218821776651 -0.5681637123967138
-0.10121022054015338 0.874543080778907
-0.10121022054015338 -0.874543080778907
-0.7822149490520651 0.378894535245823
-0.7822149490520651 -0.378894535245823
0.8654993539164393 0.0
-0.47978835721238355 0.7033214971538271
-0.47978835721238355 -0.7033214971538271
-0.44682758088115876 0.7220942956043714
-0.44682758088115876 -0.7220942956043714
-0.7287884705723993 0.44660634098996926
-0.7287884705723993 -0.44660634098996926
0.44637025987238776 0.7213611194875903
0.44637025987238776 -0.7213611194875903
-0.8718873995236014 0.07284994903365435
-0.8718873995236014 -0.07284994903365435
0.593309240011825 0.5870704316229399
0.593309240011825 -0.5870704316229399
-0.8515998929276698 0.19831411857927472
-0.8515998929276698 -0.19831411857927472
0.7743708351785221 0.36198985557065944
0.7743708351785221 -0.36198985557065944
-0.5896917870674305 0.5995385729830178
-0.5896917870674305 -0.5995385729830178
0.6711671158088184 0.4974185203155831
0.6711671158088184 -0.4974185203155831
0.8514385376494451 0.13447715954797596
0.8514385376494451 -0.13447715954797596
0.8415182929620988 0.19573069409954924
0.8415182929620988 -0.19573069409954924
-0.8686375181979484 0.014422730827694885
-0.8686375181979484 -0.014422730827694885
-0.8571024798619941 0.09603776237539925
-0.8571024798619941 -0.09603776237539925
0.04306096723648118 0.8696994311346133
0.04306096723648118 -0.8696994311346133
-0.1634527009894142 0.8424231290517609
-0.1634527009894142 -0.8424231290517609
0.37667022436399467 0.7627724024215952
0.37667022436399467 -0.7627724024215952
0.5363105255652456 0.6299927570431085
0.5363105255652456 -0.6299927570431085
0.685797438210006 0.4621035554063361
0.685797438210006 -0.4621035554063361
0.6135962702137905 0.5427914716319564
0.6135962702137905 -0.5427914716319564
0.7314655072152177 0.4151652908542589
0.7314655072152177 -0.4151652908542589
0.7926105679234725 0.3040415870305878
0.7926105679234725 -0.3040415870305878
0.8448290543774405 0.07269380321991294
0.8448290543774405 -0.07269380321991294
-0.8343439384365916 0.20240548837717184
-0.8343439384365916 -0.20240548837717184
-0.3405765971746273 0.7754019990277756
-0.3405765971746273 -0.7754019990277756
-0.11221495675673115 0.8487003439007568
-0.11221495675673115 -0.8487003439007568
0.31572196703521593 0.7763095808135405
0.31572196703521593 -0.7763095808135405
-0.28127901886937673 0.7970971801867409
-0.28127901886937673 -0.7970971801867409
0.21060843239272703 0.8108239553384665
0.21060843239272703 -0.8108239553384665
0.054275850678377036 0.8406140285441771
0.054275850678377036 -0.8406140285441771
-0.5114178171259813 0.6360064052271933
-0.5114178171259813 -0.6360064052271933
-0.7666098912970318 0.337557135562107
-0.7666098912970318 -0.337557135562107
-0.7400730981904173 0.3694541168250756
-0.7400730981904173 -0.3694541168250756
-0.6486943823157969 0.48879866493365315
-0.6486943823157969 -0.48879866493365315
-0.6331593765400151 0.5062023559340401
-0.6331593765400151 -0.5062023559340401
-0.03735060471195509 0.8439548773306504
-0.03735060471195509 -0.8439548773306504
-0.17548521931917857 0.8221445707323194
-0.17548521931917857 -0.8221445707323194
0.5345312185445498 0.6004072544983232
0.5345312185445498 -0.6004072544983232
-0.31924109254272887 0.7679318413246069
-0.31924109254272887 -0.7679318413246069
0.43708317678849706 0.6784755077296307
0.43708317678849706 -0.6784755077296307
-0.7988356136300242 0.2508531526788682
-0.7988356136300242 -0.2508531526788682
0.4430407680808962 0.6636382202172245
0.4430407680808962 -0.6636382202172245
0.51448416311769 0.6032376552589637
0.51448416311769 -0.6032376552589637
0.815088019272434 0.1477106924460072
0.815088019272434 -0.1477106924460072
-0.435215625075147 0.6749044372926124
-0.435215625075147 -0.6749044372926124
-0.665768444704435 0.4259679248180746
-0.665768444704435 -0.4259679248180746
0.2720042309033176 0.7688327910603651
0.2720042309033176 -0.7688327910603651
-0.5183378809897107 0.5816447826969507
-0.5183378809897107 -0.5816447826969507
-0.1393820436252369 0.8154566345218954
-0.1393820436252369 -0.8154566345218954
0.0076815651087236096 0.820002133586838
0.0076815651087236096 -0.820002133586838
-0.22954840999128856 0.7775164937719593
-0.22954840999128856 -0.7775164937719593
0.7692912303567115 0.27955458378921416
0.7692912303567115 -0.27955458378921416
0.8110638338876237 0.10752576774804268
0.8110638338876237 -0.10752576774804268
0.18427221317519116 0.7847171323425289
0.18427221317519116 -0.7847171323425289
0.36403410778395456 0.71081822440793
0.36403410778395456 -0.71081822440793
0.24846329200588038 0.7639857590932791
0.24846329200588038 -0.7639857590932791
-0.8254576915942617 0.010699413510189331
-0.8254576915942617 -0.010699413510189331
0.3211430734471207 0.7283543766794603
0.3211430734471207 -0.7283543766794603
0.8074954992738406 0.007655857053185866
0.8074954992738406 -0.007655857053185866
0.7776315259643058 0.21089623605763616
0.7776315259643058 -0.21089623605763616
-0.7467106502073653 0.3016056357166089
-0.7467106502073653 -0.3016056357166089
-0.6771157804470134 0.39398162264013126
-0.6771157804470134 -0.39398162264013126
0.4016513028317811 0.667269831982416
0.4016513028317811 -0.667269831982416
-0.5276116854214281 0.5593722845219489
-0.5276116854214281 -0.5593722845219489
-0.7818359507458816 0.19155823574995354
-0.7818359507458816 -0.19155823574995354
-0.751015006650948 0.2683332308957865
-0.751015006650948 -0.2683332308957865
-0.43232868887182524 0.6485722470534572
-0.43232868887182524 -0.6485722470534572
0.5731737772792381 0.511031554993682
0.5731737772792381 -0.511031554993682
-0.7693487817288767 0.22140989302413353
-0.7693487817288767 -0.22140989302413353
-0.4195229300467529 0.6546946183650745
-0.4195229300467529 -0.6546946183650745
0.6270744184506271 0.4410153891106705
0.6270744184506271 -0.4410153891106705
0.7601387467876872 0.22428190471754308
0.7601387467876872 -0.22428190471754308
0.6388939490671726 0.43255385039801575
0.6388939490671726 -0.43255385039801575
-0.8039178576704179 0.0
0.13193624868753537 0.7779736311281559
0.13193624868753537 -0.7779736311281559
-0.6055569377402132 0.4619295517974182
-0.6055569377402132 -0.4619295517974182
0.4538654450331342 0.5976673555721219
0.4538654450331342 -0.5976673555721219
0.7085473741661961 0.313210048331316
0.7085473741661961 -0.313210048331316
0.568530447676338 0.4814294849862538
0.568530447676338 -0.4814294849862538
-0.25597053030228245 0.7410678006403136
-0.25597053030228245 -0.7410678006403136
-0.5651089892885677 0.49532743143122765
-0.5651089892885677 -0.49532743143122765
-0.7920327179064195 0.0728377081158924
-0.7920327179064195 -0.0728377081158924
-0.5162568160482625 0.5496741630871593
-0.5162568160482625 -0.5496741630871593
-0.06643797667357476 0.7795404542698152
-0.06643797667357476 -0.7795404542698152
-0.1421958781943714 0.768568500651688
-0.1421958781943714 -0.768568500651688
-0.779769299670178 0.1342265055021403
-0.779769299670178 -0.1342265055021403
0.23342708176167654 0.733786756024525
0.23342708176167654 -0.733786756024525
0.7493482345517399 0.14001162631560274
0.7493482345517399 -0.14001162631560274
0.0069837809588135374 0.7766202566253766
0.0069837809588135374 -0.7766202566253766
0.6556136905992446 0.35475341382216274
0.6556136905992446 -0.35475341382216274
0.7138967667934897 0.2487053838108693
0.7138967667934897 -0.2487053838108693
-0.022217847927324702 0.774038037037028
-0.022217847927324702 -0.774038037037028
0.7492226256654018 0.05479424711923668
0.7492226256654018 -0.05479424711923668
0.6878257684411886 0.28764405919782626
0.6878257684411886 -0.28764405919782626
-0.30538447189986695 0.7002768818339502
-0.30538447189986695 -0.7002768818339502
-0.18772641498245318 0.7464212125229048
-0.18772641498245318 -0.7464212125229048
0.5044652860413259 0.5245846057249595
0.5044652860413259 -0.5245846057249595
0.0934327688184961 0.7491421692833213
0.0934327688184961 -0.7491421692833213
0.060773480981527656 0.7518400347181521
0.060773480981527656 -0.7518400347181521
0.36037053396664287 0.6396124257655376
0.36037053396664287 -0.6396124257655376
-0.7700324527285978 0.0
-0.4174660065716626 0.593574480566379
-0.4174660065716626 -0.593574480566379
-0.7072574891352581 0.26812682093332035
-0.7072574891352581 -0.26812682093332035
0.38929128684022907 0.6132712016791865
0.38929128684022907 -0.6132712016791865
-0.7427584941221101 0.13835823723825558
-0.7427584941221101 -0.13835823723825558
-0.6624140623963982 0.3197744644952648
-0.6624140623963982 -0.3197744644952648
-0.233938781197474 0.708832906820806
-0.233938781197474 -0.708832906820806
-0.6393396837664131 0.3511254938667057
-0.6393396837664131 -0.3511254938667057
0.1693520691693463 0.7237077465059751
0.1693520691693463 -0.7237077465059751
0.28258957336682294 0.670660201031342
0.28258957336682294 -0.670660201031342
0.7162718124635734 0.12244136384907969
0.7162718124635734 -0.12244136384907969
0.6243711582370561 0.34254266954845275
0.6243711582370561 -0.34254266954845275
0.7273166941079303 0.0
-0.7044275641362359 0.21981482171178587
-0.7044275641362359 -0.21981482171178587
-0.7209254942630134 0.025763220322173912
-0.7209254942630134 -0.025763220322173912
-0.04793024549146185 0.7273954625468245
-0.04793024549146185 -0.7273954625468245
-0.34150272369928847 0.6129034246519489
-0.34150272369928847 -0.6129034246519489
-0.5283078110158661 0.44738198911489874
-0.5283078110158661 -0.44738198911489874
-0.26207625583405203 0.6627247969560934
-0.26207625583405203 -0.6627247969560934
-0.4562318200822737 0.5243172630764116
-0.4562318200822737 -0.5243172630764116
0.21358448537017527 0.6877345075493015
0.21358448537017527 -0.6877345075493015
0.2806469052318503 0.6564313840768863
0.2806469052318503 -0.6564313840768863
0.4690096835734445 0.5149079052815839
0.4690096835734445 -0.5149079052815839
-0.29806845487380196 0.6374200558294002
-0.29806845487380196 -0.6374200558294002
0.48998898130203683 0.4891742880571176
0.48998898130203683 -0.4891742880571176
0.6025537881294085 0.35493149606202573
0.6025537881294085 -0.35493149606202573
0.6829254380903663 0.19263913560702484
0.6829254380903663 -0.19263913560702484
0.3938247470014201 0.554269049990747
0.3938247470014201 -0.554269049990747
0.7069238499601784 0.057196349884262226
0.7069238499601784 -0.057196349884262226
0.7007685511263371 0.0
0.6167714189089744 0.2937228780749017
0.6167714189089744 -0.2937228780749017
0.5040529460646954 0.4395388988583651
0.5040529460646954 -0.4395388988583651
-0.37155071888497837 0.5665016072942691
-0.37155071888497837 -0.5665016072942691
-0.5332663287229847 0.41032213722784533
-0.5332663287229847 -0.41032213722784533
-0.48385847010368455 0.45233685402457585
-0.48385847010368455 -0.45233685402457585
-0.5830476675427148 0.34048590893048003
-0.5830476675427148 -0.34048590893048003
0.03148867154357855 0.707867950832032
0.03148867154357855 -0.707867950832032
-0.14853807075779893 0.6908370731577345
-0.14853807075779893 -0.6908370731577345
-0.6494967434263328 0.2563109127372942
-0.6494967434263328 -0.2563109127372942
0.45502519037312705 0.4697475114055684
0.45502519037312705 -0.4697475114055684
0.46697343230395383 0.4570356625660598
0.46697343230395383 -0.4570356625660598
-0.687382902811718 0.1492108445022545
-0.687382902811718 -0.1492108445022545
0.1221696927219784 0.6881541535748452
0.1221696927219784 -0.6881541535748452
-0.03304521852407119 0.6975320984188249
-0.03304521852407119 -0.6975320984188249
-0.10845382742571055 0.6884358931537197
-0.10845382742571055 -0.6884358931537197
-0.6929613884087628 0.10357290572559966
-0.6929613884087628 -0.10357290572559966
-0.6184552519852833 0.28933076626306486
-0.6184552519852833 -0.28933076626306486
0.690171895623175 0.06742845371864255
0.690171895623175 -0.06742845371864255
0.6749663988257573 0.13903950038230237
0.6749663988257573 -0.13903950038230237
0.5803725920360936 0.3391567044687762
0.5803725920360936 -0.3391567044687762
0.5450498375045543 0.37834796276558713
0.5450498375045543 -0.37834796276558713
0.23698687338212665 0.6395632864157341
0.23698687338212665 -0.6395632864157341
-0.3078936337004142 0.6007415577136491
-0.3078936337004142 -0.6007415577136491
-0.5635152242329728 0.35025372298615504
-0.5635152242329728 -0.35025372298615504
-0.6658872358315651 0.17085727598792005
-0.6658872358315651 -0.17085727598792005
0.17359718541640484 0.6593946277525191
0.17359718541640484 -0.6593946277525191
-0.6824049193887773 0.054162268925143434
-0.6824049193887773 -0.054162268925143434
-0.6615798699838331 0.0
-0.20149547430398246 0.650328506297087
-0.20149547430398246 -0.650328506297087
-0.168092513556786 0.6605036918795061
-0.168092513556786 -0.6605036918795061
-0.5211001800879071 0.3846333341783425
-0.5211001800879071 -0.3846333341783425
-0.3559693204605444 0.5465844984828516
-0.3559693204605444 -0.5465844984828516
-0.009482769427458126 0.6836870269914975
-0.009482769427458126 -0.6836870269914975
-0.39022753090702167 0.5146596243766821
-0.39022753090702167 -0.5146596243766821
-0.22347034122190015 0.6370141036562598
-0.22347034122190015 -0.6370141036562598
-0.6652327469901695 0.1323499937783871
-0.6652327469901695 -0.1323499937783871
0.27908049365752663 0.6022542407545574
0.27908049365752663 -0.6022542407545574
-0.6538525000337153 0.07975255200968573
-0.6538525000337153 -0.07975255200968573
-0.4433066953146524 0.44773713984808555
-0.4433066953146524 -0.44773713984808555
-0.42046178752745256 0.46998899665887944
-0.42046178752745256 -0.46998899665887944
-0.3022685693280836 0.5626676176852866
-0.3022685693280836 -0.5626676176852866
0.11600937079618442 0.6469751687848634
0.11600937079618442 -0.6469751687848634
0.6245046048027321 0.1399350199938466
0.6245046048027321 -0.1399350199938466
-0.6092488750876601 0.19640837139789888
-0.6092488750876601 -0.19640837139789888
0.6017117707837409 0.2152792818987346
0.6017117707837409 -0.2152792818987346
-0.5658848130533012 0.26992451563222497
-0.5658848130533012 -0.26992451563222497
0.2572304722266037 0.5836352916501452
0.2572304722266037 -0.5836352916501452
-0.3785909474095942 0.48787293287992217
-0.3785909474095942 -0.48787293287992217
0.5614102091117148 0.27289526746848464
0.5614102091117148 -0.27289526746848464
-0.017852120706250474 0.6401115613560534
-0.017852120706250474 -0.6401115613560534
0.4665971449964962 0.40383704241649143
0.4665971449964962 -0.40383704241649143
0.49875017865184423 0.36571960635935297
0.49875017865184423 -0.36571960635935297
0.5252276732827306 0.3216135573693085
0.5252276732827306 -0.3216135573693085
0.07203495969265925 0.6250689823158195
0.07203495969265925 -0.6250689823158195
-0.20324392703990923 0.5961814374030938
-0.20324392703990923 -0.5961814374030938
0.29955216470214785 0.5394554415291132
0.29955216470214785 -0.5394554415291132
-0.6171793450391678 0.13160922634340416
-0.6171793450391678 -0.13160922634340416
0.03951792111075152 0.6250060386002375
0.03951792111075152 -0.6250060386002375
0.4175736310649488 0.42780849928766634
0.4175736310649488 -0.42780849928766634
-0.49034831458773315 0.3436000491075286
-0.49034831458773315 -0.3436000491075286
0.611878581995869 0.08032382047215829
0.611878581995869 -0.08032382047215829
0.5502412437456272 0.2567637118741049
0.5502412437456272 -0.2567637118741049
0.32180582081204034 0.511353536751085
0.32180582081204034 -0.511353536751085
-0.5326066926590378 0.26851377099654733
-0.5326066926590378 -0.26851377099654733
0.34992055610408895 0.482932084995771
0.34992055610408895 -0.482932084995771
-0.43028614358413 0.40457319403945463
-0.43028614358413 -0.40457319403945463
-0.4204863316739095 0.4119377933143552
-0.4204863316739095 -0.4119377933143552
0.5865673638488413 0.12170537002044085
0.5865673638488413 -0.12170537002044085
-0.5592932661644198 0.1962752065232496
-0.5592932661644198 -0.1962752065232496
0.23205824628138397 0.5500408845840221
0.23205824628138397 -0.5500408845840221
-0.040338579652919204 0.6078058864842093
-0.040338579652919204 -0.6078058864842093
-0.27804678280841333 0.5159930519796254
-0.27804678280841333 -0.5159930519796254
-0.07147189671446186 0.5982700641277766
-0.07147189671446186 -0.5982700641277766
0.15365680980418464 0.5785605811863687
0.15365680980418464 -0.5785605811863687
0.5984191244860894 0.003385021840910642
0.5984191244860894 -0.003385021840910642
-0.48854475293369864 0.31396565456608744
-0.48854475293369864 -0.31396565456608744
0.5915085750476972 0.0
-0.3226318725205271 0.47033129420221637
-0.3226318725205271 -0.47033129420221637
-0.2060521577715961 0.5422244562755455
-0.2060521577715961 -0.5422244562755455
0.36192784652433935 0.4398275924081299
0.36192784652433935 -0.4398275924081299
-0.12396454356561898 0.5779660852935286
-0.12396454356561898 -0.5779660852935286
0.3710921506614244 0.424761303161195
0.3710921506614244 -0.424761303161195
0.15317235536996301 0.5644977604203401
0.15317235536996301 -0.5644977604203401
0.5805001699064711 0.031946917159959794
0.5805001699064711 -0.031946917159959794
-0.3316886777957877 0.4325336539542874
-0.3316886777957877 -0.4325336539542874
-0.5684793170611667 0.09877860249815176
-0.5684793170611667 -0.09877860249815176
-0.5636795443995939 0.0
0.52598747743621 0.2199973769681845
0.52598747743621 -0.2199973769681845
-0.5457581480420122 0.11213893955882231
-0.5457581480420122 -0.11213893955882231
0.5448876576881386 0.10040735822335664
0.5448876576881386 -0.10040735822335664
-0.4704329209029786 0.27705964440493136
-0.4704329209029786 -0.27705964440493136
0.23102436252448644 0.5061964850486573
0.23102436252448644 -0.5061964850486573
-0.014508972628603706 0.561917141489726
-0.014508972628603706 -0.561917141489726
0.27645663312433005 0.4705885805391939
0.27645663312433005 -0.4705885805391939
-0.4376051136424931 0.3053537113275
-0.4376051136424931 -0.3053537113275
-0.0980790237664313 0.5535768468446688
-0.0980790237664313 -0.5535768468446688
-0.5100605947730635 0.16404227826357878
-0.5100605947730635 -0.16404227826357878
-0.23992871005768077 0.4885870461322357
-0.23992871005768077 -0.4885870461322357
0.5170696730089331 0.1816928375895315
0.5170696730089331 -0.1816928375895315
0.06384292204906893 0.5502100817448394
0.06384292204906893 -0.5502100817448394
-0.17077103306093366 0.522813581872841
-0.17077103306093366 -0.522813581872841
0.4310967304800334 0.31308517903322214
0.4310967304800334 -0.31308517903322214
0.40820115205035623 0.33600405930377647
0.40820115205035623 -0.33600405930377647
0.4702149150017718 0.24992622864643393
0.4702149150017718 -0.24992622864643393
0.528610162011274 0.0
-0.37346842140913705 0.343381853211411
-0.37346842140913705 -0.343381853211411
-0.3188539940601124 0.405096263747342
-0.3188539940601124 -0.405096263747342
0.1278369117806875 0.5241807482223226
0.1278369117806875 -0.5241807482223226
0.19665085848020092 0.49891423891803655
0.19665085848020092 -0.49891423891803655
-0.13985516303270368 0.5228170860144138
-0.13985516303270368 -0.5228170860144138
0.49109369635405287 0.132312924461245
0.49109369635405287 -0.132312924461245
-0.013830285780846701 0.5306812022923936
-0.013830285780846701 -0.5306812022923936
-0.5191206478119648 0.11025672771874531
-0.5191206478119648 -0.11025672771874531
-0.2605757441370606 0.43378347559500813
-0.2605757441370606 -0.43378347559500813
-0.4199195111814685 0.2841783955910607
-0.4199195111814685 -0.2841783955910607
0.4198659551953494 0.2608125823546615
0.4198659551953494 -0.2608125823546615
0.2530502288051821 0.4281900860017448
0.2530502288051821 -0.4281900860017448
-0.33207013943781555 0.3744625389046803
-0.33207013943781555 -0.3744625389046803
0.46936705393291944 0.18783682058817744
0.46936705393291944 -0.18783682058817744
-0.5302299835882778 0.009099944033940807
-0.5302299835882778 -0.009099944033940807
-0.2595780829437814 0.4223199627749179
-0.2595780829437814 -0.4223199627749179
-0.4769205819771867 0.19644629342031966
-0.4769205819771867 -0.19644629342031966
-0.38030605252526123 0.3032890016018695
-0.38030605252526123 -0.3032890016018695
-0.5033712499850347 0.04286574779289849
-0.5033712499850347 -0.04286574779289849
0.4947389010283789 0.038135949451043004
0.4947389010283789 -0.038135949451043004
-0.42351215317727164 0.2438685768080983
-0.42351215317727164 -0.2438685768080983
-0.14678938933282626 0.48700450455970945
-0.14678938933282626 -0.48700450455970945
0.44384228269744747 0.2018280513353545
0.44384228269744747 -0.2018280513353545
0.04763136458015088 0.5101339076242135
0.04763136458015088 -0.5101339076242135
-0.45969079013023795 0.15755456334740484
-0.45969079013023795 -0.15755456334740484
0.3724880067066788 0.3039289305222558
0.3724880067066788 -0.3039289305222558
0.44768145516203706 0.1597435993732442
0.44768145516203706 -0.1597435993732442
0.35098615513275466 0.3173990799152258
0.35098615513275466 -0.3173990799152258
0.33295165791680176 0.3382439480948663
0.33295165791680176 -0.3382439480948663
0.15467907915074564 0.46259626079530547
0.15467907915074564 -0.46259626079530547
-0.1293984391053944 0.47763262570274945
-0.1293984391053944 -0.47763262570274945
0.4568434828431768 0.0
0.30342875934840374 0.3611936585189049
0.30342875934840374 -0.3611936585189049
0.269114915793333 0.3871938335040763
0.269114915793333 -0.3871938335040763
0.13494345028414828 0.46213078295713744
0.13494345028414828 -0.46213078295713744
-0.06123566530768555 0.4825999652623733
-0.06123566530768555 -0.4825999652623733
0.03913108658561057 0.48148150973696446
0.03913108658561057 -0.48148150973696446
-0.3855792603395304 0.24322198982770454
-0.3855792603395304 -0.24322198982770454
-0.181222038584482 0.42235204498089435
-0.181222038584482 -0.42235204498089435
-0.30106047947080883 0.32894984310169495
-0.30106047947080883 -0.32894984310169495
0.20771774431021528 0.3993195779665921
0.20771774431021528 -0.3993195779665921
-0.015050759274263938 0.46725098392168507
-0.015050759274263938 -0.46725098392168507
-0.4726650484162338 0.02065906853597533
-0.4726650484162338 -0.02065906853597533
0.3015774024587412 0.3118831530643944
0.3015774024587412 -0.3118831530643944
0.36640703352578785 0.21179408903574198
0.36640703352578785 -0.21179408903574198
0.44201030674554465 0.029676408609084427
0.44201030674554465 -0.029676408609084427
0.08915018039787273 0.4462147949925571
0.08915018039787273 -0.4462147949925571
-0.4425065238541808 0.1219210376865364
-0.4425065238541808 -0.1219210376865364
0.26305559545853213 0.32465063336862726
0.26305559545853213 -0.32465063336862726
-0.3305193274480691 0.24187639673561323
-0.3305193274480691 -0.24187639673561323
-0.12150288318326043 0.4293354365959415
-0.12150288318326043 -0.4293354365959415
0.14798418759732085 0.41208358881114365
0.14798418759732085 -0.41208358881114365
-0.4363736313111743 0.08133366507064063
-0.4363736313111743 -0.08133366507064063
0.41664539190720473 0.09672655920266572
0.41664539190720473 -0.09672655920266572
0.37157100242188423 0.19711896770009038
0.37157100242188423 -0.19711896770009038
-0.40564075320337534 0.14015440331270587
-0.40564075320337534 -0.14015440331270587
-0.3835018916960323 0.16317802564186176
-0.3835018916960323 -0.16317802564186176
0.3790959043995752 0.16482253759568657
0.3790959043995752 -0.16482253759568657
-0.10076714213318935 0.4214881257199579
-0.10076714213318935 -0.4214881257199579
-0.40441515660965516 0.06034584122571308
-0.40441515660965516 -0.06034584122571308
0.40076273630064235 0.06763649542251852
0.40076273630064235 -0.06763649542251852
-0.16460763741347204 0.3781961080770994
-0.16460763741347204 -0.3781961080770994
-0.22968656239863972 0.3392597917472275
-0.22968656239863972 -0.3392597917472275
0.27606581986403617 0.27984367369128543
0.27606581986403617 -0.27984367369128543
0.007805174699754204 0.4070966187765366
0.007805174699754204 -0.4070966187765366
0.15413923897782444 0.36990698751320955
0.15413923897782444 -0.36990698751320955
-0.20401396665593025 0.3430181794318698
-0.20401396665593025 -0.3430181794318698
0.1324583682574403 0.3667299781692701
0.1324583682574403 -0.3667299781692701
-0.0418338055500809 0.39850437480511197
-0.0418338055500809 -0.39850437480511197
-0.26769658859495427 0.2804979407176772
-0.26769658859495427 -0.2804979407176772
-0.2769157994886837 0.2552964208177328
-0.2769157994886837 -0.2552964208177328
0.368283536659238 0.06949740375197319
0.368283536659238 -0.06949740375197319
-0.07906978014912408 0.3842200992828428
-0.07906978014912408 -0.3842200992828428
0.2133389638115512 0.30093253337854087
0.2133389638115512 -0.30093253337854087
0.16471235079378055 0.32967429636244105
0.16471235079378055 -0.32967429636244105
-0.363956234763979 0.013211972254365467
-0.363956234763979 -0.013211972254365467
-0.1597303378345365 0.32249943097499956
-0.1597303378345365 -0.32249943097499956
0.27660428500269385 0.22597069125231078
0.27660428500269385 -0.22597069125231078
0.08216158545708788 0.34735490254403906
0.08216158545708788 -0.34735490254403906
-0.26256426628672924 0.21713635394098896
-0.26256426628672924 -0.21713635394098896
0.3155737466974934 0.10929713091553976
0.3155737466974934 -0.10929713091553976
0.02597087418843158 0.35252409835148074
0.02597087418843158 -0.35252409835148074
0.11346539071662932 0.3273053995398594
0.11346539071662932 -0.3273053995398594
0.09156776427311741 0.3320861814319954
0.09156776427311741 -0.3320861814319954
0.22482446491452351 0.23230384423225062
0.22482446491452351 -0.23230384423225062
0.27553909649651803 0.15833022574201525
0.27553909649651803 -0.15833022574201525
-0.32915239886410685 0.11326129314332242
-0.32915239886410685 -0.11326129314332242
-0.29623306031144925 0.16068403970672307
-0.29623306031144925 -0.16068403970672307
-0.3552218274450508 0.0
-0.1631701172612195 0.2886847350595368
-0.1631701172612195 -0.2886847350595368
-0.23446709318841524 0.23348525048551635
-0.23446709318841524 -0.23348525048551635
-0.0929628861669273 0.32614558374688096
-0.0929628861669273 -0.32614558374688096
-0.33420534603348934 0.0617143821689551
-0.33420534603348934 -0.0617143821689551
0.32555907458919103 0.0
0.28294768486104277 0.13755761850534967
0.28294768486104277 -0.13755761850534967
0.16702843892327301 0.24735490838172952
0.16702843892327301 -0.24735490838172952
0.20697136495657065 0.21077494089005253
0.20697136495657065 -0.21077494089005253
-0.3270243254841684 0.0
-0.18627537802027955 0.23144347696798917
-0.18627537802027955 -0.23144347696798917
-0.10164489723428019 0.3061872631560618
-0.10164489723428019 -0.3061872631560618
-0.23737622738907072 0.17520810099204906
-0.23737622738907072 -0.17520810099204906
-0.02693455337562558 0.3094743606362274
-0.02693455337562558 -0.3094743606362274
0.30330748097782434 0.03215375581928488
0.30330748097782434 -0.03215375581928488
0.2892513088679691 0.057209507994959836
0.2892513088679691 -0.057209507994959836
0.24338350335274375 0.1392863870123516
0.24338350335274375 -0.1392863870123516
-0.2890944227008217 0.02178339917287285
-0.2890944227008217 -0.02178339917287285
-0.2601790436014181 0.10021877064231552
-0.2601790436014181 -0.10021877064231552
0.03581035265448257 0.2937683553401213
0.03581035265448257 -0.2937683553401213
-0.2352863595899527 0.12573776237985793
-0.2352863595899527 -0.12573776237985793
0.25584935568778316 0.023910493539120153
0.25584935568778316 -0.023910493539120153
-0.1639044802222569 0.20060345954277464
-0.1639044802222569 -0.20060345954277464
-0.23428881646561878 0.050257885131396306
-0.23428881646561878 -0.050257885131396306
0.09947705398031659 0.2444311048021891
0.09947705398031659 -0.2444311048021891
0.16988950781155224 0.17824694749941405
0.16988950781155224 -0.17824694749941405
0.009831805009584098 0.2607702851708711
0.009831805009584098 -0.2607702851708711
-0.16839424821316742 0.16819502022380897
-0.16839424821316742 -0.16819502022380897
0.19998117749630667 0.09961900844237459
0.19998117749630667 -0.09961900844237459
-0.05832924158112743 0.2422029342478216
-0.05832924158112743 -0.2422029342478216
0.20271755164358085 0.027299505057463428
0.20271755164358085 -0.027299505057463428
0.15952893896098297 0.13102548088163035
0.15952893896098297 -0.13102548088163035
-0.1824297995254998 0.11731178329034758
-0.1824297995254998 -0.11731178329034758
0.08615718951497256 0.21238516354543488
0.08615718951497256 -0.21238516354543488
0.049314377867695165 0.22423243740128754
0.049314377867695165 -0.22423243740128754
-0.1238566716180923 0.15750715740781937
-0.1238566716180923 -0.15750715740781937
0.011124825173863949 0.20998448173309747
0.011124825173863949 -0.20998448173309747
-0.0727580470943143 0.18801609303056926
-0.0727580470943143 -0.18801609303056926
0.09316030073651319 0.17872740007171703
0.09316030073651319 -0.17872740007171703
-0.03898862739778148 0.2003662436185567
-0.03898862739778148 -0.2003662436185567
-0.20358265287398083 0.0
0.15682922551731776 0.08529956495773305
0.15682922551731776 -0.08529956495773305
0.12067725732999114 0.10308097078629967
0.12067725732999114 -0.10308097078629967
-0.1568367585738052 0.04343451660190369
-0.1568367585738052 -0.04343451660190369
-0.05647503449444194 0.13145461976289052
-0.05647503449444194 -0.13145461976289052
0.18468642092503118 0.0
-0.003781292919692033 0.14962960519862895
-0.003781292919692033 -0.14962960519862895
0.11898064033377946 0.06471402117349176
0.11898064033377946 -0.06471402117349176
-0.051881861704764304 0.11694419590942823
-0.051881861704764304 -0.11694419590942823
0.13351912061887905 0.0
0.1146882771347657 0.035058581884129116
0.1146882771347657 -0.035058581884129116
-0.12242955787773233 0.0
-0.09343801728928966 0.06691603484126582
-0.09343801728928966 -0.06691603484126582
0.025679378398342747 0.11004718160287448
0.025679378398342747 -0.11004718160287448
0.03532813085304079 0.0802182924994476
0.03532813085304079 -0.0802182924994476
0.09585850825227578 0.0
-0.10611529062818882 0.0
0.016188891093232984 0.08059627600117475
0.016188891093232984 -0.08059627600117475
-0.08817718328490029 0.04347879917728661
-0.08817718328490029 -0.04347879917728661
0.021152111811216765 0.0
-0.037058515211417585 0.015334652515801371
-0.037058515211417585 -0.015334652515801371
