-3.643633072818549 0.0
3.0039165542176045 0.0
0.635110564858567 1.3801581235616984
0.635110564858567 -1.3801581235616984
-1.231634406863637 0.0
-0.3648193560636456 1.0440523344477508
-0.3648193560636456 -1.0440523344477508
-0.2318556926367598 0.9770476131887159
-0.2318556926367598 -0.9770476131887159
-0.7478282529924931 0.661088218838812
-0.7478282529924931 -0.661088218838812
-0.4779397991530889 0.8481628588366859
-0.4779397991530889 -0.8481628588366859
-0.6255638465402917 0.7287847867386912
-0.6255638465402917 -0.7287847867386912
-0.7829236139200716 0.5478258772299668
-0.7829236139200716 -0.5478258772299668
-0.919759246738522 0.3407584854095664
-0.919759246738522 -0.3407584854095664
-0.9985095959727679 0.0
-0.8274489228739697 0.44593047181868717
-0.8274489228739697 -0.44593047181868717
-0.9282659714632545 0.17333414765423652
-0.9282659714632545 -0.17333414765423652
-0.9368040248487164 0.09855631644277005
-0.9368040248487164 -0.09855631644277005
0.6048533523687627 0.8546267601940875
0.6048533523687627 -0.8546267601940875
-0.9076345194182025 0.0
-0.4772262311444035 0.7800214565561588
-0.4772262311444035 -0.7800214565561588
0.012854131215741832 0.968041624784654
0.012854131215741832 -0.968041624784654
0.08654634055246332 0.9680960224196825
0.08654634055246332 -0.9680960224196825
1.0203256123907598 0.0
0.8595812065241011 0.4971850758259726
0.8595812065241011 -0.4971850758259726
0.43395918491763835 0.857939990115847
0.43395918491763835 -0.857939990115847
0.49217243415715767 0.821764692521544
0.49217243415715767 -0.821764692521544
0.9013745253487206 0.29100086953171067
0.9013745253487206 -0.29100086953171067
0.5667289558906511 0.7431040625792062
0.5667289558906511 -0.7431040625792062
0.20790789588201497 0.8946661689992425
0.20790789588201497 -0.8946661689992425
0.028484150204574593 0.889750736627434
0.028484150204574593 -0.889750736627434
0.905049478945593 0.08407088226640819
0.905049478945593 -0.08407088226640819
0.9001843897456123 0.0
0.738951052099986 0.4796108093613541
0.738951052099986 -0.4796108093613541
-0.21016334839887263 0.8450770536412174
-0.21016334839887263 -0.8450770536412174
-0.5286702379063515 0.6824240546575892
-0.5286702379063515 -0.6824240546575892
-0.3418045194013902 0.7713724485046465
-0.3418045194013902 -0.7713724485046465
0.7002526408747973 0.5129748126251337
0.7002526408747973 -0.5129748126251337
0.8028684509455057 0.30799828950030855
0.8028684509455057 -0.30799828950030855
-0.7594854240800095 0.3505966286217897
-0.7594854240800095 -0.3505966286217897
-0.5704665346888065 0.6053024649744595
-0.5704665346888065 -0.6053024649744595
0.7552334903466762 0.3511576991037361
0.7552334903466762 -0.3511576991037361
0.7998550543435434 0.2450770577485419
0.7998550543435434 -0.2450770577485419
0.22511125206363333 0.770795214898587
0.22511125206363333 -0.770795214898587
0.018076169217931246 0.7841759297382905
0.018076169217931246 -0.7841759297382905
-0.682853350246008 0.39162600501322964
-0.682853350246008 -0.39162600501322964
0.630749202359358 0.48577365503203024
0.630749202359358 -0.48577365503203024
-0.6490660240141066 0.4385949179869206
-0.6490660240141066 -0.4385949179869206
-0.10742576508972744 0.772087733875423
-0.10742576508972744 -0.772087733875423
0.7874847385275914 0.11623756246924169
0.7874847385275914 -0.11623756246924169
0.3379509463781988 0.7076329689054294
0.3379509463781988 -0.7076329689054294
0.5529649410450074 0.5380769991130908
0.5529649410450074 -0.5380769991130908
0.7728149721277593 0.0
-0.7072664686736453 0.21115574937165443
-0.7072664686736453 -0.21115574937165443
-0.7298792948224253 0.11071393197519198
-0.7298792948224253 -0.11071393197519198
-0.36857723098896866 0.6272619497416126
-0.36857723098896866 -0.6272619497416126
-0.5799334417181654 0.4400549821372122
-0.5799334417181654 -0.4400549821372122
-0.14218177824399197 0.7033846076836919
-0.14218177824399197 -0.7033846076836919
0.3379166085356373 0.6596881659996952
0.3379166085356373 -0.6596881659996952
-0.7128881994371534 0.0
0.7166308270566697 0.06520233458320236
0.7166308270566697 -0.06520233458320236
0.41727502815421175 0.5700985474428741
0.41727502815421175 -0.5700985474428741
0.1452759785893234 0.6870041774851249
0.1452759785893234 -0.6870041774851249
0.6718605051173014 0.22732045494771583
0.6718605051173014 -0.22732045494771583
0.2854093210240336 0.6399098063298531
0.2854093210240336 -0.6399098063298531
0.67076783205718 0.11835010132975153
0.67076783205718 -0.11835010132975153
0.6031758131840252 0.3156268323832367
0.6031758131840252 -0.3156268323832367
0.052888447069634026 0.6804234938744692
0.052888447069634026 -0.6804234938744692
-0.42818373386072983 0.5378684559370522
-0.42818373386072983 -0.5378684559370522
-0.6582813332490268 0.0
-0.4636407118893967 0.4942060397455669
-0.4636407118893967 -0.4942060397455669
-0.205886909180841 0.638274055224351
-0.205886909180841 -0.638274055224351
-0.2486349390906175 0.6181617755225803
-0.2486349390906175 -0.6181617755225803
-0.6151996733029441 0.24556807449038826
-0.6151996733029441 -0.24556807449038826
0.29587444879593017 0.5838320461299914
0.29587444879593017 -0.5838320461299914
0.5229696504440983 0.37200088032922285
0.5229696504440983 -0.37200088032922285
0.580908027784248 0.20324863604661478
0.580908027784248 -0.20324863604661478
-0.5036821139294797 0.36547429431307704
-0.5036821139294797 -0.36547429431307704
-0.06018884539053902 0.6134690990163794
-0.06018884539053902 -0.6134690990163794
0.10836837596733902 0.6020885142600094
0.10836837596733902 -0.6020885142600094
0.4604233418323204 0.39652908129512215
0.4604233418323204 -0.39652908129512215
-0.598210934826918 0.07379027472151271
-0.598210934826918 -0.07379027472151271
0.328423476161841 0.496910936146215
0.328423476161841 -0.496910936146215
-0.505796537951984 0.3211405121437661
-0.505796537951984 -0.3211405121437661
0.514642100910077 0.29081313462076996
0.514642100910077 -0.29081313462076996
0.04644663665331289 0.5811502651298491
0.04644663665331289 -0.5811502651298491
-0.5639067063746529 0.0
-0.39138561799083016 0.4303143628130268
-0.39138561799083016 -0.4303143628130268
-0.22491851100601412 0.5269650593951636
-0.22491851100601412 -0.5269650593951636
-0.4146110464682984 0.4038205204501058
-0.4146110464682984 -0.4038205204501058
-0.12444320450221087 0.5498642475521562
-0.12444320450221087 -0.5498642475521562
0.5606652023452752 0.011033892436127004
0.5606652023452752 -0.011033892436127004
0.5374263669815083 0.13135737242803822
0.5374263669815083 -0.13135737242803822
-0.5293568048080077 0.09137308981071171
-0.5293568048080077 -0.09137308981071171
-0.5265590278820524 0.0
0.42661094891176954 0.32614372981588174
0.42661094891176954 -0.32614372981588174
0.16892856986669208 0.5000340438976119
0.16892856986669208 -0.5000340438976119
0.34373849364162745 0.40409695126703365
0.34373849364162745 -0.40409695126703365
-0.4630822412398796 0.24700158994637336
-0.4630822412398796 -0.24700158994637336
-0.35689249761327824 0.37495030226648435
-0.35689249761327824 -0.37495030226648435
-0.0320502422850584 0.5047348715856885
-0.0320502422850584 -0.5047348715856885
0.24090289211814847 0.4363245283140821
0.24090289211814847 -0.4363245283140821
0.49375283069540316 0.0
0.46468689911635447 0.16375989317071066
0.46468689911635447 -0.16375989317071066
0.06650396769842684 0.4939765435286722
0.06650396769842684 -0.4939765435286722
-0.46801153549582564 0.1637159666080653
-0.46801153549582564 -0.1637159666080653
0.4724407459724111 0.0
-0.24155830555352628 0.41257018003431767
-0.24155830555352628 -0.41257018003431767
0.23551311141035466 0.39574474662607323
0.23551311141035466 -0.39574474662607323
-0.4520830404149808 0.0
0.3842722320005804 0.22594200551245583
0.3842722320005804 -0.22594200551245583
0.30198583935700807 0.3194547991879528
0.30198583935700807 -0.3194547991879528
0.08168258244787283 0.439553383481415
0.08168258244787283 -0.439553383481415
0.4182214815943657 0.11566050114840319
0.4182214815943657 -0.11566050114840319
-0.1688668476832947 0.41079821554995366
-0.1688668476832947 -0.41079821554995366
-0.39912338743502174 0.1802456413968918
-0.39912338743502174 -0.1802456413968918
-0.20348780596096955 0.38039956558885485
-0.20348780596096955 -0.38039956558885485
-0.05201100442011711 0.4245069452463076
-0.05201100442011711 -0.4245069452463076
-0.11963534339257118 0.4076149101264333
-0.11963534339257118 -0.4076149101264333
-0.2672602367385486 0.32467516625691467
-0.2672602367385486 -0.32467516625691467
-0.3059537105526471 0.2907100740620809
-0.3059537105526471 -0.2907100740620809
0.01924937052583331 0.4201670052419601
0.01924937052583331 -0.4201670052419601
-0.3579176041759698 0.19956728119187464
-0.3579176041759698 -0.19956728119187464
0.32870357296666486 0.22063625562207795
0.32870357296666486 -0.22063625562207795
0.3704603844932586 0.11729856962083386
0.3704603844932586 -0.11729856962083386
0.0890326118122204 0.3787234947566631
0.0890326118122204 -0.3787234947566631
-0.3237991529625351 0.21777816176377054
-0.3237991529625351 -0.21777816176377054
-0.3934387268792674 0.005031212910535414
-0.3934387268792674 -0.005031212910535414
-0.3796710828539033 0.04769767642662293
-0.3796710828539033 -0.04769767642662293
-0.13212687866118672 0.34419230354945113
-0.13212687866118672 -0.34419230354945113
0.163340571929177 0.3353845910209705
0.163340571929177 -0.3353845910209705
-0.2778548936273266 0.2374465775830631
-0.2778548936273266 -0.2374465775830631
0.18753151957889036 0.3166919271812056
0.18753151957889036 -0.3166919271812056
-0.343953261987216 0.11571798593103748
-0.343953261987216 -0.11571798593103748
-0.33338155805525393 0.12633805967064496
-0.33338155805525393 -0.12633805967064496
0.24293124292420126 0.26818853112361485
0.24293124292420126 -0.26818853112361485
-0.01617806720375993 0.35205501105805326
-0.01617806720375993 -0.35205501105805326
0.3517901579193833 0.03286347960752599
0.3517901579193833 -0.03286347960752599
-0.34604103469741754 0.0
0.024002007805671133 0.3436629057930168
0.024002007805671133 -0.3436629057930168
0.2585028787659367 0.21864686732920993
0.2585028787659367 -0.21864686732920993
-0.07453850600962239 0.32645929332059065
-0.07453850600962239 -0.32645929332059065
0.20823594855804053 0.26263437496897063
0.20823594855804053 -0.26263437496897063
0.3331527179212847 0.0
0.3147602976540431 0.08892854717611395
0.3147602976540431 -0.08892854717611395
0.32124633357670307 0.06615394678783497
0.32124633357670307 -0.06615394678783497
0.2344144936782242 0.2312236861733536
0.2344144936782242 -0.2312236861733536
0.2751522455345302 0.1699088466100074
0.2751522455345302 -0.1699088466100074
0.12902177564682557 0.2963910281083815
0.12902177564682557 -0.2963910281083815
0.28525877490630747 0.1249557480603203
0.28525877490630747 -0.1249557480603203
-0.19691638591303018 0.2642058178614787
-0.19691638591303018 -0.2642058178614787
0.09593159839899784 0.30513707829821457
0.09593159839899784 -0.30513707829821457
-0.22034491572267778 0.23506671848108712
-0.22034491572267778 -0.23506671848108712
-0.27447840709710347 0.17112459708962832
-0.27447840709710347 -0.17112459708962832
-0.1605680101797095 0.2776929999512657
-0.1605680101797095 -0.2776929999512657
0.30450048409284675 0.0
-0.3159006846131844 0.014172130483829124
-0.3159006846131844 -0.014172130483829124
-0.30905386382835764 0.06212852074887197
-0.30905386382835764 -0.06212852074887197
-0.042831847640643794 0.31413142019253504
-0.042831847640643794 -0.31413142019253504
0.18985005920485942 0.2373951918009704
0.18985005920485942 -0.2373951918009704
-0.2243740586921047 0.21452270818223376
-0.2243740586921047 -0.21452270818223376
-0.15182308428305857 0.2638465168430197
-0.15182308428305857 -0.2638465168430197
-0.26274174627141467 0.16043336349831414
-0.26274174627141467 -0.16043336349831414
-0.026550848550189382 0.3031658206632551
-0.026550848550189382 -0.3031658206632551
0.11862672597257892 0.2741702273524002
0.11862672597257892 -0.2741702273524002
-0.01357268458324095 0.3021424661298029
-0.01357268458324095 -0.3021424661298029
0.23634026913649098 0.17128977903648213
0.23634026913649098 -0.17128977903648213
-0.28935120121687885 0.09521268005688377
-0.28935120121687885 -0.09521268005688377
-0.0864827081047514 0.2861018738505424
-0.0864827081047514 -0.2861018738505424
0.05910033120389253 0.28050891854530136
0.05910033120389253 -0.28050891854530136
0.08569816690524867 0.2705797211708811
0.08569816690524867 -0.2705797211708811
0.18153649783422898 0.21696411154203696
0.18153649783422898 -0.21696411154203696
0.28085465122064546 0.026192881538116934
0.28085465122064546 -0.026192881538116934
-0.27048311995210456 0.09404702645678124
-0.27048311995210456 -0.09404702645678124
-0.16440557831810157 0.22494267822504505
-0.16440557831810157 -0.22494267822504505
-0.08954832318435386 0.2660712298154975
-0.08954832318435386 -0.2660712298154975
-0.24106997390779406 0.13504190773743832
-0.24106997390779406 -0.13504190773743832
0.2606257255260925 0.08385602858379235
0.2606257255260925 -0.08385602858379235
-0.2576631904539582 0.0818281434962938
-0.2576631904539582 -0.0818281434962938
-0.04091529240792201 0.254471056958473
-0.04091529240792201 -0.254471056958473
-0.26885779296745355 0.0
-0.2528679595432955 0.0
-0.11509562280150835 0.2431809355512906
-0.11509562280150835 -0.2431809355512906
-0.217725031346708 0.14774388613042416
-0.217725031346708 -0.14774388613042416
-0.2509205726317142 0.05327557794456438
-0.2509205726317142 -0.05327557794456438
-0.17100449943161244 0.1978022739836105
-0.17100449943161244 -0.1978022739836105
-0.11998174983950174 0.23033531533739798
-0.11998174983950174 -0.23033531533739798
-0.18607050874539752 0.16924402493769836
-0.18607050874539752 -0.16924402493769836
-0.19880385952831878 0.15009370411485323
-0.19880385952831878 -0.15009370411485323
-0.20516064701338235 0.12725850423103108
-0.20516064701338235 -0.12725850423103108
-0.014799250123321967 0.25304499995403607
-0.014799250123321967 -0.25304499995403607
0.010553086505235485 0.2505624643277175
0.010553086505235485 -0.2505624643277175
0.09725422209530027 0.23873140032258472
0.09725422209530027 -0.23873140032258472
0.0040677082955893435 0.24203599130597794
0.0040677082955893435 -0.24203599130597794
0.07452776695210533 0.23572419322475646
0.07452776695210533 -0.23572419322475646
0.14358328397147915 0.21388806428820406
0.14358328397147915 -0.21388806428820406
0.05357190415143919 0.23339139125004058
0.05357190415143919 -0.23339139125004058
0.16415613593846162 0.19958458435409238
0.16415613593846162 -0.19958458435409238
0.2258532553536605 0.14807140538972682
0.2258532553536605 -0.14807140538972682
0.12148955616851168 0.21269077079798043
0.12148955616851168 -0.21269077079798043
0.11104764586245951 0.21426387314484663
0.11104764586245951 -0.21426387314484663
0.2551455471616956 0.06959201285174907
0.2551455471616956 -0.06959201285174907
0.2358552000799934 0.1095610013822125
0.2358552000799934 -0.1095610013822125
0.2518866823477321 0.0
0.2580144754312131 0.01969238437798121
0.2580144754312131 -0.01969238437798121
0.15121813774174842 0.19005076100153884
0.15121813774174842 -0.19005076100153884
0.1819476074497794 0.161022966932276
0.1819476074497794 -0.161022966932276
0.24597622273960024 0.024772654307742406
0.24597622273960024 -0.024772654307742406
0.22380641907588184 0.08562121893736872
0.22380641907588184 -0.08562121893736872
0.17668222657333135 0.15374244765822204
0.17668222657333135 -0.15374244765822204
0.2063588929456378 0.1313640122875628
0.2063588929456378 -0.1313640122875628
0.23088473145551291 0.03374495971306353
0.23088473145551291 -0.03374495971306353
0.2089363424195788 0.10358677522678279
0.2089363424195788 -0.10358677522678279
0.18353178547872073 0.14215717518800294
0.18353178547872073 -0.14215717518800294
-0.038765486867784985 0.23903351483721444
-0.038765486867784985 -0.23903351483721444
0.02897735853683481 0.23062823311768668
0.02897735853683481 -0.23062823311768668
-0.23768918982728846 0.0
-0.22411947012088385 0.08620699857119558
-0.22411947012088385 -0.08620699857119558
-0.23406351671903045 0.0
-0.07301405727855323 0.22006179863085515
-0.07301405727855323 -0.22006179863085515
-0.05423466843251949 0.22306988103935474
-0.05423466843251949 -0.22306988103935474
-0.13224429847082486 0.19175393295280777
-0.13224429847082486 -0.19175393295280777
-0.16806922518884537 0.15875503895436238
-0.16806922518884537 -0.15875503895436238
-0.08512752522613147 0.2102859811898416
-0.08512752522613147 -0.2102859811898416
-0.21684469411837753 0.06597145264816841
-0.21684469411837753 -0.06597145264816841
-0.22052442140020315 0.04541461721752715
-0.22052442140020315 -0.04541461721752715
-0.19915033904288873 0.10412866377231221
-0.19915033904288873 -0.10412866377231221
0.06831283545557965 0.21249051822056572
0.06831283545557965 -0.21249051822056572
-0.14077321837042955 0.1715774920718311
-0.14077321837042955 -0.1715774920718311
-0.10058281861721048 0.19701514045489174
-0.10058281861721048 -0.19701514045489174
0.21681940392937504 0.051266315458762125
0.21681940392937504 -0.051266315458762125
0.11117888339965014 0.18862439731587877
0.11117888339965014 -0.18862439731587877
0.010231626408578335 0.22143412317300828
0.010231626408578335 -0.22143412317300828
-0.039747464346782696 0.21497892272190783
-0.039747464346782696 -0.21497892272190783
0.092794640057902 0.19589384699018503
0.092794640057902 -0.19589384699018503
-0.0103481399945234 0.21624198090112434
-0.0103481399945234 -0.21624198090112434
0.14090813440167915 0.15764892496687466
0.14090813440167915 -0.15764892496687466
0.15527870721462467 0.14553655998719306
0.15527870721462467 -0.14553655998719306
-0.21525666568630317 0.0
-0.1740351324838027 0.12880957466073487
-0.1740351324838027 -0.12880957466073487
-0.19983011546292503 0.08412903792115409
-0.19983011546292503 -0.08412903792115409
-0.1789282023695353 0.11387538468004074
-0.1789282023695353 -0.11387538468004074
0.1976543317251208 0.08588603440357445
0.1976543317251208 -0.08588603440357445
-0.10871819985542167 0.1850922075191563
-0.10871819985542167 -0.1850922075191563
-0.2115661976346106 0.023132378711679055
-0.2115661976346106 -0.023132378711679055
0.17725473449053775 0.11554894506542425
0.17725473449053775 -0.11554894506542425
0.1849450369864737 0.10277799977871208
0.1849450369864737 -0.10277799977871208
-0.09163930573616971 0.1900854907968135
-0.09163930573616971 -0.1900854907968135
0.06788284287887794 0.19826597540329605
0.06788284287887794 -0.19826597540329605
-0.14061374137992444 0.1514189279464321
-0.14061374137992444 -0.1514189279464321
-0.1926317933267556 0.07160468246242899
-0.1926317933267556 -0.07160468246242899
0.20808840108034343 0.017338107585513417
0.20808840108034343 -0.017338107585513417
0.2000414849113326 0.06325558247679794
0.2000414849113326 -0.06325558247679794
0.20594490450362407 0.0
0.13996261852819486 0.14154294607195522
0.13996261852819486 -0.14154294607195522
0.11636745124414742 0.170055652196419
0.11636745124414742 -0.170055652196419
0.11644622479201053 0.1621766894019868
0.11644622479201053 -0.1621766894019868
0.046434175972087086 0.20142117818010313
0.046434175972087086 -0.20142117818010313
-0.20140281497028506 0.010292401813198446
-0.20140281497028506 -0.010292401813198446
0.054498499967673836 0.19469466853888398
0.054498499967673836 -0.19469466853888398
-0.04073846836372533 0.20113429279828016
-0.04073846836372533 -0.20113429279828016
-0.12359456870853977 0.1628212927450651
-0.12359456870853977 -0.1628212927450651
-0.06516474654365426 0.18954632231267027
-0.06516474654365426 -0.18954632231267027
-0.175381290490286 0.0930895055256147
-0.175381290490286 -0.0930895055256147
-0.15634357985910297 0.120303595154367
-0.15634357985910297 -0.120303595154367
0.08181551341710991 0.1807464823639105
0.08181551341710991 -0.1807464823639105
-0.02098383289786502 0.19948604900412295
-0.02098383289786502 -0.19948604900412295
-0.12623897711237225 0.15084291090644783
-0.12623897711237225 -0.15084291090644783
-0.1128753807333213 0.16073314290109272
-0.1128753807333213 -0.16073314290109272
0.20011234779618672 0.021338546001047908
0.20011234779618672 -0.021338546001047908
0.18854728219606404 0.05962222066210484
0.18854728219606404 -0.05962222066210484
-0.19811210910312393 0.0
-0.09263024062952166 0.16982977231671614
-0.09263024062952166 -0.16982977231671614
-0.013569445664862047 0.19490868629045371
-0.013569445664862047 -0.19490868629045371
0.13725721281248834 0.12820769894681064
0.13725721281248834 -0.12820769894681064
-0.19105087380052888 0.03158721717189386
-0.19105087380052888 -0.03158721717189386
-0.18708744555394186 0.04791598413352899
-0.18708744555394186 -0.04791598413352899
0.07113609376031838 0.17603749148367734
0.07113609376031838 -0.17603749148367734
0.04674464453550575 0.18698582353945947
0.04674464453550575 -0.18698582353945947
0.11136309463499036 0.15117397974484323
0.11136309463499036 -0.15117397974484323
-0.1506715681378461 0.11149216700662912
-0.1506715681378461 -0.11149216700662912
0.018114261285410903 0.18848801396306175
0.018114261285410903 -0.18848801396306175
0.03483671541581325 0.18624316611900923
0.03483671541581325 -0.18624316611900923
-0.15912276057695351 0.09758498575421523
-0.15912276057695351 -0.09758498575421523
0.172843324941863 0.08008722916679603
0.172843324941863 -0.08008722916679603
0.1671544571968875 0.08245040251576646
0.1671544571968875 -0.08245040251576646
0.15458256138529133 0.09432350852634289
0.15458256138529133 -0.09432350852634289
0.15200641739615647 0.09479733213663795
0.15200641739615647 -0.09479733213663795
-0.17618194593992037 0.056498724876306486
-0.17618194593992037 -0.056498724876306486
-0.022255978454919778 0.18488448467087523
-0.022255978454919778 -0.18488448467087523
-0.05622983325671321 0.1773751246375956
-0.05622983325671321 -0.1773751246375956
0.003443833302438511 0.18216933115573436
0.003443833302438511 -0.18216933115573436
-0.16397368662150674 0.07500821848142578
-0.16397368662150674 -0.07500821848142578
-0.07503011383157521 0.16383980526097378
-0.07503011383157521 -0.16383980526097378
0.09017556879998967 0.153492366664817
0.09017556879998967 -0.153492366664817
-0.11268156449732643 0.13510205307328757
-0.11268156449732643 -0.13510205307328757
-0.1538500589121345 0.08944617827753945
-0.1538500589121345 -0.08944617827753945
0.07046485243610268 0.16497204110372218
0.07046485243610268 -0.16497204110372218
-0.1785127339416623 0.0231459772278238
-0.1785127339416623 -0.0231459772278238
-0.1754121970690558 0.03928262754524092
-0.1754121970690558 -0.03928262754524092
-0.09479265095165806 0.14795627150080048
-0.09479265095165806 -0.14795627150080048
-0.034963486612964834 0.174808884722939
-0.034963486612964834 -0.174808884722939
-0.16768880299233846 0.0
0.14507400118688435 0.09789744130400405
0.14507400118688435 -0.09789744130400405
-0.14203405433457056 0.0925021857719562
-0.14203405433457056 -0.0925021857719562
0.17767128855251657 0.03595414179514239
0.17767128855251657 -0.03595414179514239
0.16665433305066735 0.06408407346680403
0.16665433305066735 -0.06408407346680403
0.11273411813521786 0.12908155761463866
0.11273411813521786 -0.12908155761463866
0.17883025787884307 0.01768216419830613
0.17883025787884307 -0.01768216419830613
0.10484384081266312 0.13323393151996474
0.10484384081266312 -0.13323393151996474
-0.1091101811618509 0.12834605645461972
-0.1091101811618509 -0.12834605645461972
0.17290460829579968 0.04400738666871292
0.17290460829579968 -0.04400738666871292
-0.1206052270035476 0.1131147003002482
-0.1206052270035476 -0.1131147003002482
0.11840032788180432 0.11644372196062375
0.11840032788180432 -0.11644372196062375
0.07881101723979314 0.1532563847379094
0.07881101723979314 -0.1532563847379094
-0.16270581647469476 0.058566516137383506
-0.16270581647469476 -0.058566516137383506
-0.04068052540240048 0.16928658634129903
-0.04068052540240048 -0.16928658634129903
-0.062092401066507374 0.15857323127978104
-0.062092401066507374 -0.15857323127978104
0.03691870555280478 0.16725676945245987
0.03691870555280478 -0.16725676945245987
-0.015413123649484583 0.17069520667828816
-0.015413123649484583 -0.17069520667828816
-0.15635189591194698 0.04766096341544911
-0.15635189591194698 -0.04766096341544911
-0.06534343105561737 0.15355131015116052
-0.06534343105561737 -0.15355131015116052
-0.07760671441145414 0.14478728510494743
-0.07760671441145414 -0.14478728510494743
-0.16283568421765945 0.0
-0.12338267960228608 0.09397684414078343
-0.12338267960228608 -0.09397684414078343
0.17308063192852996 0.0
0.12420899416563073 0.10661790037470423
0.12420899416563073 -0.10661790037470423
0.1697292170408391 0.017911332264163887
0.1697292170408391 -0.017911332264163887
-0.08688779883542078 0.1325240672123557
-0.08688779883542078 -0.1325240672123557
0.16691228102351668 0.035972121455810406
0.16691228102351668 -0.035972121455810406
0.1595990708351214 0.05568031018865398
0.1595990708351214 -0.05568031018865398
-0.001361946572181423 0.16434537646781064
-0.001361946572181423 -0.16434537646781064
0.0791137279558175 0.13873459122063478
0.0791137279558175 -0.13873459122063478
0.04870880619943894 0.15139738836392597
0.04870880619943894 -0.15139738836392597
0.1337011781682358 0.0826633127072757
0.1337011781682358 -0.0826633127072757
0.007337699057369248 0.1598623210956355
0.007337699057369248 -0.1598623210956355
0.15998796413278288 0.03476071941541371
0.15998796413278288 -0.03476071941541371
0.14797443135825689 0.059595921628978546
0.14797443135825689 -0.059595921628978546
0.057280961791694354 0.14644525741905698
0.057280961791694354 -0.14644525741905698
0.0782204341540803 0.13512312170494792
0.0782204341540803 -0.13512312170494792
0.12167291949945079 0.09550780200337919
0.12167291949945079 -0.09550780200337919
0.09783300068549042 0.1168453842530667
0.09783300068549042 -0.1168453842530667
-0.15568674880893496 0.0
-0.14611947173739986 0.0523928163279657
-0.14611947173739986 -0.0523928163279657
-0.15331495405490608 0.020047572500331363
-0.15331495405490608 -0.020047572500331363
-0.13659875722336298 0.07068931416784732
-0.13659875722336298 -0.07068931416784732
-0.14740014043512056 0.03609312342216852
-0.14740014043512056 -0.03609312342216852
-0.10643902724528853 0.1101743383595974
-0.10643902724528853 -0.1101743383595974
-0.06251842738145919 0.14000976619621627
-0.06251842738145919 -0.14000976619621627
-0.04193423680070306 0.14696260330136152
-0.04193423680070306 -0.14696260330136152
0.005985364192228662 0.15363644162367002
0.005985364192228662 -0.15363644162367002
0.15361546547776272 0.015610267342638533
0.15361546547776272 -0.015610267342638533
0.13276515308221087 0.0687462305018291
0.13276515308221087 -0.0687462305018291
0.017926927243606984 0.14935435065030545
0.017926927243606984 -0.14935435065030545
-0.0924001951933442 0.11305262656872211
-0.0924001951933442 -0.11305262656872211
0.10747915353650729 0.09585656620576183
0.10747915353650729 -0.09585656620576183
0.12056186441170955 0.08117885102940268
0.12056186441170955 -0.08117885102940268
0.038884776157663156 0.14328362063901062
0.038884776157663156 -0.14328362063901062
-0.031196113274227874 0.14598074639970574
-0.031196113274227874 -0.14598074639970574
-0.11234502033582269 0.09092591051957136
-0.11234502033582269 -0.09092591051957136
0.1422707313048504 0.042626284972480014
0.1422707313048504 -0.042626284972480014
-0.07604095384968727 0.12070259505490535
-0.07604095384968727 -0.12070259505490535
-0.06457468048418488 0.1272085844233235
-0.06457468048418488 -0.1272085844233235
-0.14415428669712582 0.02956984952954909
-0.14415428669712582 -0.02956984952954909
0.09189843174695736 0.10731116285953092
0.09189843174695736 -0.10731116285953092
-0.11746090233363746 0.07520045788218749
-0.11746090233363746 -0.07520045788218749
0.06745766437669395 0.1225642231146072
0.06745766437669395 -0.1225642231146072
-0.008228850737034124 0.14489665848165992
-0.008228850737034124 -0.14489665848165992
0.10735125211149499 0.0838611132162727
0.10735125211149499 -0.0838611132162727
0.14563098883231457 0.0043759145689476284
0.14563098883231457 -0.0043759145689476284
0.009000015428080658 0.14066485163681144
0.009000015428080658 -0.14066485163681144
0.06037980569644192 0.12465396675346556
0.06037980569644192 -0.12465396675346556
0.1387198733374797 0.02604326274561789
0.1387198733374797 -0.02604326274561789
0.05185235736481175 0.1273046957968471
0.05185235736481175 -0.1273046957968471
0.13009418965461858 0.0
0.13223980208909197 0.040239481236900534
0.13223980208909197 -0.040239481236900534
0.12009673001655691 0.06091260497037864
0.12009673001655691 -0.06091260497037864
-0.12796415423234625 0.05646201267737935
-0.12796415423234625 -0.05646201267737935
-0.03716680598523799 0.13024116149923276
-0.03716680598523799 -0.13024116149923276
0.1369982172715754 0.008471191402699474
0.1369982172715754 -0.008471191402699474
-0.09119118355908906 0.0969463456617707
-0.09119118355908906 -0.0969463456617707
-0.13668765514950942 0.0030628572003151555
-0.13668765514950942 -0.0030628572003151555
-0.11180439925839414 0.07147848564927062
-0.11180439925839414 -0.07147848564927062
-0.11422946395135483 0.06819261011333248
-0.11422946395135483 -0.06819261011333248
-0.04980368531532002 0.1231406112117791
-0.04980368531532002 -0.1231406112117791
-0.10091135212473282 0.08547865642415359
-0.10091135212473282 -0.08547865642415359
-0.13108709132995522 0.016604149896293018
-0.13108709132995522 -0.016604149896293018
-0.12590940066417827 0.037229157859236944
-0.12590940066417827 -0.037229157859236944
0.12780275746251846 0.041095906393316464
0.12780275746251846 -0.041095906393316464
-0.030817953598781776 0.1278073182799897
-0.030817953598781776 -0.1278073182799897
0.08272514802499617 0.10033931491699498
0.08272514802499617 -0.10033931491699498
-0.0019146394577800319 0.1280457461246903
-0.0019146394577800319 -0.1280457461246903
0.03605422476613396 0.1223872582252817
0.03605422476613396 -0.1223872582252817
-0.09429741433815539 0.08463655185880226
-0.09429741433815539 -0.08463655185880226
0.06963620983447794 0.10688846341272508
0.06963620983447794 -0.10688846341272508
0.09367478703885702 0.08034474819434204
0.09367478703885702 -0.08034474819434204
0.07162115352289142 0.0990869124169187
0.07162115352289142 -0.0990869124169187
-0.06746247994561516 0.10355494484763489
-0.06746247994561516 -0.10355494484763489
0.051357428930962075 0.10816502362039959
0.051357428930962075 -0.10816502362039959
-0.12311739642080505 0.018042696206556103
-0.12311739642080505 -0.018042696206556103
-0.11747552699213856 0.031889481382669324
-0.11747552699213856 -0.031889481382669324
0.10097038531767952 0.0633886552593079
0.10097038531767952 -0.0633886552593079
0.12180162555615384 0.015431449018602059
0.12180162555615384 -0.015431449018602059
-0.12010526914547089 0.0
-0.03787597344866113 0.11437295373414241
-0.03787597344866113 -0.11437295373414241
0.022383933352548402 0.11995765183690091
0.022383933352548402 -0.11995765183690091
0.0009867266880587162 0.12068255660551803
0.0009867266880587162 -0.12068255660551803
0.11152316608164906 0.04599047955668561
0.11152316608164906 -0.04599047955668561
0.04535712428986702 0.10900483907106083
0.04535712428986702 -0.10900483907106083
-0.09069272786948929 0.07233572916292282
-0.09069272786948929 -0.07233572916292282
0.07582525504128798 0.08782338162419828
0.07582525504128798 -0.08782338162419828
-0.10703638808469938 0.04416920509994877
-0.10703638808469938 -0.04416920509994877
0.026107303315434392 0.1151591395606515
0.026107303315434392 -0.1151591395606515
-0.06577438856409025 0.09461374623367912
-0.06577438856409025 -0.09461374623367912
-0.0806922777941084 0.0769861420809225
-0.0806922777941084 -0.0769861420809225
-0.046758658398069516 0.10250671167584512
-0.046758658398069516 -0.10250671167584512
0.08533492995147005 0.06946957621332359
0.08533492995147005 -0.06946957621332359
0.07776677423687772 0.07841417931294006
0.07776677423687772 -0.07841417931294006
0.058923451452632336 0.0923588445517751
0.058923451452632336 -0.0923588445517751
0.11461726231714336 0.019715572369030442
0.11461726231714336 -0.019715572369030442
0.09202379898522171 0.056581035057820764
0.09202379898522171 -0.056581035057820764
-0.0295207727337573 0.11208456791570733
-0.0295207727337573 -0.11208456791570733
-0.022074057524726964 0.11310922369116327
-0.022074057524726964 -0.11310922369116327
-0.09713822580432627 0.053256969165822295
-0.09713822580432627 -0.053256969165822295
-0.11191279001292852 0.0
-0.09704013945467674 0.048384429203331504
-0.09704013945467674 -0.048384429203331504
-0.0885155115069762 0.05781640951002573
-0.0885155115069762 -0.05781640951002573
-0.10885901809640836 0.024704813250941978
-0.10885901809640836 -0.024704813250941978
0.10156603659847277 0.04350881974685063
0.10156603659847277 -0.04350881974685063
-0.006925979000222921 0.10775306020223129
-0.006925979000222921 -0.10775306020223129
0.10764661813067775 0.0
0.10270817535052354 0.022458425855037146
0.10270817535052354 -0.022458425855037146
0.015725437258795744 0.10696509427911316
0.015725437258795744 -0.10696509427911316
0.09530276440748225 0.02820944037836808
0.09530276440748225 -0.02820944037836808
0.09632731112190261 0.021060678402811894
0.09632731112190261 -0.021060678402811894
0.07891141481842627 0.05343759437660069
0.07891141481842627 -0.05343759437660069
0.08273292713869754 0.03978365205626774
0.08273292713869754 -0.03978365205626774
-0.10532898622226522 0.0
-0.05153127615070846 0.09083560129151713
-0.05153127615070846 -0.09083560129151713
0.019096510589099645 0.09882334770389972
0.019096510589099645 -0.09882334770389972
0.0420462539854514 0.0839009398829529
0.0420462539854514 -0.0839009398829529
0.03005863784116297 0.09275434109463811
0.03005863784116297 -0.09275434109463811
-0.05667478017415904 0.08340757350443646
-0.05667478017415904 -0.08340757350443646
-0.07364307558037597 0.06792698533552423
-0.07364307558037597 -0.06792698533552423
-0.10102635333219986 0.0
0.03001853104915662 0.08802827979195882
0.03001853104915662 -0.08802827979195882
-0.09188298857217235 0.029418833551333557
-0.09188298857217235 -0.029418833551333557
-0.031029162805833878 0.09147001107348811
-0.031029162805833878 -0.09147001107348811
-0.013589434063580718 0.0939682359011269
-0.013589434063580718 -0.0939682359011269
-0.04296445907602393 0.08409915050695052
-0.04296445907602393 -0.08409915050695052
-0.09445140565589817 0.009900709811020321
-0.09445140565589817 -0.009900709811020321
0.012850842253780768 0.09171532193467312
0.012850842253780768 -0.09171532193467312
-0.08133962245647758 0.04144567591207304
-0.08133962245647758 -0.04144567591207304
-0.021217118925087868 0.08829768438303144
-0.021217118925087868 -0.08829768438303144
-0.07016412341589859 0.054876816662687324
-0.07016412341589859 -0.054876816662687324
-0.06582963131428243 0.06221524074745006
-0.06582963131428243 -0.06221524074745006
0.050567072812009055 0.0744584847980266
0.050567072812009055 -0.0744584847980266
-0.08844004355642573 0.0
0.06353711249644822 0.059033332452332
0.06353711249644822 -0.059033332452332
0.04369467706633923 0.07381770936523842
0.04369467706633923 -0.07381770936523842
-0.0007812032734884553 0.08714106458963926
-0.0007812032734884553 -0.08714106458963926
0.08598056894533875 0.006398687529520566
0.08598056894533875 -0.006398687529520566
-0.052118788718073406 0.06618683610581225
-0.052118788718073406 -0.06618683610581225
0.07395897105586903 0.038421322301641685
0.07395897105586903 -0.038421322301641685
-0.08079479231786715 0.02926945986551007
-0.08079479231786715 -0.02926945986551007
-0.02922223537439952 0.0785983227839648
-0.02922223537439952 -0.0785983227839648
0.06846043626417574 0.04728422047308248
0.06846043626417574 -0.04728422047308248
-0.08380346740653616 0.011701492132729963
-0.08380346740653616 -0.011701492132729963
0.024657991293500433 0.07545153831578998
0.024657991293500433 -0.07545153831578998
0.05173446998163831 0.052702136524052395
0.05173446998163831 -0.052702136524052395
-0.042343314409275926 0.06346540618564214
-0.042343314409275926 -0.06346540618564214
0.045003561878025726 0.057879218548015504
0.045003561878025726 -0.057879218548015504
-0.05886696766883971 0.04804668547421695
-0.05886696766883971 -0.04804668547421695
-0.04608040177570076 0.05628492392514105
-0.04608040177570076 -0.05628492392514105
0.07349489207414978 0.018176837907923803
0.07349489207414978 -0.018176837907923803
-0.06831120885163729 0.030323809947384928
-0.06831120885163729 -0.030323809947384928
-0.07595733663757565 0.01272934864083523
-0.07595733663757565 -0.01272934864083523
-0.03490827155457231 0.0653007664747565
-0.03490827155457231 -0.0653007664747565
-0.014358613085133237 0.0718194442713143
-0.014358613085133237 -0.0718194442713143
0.05164110104685022 0.047704823801126305
0.05164110104685022 -0.047704823801126305
0.07266764912933113 0.007361875476518157
0.07266764912933113 -0.007361875476518157
-0.00232108090843295 0.07350335655753414
-0.00232108090843295 -0.07350335655753414
0.06532148653749598 0.022688624694865683
0.06532148653749598 -0.022688624694865683
0.06909104960486105 0.012427547811352644
0.06909104960486105 -0.012427547811352644
0.03042743204673741 0.060982522994367246
0.03042743204673741 -0.060982522994367246
0.058801836162891016 0.03252012086906382
0.058801836162891016 -0.03252012086906382
0.007372377679196155 0.07006454924096753
0.007372377679196155 -0.07006454924096753
-0.04520305657886946 0.04795699350549248
-0.04520305657886946 -0.04795699350549248
-0.05903851470381048 0.027303795085720495
-0.05903851470381048 -0.027303795085720495
-0.06101092861138484 0.016474466881626192
-0.06101092861138484 -0.016474466881626192
-0.00013386698858659438 0.06615502075650775
-0.00013386698858659438 -0.06615502075650775
0.0635723222063272 0.0
-0.05599893279079673 0.0
0.04161914480905629 0.0375248139003104
0.04161914480905629 -0.0375248139003104
0.048967493106759186 0.0234519674498638
0.048967493106759186 -0.0234519674498638
0.022406391241536643 0.052529858575242436
0.022406391241536643 -0.052529858575242436
-0.00953413011732168 0.05655456620801874
-0.00953413011732168 -0.05655456620801874
-0.03932290311896069 0.04093384083364848
-0.03932290311896069 -0.04093384083364848
-0.045592212385044906 0.028615451681255497
-0.045592212385044906 -0.028615451681255497
-0.03133730204629791 0.04185602619388731
-0.03133730204629791 -0.04185602619388731
-0.01726102330323276 0.049321338237051114
-0.01726102330323276 -0.049321338237051114
0.02418136611253415 0.0426155447309878
0.02418136611253415 -0.0426155447309878
-0.04149458714807597 0.02208686060391785
-0.04149458714807597 -0.02208686060391785
0.0467430050312245 0.0037596473168164824
0.0467430050312245 -0.0037596473168164824
0.002158543440477419 0.04990072000784022
0.002158543440477419 -0.04990072000784022
-0.03848652377488261 0.0
0.015253001564068568 0.043704083133764976
0.015253001564068568 -0.043704083133764976
0.0015787261656154544 0.045041903367925656
0.0015787261656154544 -0.045041903367925656
-0.022879290020892423 0.03572014578579633
-0.022879290020892423 -0.03572014578579633
0.021861963036470627 0.034266693715994084
0.021861963036470627 -0.034266693715994084
0.03868975015543226 0.0
0.03541353185426774 0.006303094855705874
0.03541353185426774 -0.006303094855705874
-0.028703853948350545 0.009538577856533195
-0.028703853948350545 -0.009538577856533195
-0.031565678611389335 0.0
-0.003987498792617313 0.02994023841005431
-0.003987498792617313 -0.02994023841005431
-0.012185422605964497 0.0274127571082975
-0.012185422605964497 -0.0274127571082975
-0.018379456942105958 0.021667250371273428
-0.018379456942105958 -0.021667250371273428
0.013293182990013499 0.024373973283741395
0.013293182990013499 -0.024373973283741395
0.025040863428610817 0.00944794620520854
0.025040863428610817 -0.00944794620520854
-0.01625785091192383 0.0
0.004833141343647574 0.015044493372629171
0.004833141343647574 -0.015044493372629171
-0.0012672403358336098 0.014467875876083993
-0.0012672403358336098 -0.014467875876083993
0.015447638467559054 0.00415196744264506
0.015447638467559054 -0.00415196744264506
-0.004555405727956185 0.009253390127166222
-0.004555405727956185 -0.009253390127166222
0.016846794691850853 0.0
