0.29534999489553027 1.403844441750232
0.29534999489553027 -1.403844441750232
1.1435542937395198 0.0
0.8946931254070021 0.7010066525209656
0.8946931254070021 -0.7010066525209656
-0.6649902573537002 0.9043928065226554
-0.6649902573537002 -0.9043928065226554
-1.1344268412301801 0.0
-0.4573764145472161 1.0103937981253672
-0.4573764145472161 -1.0103937981253672
0.5283494170650127 0.9284801448372134
0.5283494170650127 -0.9284801448372134
-1.036269377445186 0.22392236146550937
-1.036269377445186 -0.22392236146550937
-0.8857294515124217 0.5292471824255697
-0.8857294515124217 -0.5292471824255697
-0.5509728993157508 0.8556696333242408
-0.5509728993157508 -0.8556696333242408
0.8129637756718382 0.6270037167457638
0.8129637756718382 -0.6270037167457638
0.6589730966962939 0.7623194863207908
0.6589730966962939 -0.7623194863207908
0.926696875931244 0.41725236667204485
0.926696875931244 -0.41725236667204485
0.896613368750472 0.4720713776105983
0.896613368750472 -0.4720713776105983
-0.0776366040770719 1.0286185640030217
-0.0776366040770719 -1.0286185640030217
0.0090546122449432 1.018419177065735
0.0090546122449432 -1.018419177065735
0.4065191256803298 0.9201840259614422
0.4065191256803298 -0.9201840259614422
0.12432967136865461 0.9893204570810326
0.12432967136865461 -0.9893204570810326
0.21522019084653268 0.9700118077203277
0.21522019084653268 -0.9700118077203277
-0.040003723473653045 0.9935221207894285
-0.040003723473653045 -0.9935221207894285
-0.16608543874877046 0.9800621416950174
-0.16608543874877046 -0.9800621416950174
-0.9892609098215742 0.014685978261697681
-0.9892609098215742 -0.014685978261697681
-0.9865054242574915 0.09988753870325155
-0.9865054242574915 -0.09988753870325155
-0.7358662291954854 0.6764605515617678
-0.7358662291954854 -0.6764605515617678
0.5718699020290648 0.8043503421375642
0.5718699020290648 -0.8043503421375642
-0.13134749266633533 0.9732624175598461
-0.13134749266633533 -0.9732624175598461
-0.6304644042504344 0.7726164571949103
-0.6304644042504344 -0.7726164571949103
-0.9538944389385704 0.20920541896350214
-0.9538944389385704 -0.20920541896350214
-0.7124478030590651 0.6749182755226207
-0.7124478030590651 -0.6749182755226207
0.39032775489756083 0.8933939342389787
0.39032775489756083 -0.8933939342389787
-0.8910582275374557 0.35685756434870824
-0.8910582275374557 -0.35685756434870824
-0.6137295941736225 0.7635951218756685
-0.6137295941736225 -0.7635951218756685
-0.8599816561101639 0.4127483121188223
-0.8599816561101639 -0.4127483121188223
-0.47083848545993967 0.8395906909205242
-0.47083848545993967 -0.8395906909205242
0.9207986043571041 0.3456226815685058
0.9207986043571041 -0.3456226815685058
0.9711513350607843 0.1573940143275167
0.9711513350607843 -0.1573940143275167
-0.7947793398682088 0.5079762765960185
-0.7947793398682088 -0.5079762765960185
0.9214245912410639 0.31589565061398556
0.9214245912410639 -0.31589565061398556
0.9343587652576757 0.2716551341097764
0.9343587652576757 -0.2716551341097764
0.9609119048102305 0.01788238981458113
0.9609119048102305 -0.01788238981458113
-0.727110738478632 0.6141545931261692
-0.727110738478632 -0.6141545931261692
0.6947337485824967 0.6758976467439387
0.6947337485824967 -0.6758976467439387
0.9341463849327113 0.2168430991644441
0.9341463849327113 -0.2168430991644441
0.613038354340175 0.7334100037437715
0.613038354340175 -0.7334100037437715
0.8638263588780309 0.413641015042645
0.8638263588780309 -0.413641015042645
-0.5895732222819003 0.7419033739622268
-0.5895732222819003 -0.7419033739622268
-0.5539012828808849 0.7641717721012966
-0.5539012828808849 -0.7641717721012966
0.6565562309241828 0.6835236384108445
0.6565562309241828 -0.6835236384108445
0.7850939850429398 0.5300947475664495
0.7850939850429398 -0.5300947475664495
0.7363151700733078 0.5820772130855831
0.7363151700733078 -0.5820772130855831
0.4896057801100842 0.8076881342111164
0.4896057801100842 -0.8076881342111164
-0.6301358570334535 0.6915496151183798
-0.6301358570334535 -0.6915496151183798
-0.6764809913373162 0.6443768149806073
-0.6764809913373162 -0.6443768149806073
0.7725310650679289 0.5381983803631504
0.7725310650679289 -0.5381983803631504
0.6897971347576688 0.6316107919180566
0.6897971347576688 -0.6316107919180566
0.7957527420466031 0.4842664385800202
0.7957527420466031 -0.4842664385800202
0.4221753557179783 0.8486672804116913
0.4221753557179783 -0.8486672804116913
-0.26378276141214785 0.9287806368506044
-0.26378276141214785 -0.9287806368506044
-0.749868059802596 0.5582763452112285
-0.749868059802596 -0.5582763452112285
-0.5008795167833457 0.787231657655823
-0.5008795167833457 -0.787231657655823
-0.9025381371127918 0.30478511456627544
-0.9025381371127918 -0.30478511456627544
-0.47316938851977597 0.8063511159241676
-0.47316938851977597 -0.8063511159241676
-0.8324305603074802 0.4332508907969251
-0.8324305603074802 -0.4332508907969251
-0.805114649011842 0.46807613468704856
-0.805114649011842 -0.46807613468704856
-0.9336601120686121 0.1849735695622388
-0.9336601120686121 -0.1849735695622388
-0.9512160471079651 0.05773895364358667
-0.9512160471079651 -0.05773895364358667
0.9390384524456561 0.10764412103035999
0.9390384524456561 -0.10764412103035999
0.24230866016395008 0.917746017677477
0.24230866016395008 -0.917746017677477
0.37837561057237273 0.8607350877846934
0.37837561057237273 -0.8607350877846934
0.7038653400426254 0.5761007669230656
0.7038653400426254 -0.5761007669230656
0.5464328780869921 0.7276020951885793
0.5464328780869921 -0.7276020951885793
-0.7854057823486844 0.4817733680500213
-0.7854057823486844 -0.4817733680500213
-0.5835340789904766 0.6946858165302681
-0.5835340789904766 -0.6946858165302681
-0.9292798262171471 0.0
0.4696791850531818 0.7854938135226931
0.4696791850531818 -0.7854938135226931
0.2969920342688414 0.8922907498028431
0.2969920342688414 -0.8922907498028431
0.10783179426001599 0.9431547740492031
0.10783179426001599 -0.9431547740492031
-0.3123725373901107 0.8897225394088212
-0.3123725373901107 -0.8897225394088212
0.9234971041659068 0.13296275763040416
0.9234971041659068 -0.13296275763040416
-0.08859090573441247 0.9399002754739929
-0.08859090573441247 -0.9399002754739929
-0.23140101288147236 0.9106028288290609
-0.23140101288147236 -0.9106028288290609
0.6178261102841383 0.639600075166453
0.6178261102841383 -0.639600075166453
-0.6995065728730542 0.5613439363226816
-0.6995065728730542 -0.5613439363226816
0.1995407475835888 0.9199701645162974
0.1995407475835888 -0.9199701645162974
-0.35675050947056264 0.8578760730439456
-0.35675050947056264 -0.8578760730439456
0.896642232079105 0.201958837687365
0.896642232079105 -0.201958837687365
0.18319144244459418 0.9155448587156082
0.18319144244459418 -0.9155448587156082
0.7876314202675776 0.4506490944475583
0.7876314202675776 -0.4506490944475583
-0.12083402013775699 0.9261021661096919
-0.12083402013775699 -0.9261021661096919
-0.3069547055486366 0.8737366322206762
-0.3069547055486366 -0.8737366322206762
0.8187137408213543 0.38940141910591597
0.8187137408213543 -0.38940141910591597
-0.21231514661931064 0.9031145285455932
-0.21231514661931064 -0.9031145285455932
-0.43815754157769243 0.7952338887590962
-0.43815754157769243 -0.7952338887590962
0.7593707352405232 0.47760705007033327
0.7593707352405232 -0.47760705007033327
-0.029225582858559862 0.921461050622133
-0.029225582858559862 -0.921461050622133
0.5102345334955447 0.7407053243557568
0.5102345334955447 -0.7407053243557568
-0.9071114269337188 0.134625213791429
-0.9071114269337188 -0.134625213791429
-0.80643000639923 0.4109123986922151
-0.80643000639923 -0.4109123986922151
-0.9117938886921844 0.07804151400556521
-0.9117938886921844 -0.07804151400556521
-0.8327844626040171 0.3559869362737254
-0.8327844626040171 -0.3559869362737254
0.46323541347352626 0.7648802822568942
0.46323541347352626 -0.7648802822568942
0.561050037095488 0.6832247159794778
0.561050037095488 -0.6832247159794778
0.394550169522607 0.8043646580743781
0.394550169522607 -0.8043646580743781
0.1846115212137048 0.8927874755364882
0.1846115212137048 -0.8927874755364882
0.9001660892284251 0.08934946007940711
0.9001660892284251 -0.08934946007940711
0.8751022640061545 0.22329654734701476
0.8751022640061545 -0.22329654734701476
0.6448905099088751 0.5749092120145745
0.6448905099088751 -0.5749092120145745
0.46261300130832483 0.7343814871224643
0.46261300130832483 -0.7343814871224643
0.06061984968762469 0.9011097184860022
0.06061984968762469 -0.9011097184860022
0.740298287862707 0.462795740458661
0.740298287862707 -0.462795740458661
-0.9036726617910634 0.0
-0.8812757802350275 0.19339387635382574
-0.8812757802350275 -0.19339387635382574
-0.6070863538090988 0.6268515590741022
-0.6070863538090988 -0.6268515590741022
-0.6428777284271261 0.5812484803318781
-0.6428777284271261 -0.5812484803318781
-0.5256382618534233 0.6835546941171199
-0.5256382618534233 -0.6835546941171199
-0.3839968956372326 0.7956079238145854
-0.3839968956372326 -0.7956079238145854
-0.5776035627135445 0.6205731354248802
-0.5776035627135445 -0.6205731354248802
-0.8310500169780751 0.31128410527724154
-0.8310500169780751 -0.31128410527724154
-0.8822126739197884 0.09555031290896632
-0.8822126739197884 -0.09555031290896632
-0.8390691204815212 0.2695504930758804
-0.8390691204815212 -0.2695504930758804
-0.7779139111045466 0.39694958115827156
-0.7779139111045466 -0.39694958115827156
-0.08498001190529023 0.8915614496864901
-0.08498001190529023 -0.8915614496864901
0.11543160713266412 0.8854296611029511
0.11543160713266412 -0.8854296611029511
-0.8790132010930718 0.0
0.8833461293831294 0.0
-0.0027751542393735784 0.8838162783499777
-0.0027751542393735784 -0.8838162783499777
0.23414588190465593 0.8479880436637752
0.23414588190465593 -0.8479880436637752
-0.2234015393180825 0.8580695324584906
-0.2234015393180825 -0.8580695324584906
0.29885912662393405 0.8238485470507879
0.29885912662393405 -0.8238485470507879
-0.7054539544933547 0.4855044146629112
-0.7054539544933547 -0.4855044146629112
-0.6683856170165129 0.5234276147446171
-0.6683856170165129 -0.5234276147446171
0.34595191894425614 0.7933665139972647
0.34595191894425614 -0.7933665139972647
-0.3209528617538063 0.8060180449416069
-0.3209528617538063 -0.8060180449416069
0.8067534100737257 0.33534408016158085
0.8067534100737257 -0.33534408016158085
-0.4318018815039305 0.7377233372337825
-0.4318018815039305 -0.7377233372337825
0.8693064234486978 0.08387227298655621
0.8693064234486978 -0.08387227298655621
0.6204625810021023 0.5603339429125239
0.6204625810021023 -0.5603339429125239
0.8242272818345007 0.23640689978086452
0.8242272818345007 -0.23640689978086452
0.7992899728015315 0.29950799765715275
0.7992899728015315 -0.29950799765715275
0.7474450635896068 0.39423410067461523
0.7474450635896068 -0.39423410067461523
0.8420007439674458 0.14653522832614996
0.8420007439674458 -0.14653522832614996
0.7096614071506067 0.44752849816843904
0.7096614071506067 -0.44752849816843904
0.13002560811867409 0.851838722509994
0.13002560811867409 -0.851838722509994
0.0427319386630045 0.8614816222776356
0.0427319386630045 -0.8614816222776356
-0.7138212824023213 0.44381121197037754
-0.7138212824023213 -0.44381121197037754
-0.04598115157634683 0.8587119172694601
-0.04598115157634683 -0.8587119172694601
0.7575564417770939 0.34875959796545514
0.7575564417770939 -0.34875959796545514
0.8468830077026133 0.011953755184019164
0.8468830077026133 -0.011953755184019164
-0.8567201798965103 0.03311996673577184
-0.8567201798965103 -0.03311996673577184
-0.5218196281560383 0.6383343530105434
-0.5218196281560383 -0.6383343530105434
-0.3481635254608797 0.7686994263819762
-0.3481635254608797 -0.7686994263819762
-0.13230198207212632 0.8417394402082218
-0.13230198207212632 -0.8417394402082218
0.4663016388827068 0.667306148687609
0.4663016388827068 -0.667306148687609
0.647032492902343 0.5023084971067115
0.647032492902343 -0.5023084971067115
-0.8022215657560399 0.24906282429202983
-0.8022215657560399 -0.24906282429202983
0.5554634608205153 0.5877982422340692
0.5554634608205153 -0.5877982422340692
0.82170572843725 0.1657650622713024
0.82170572843725 -0.1657650622713024
0.8356473979835708 0.061861172661776265
0.8356473979835708 -0.061861172661776265
-0.6179781420149926 0.5148115330212183
-0.6179781420149926 -0.5148115330212183
-0.43321548353534495 0.6909194271156586
-0.43321548353534495 -0.6909194271156586
-0.23978011255902795 0.8109026742318348
-0.23978011255902795 -0.8109026742318348
0.4735845102725226 0.6466943895432511
0.4735845102725226 -0.6466943895432511
0.7876149501529339 0.2636842460684296
0.7876149501529339 -0.2636842460684296
0.6279594241045339 0.5046688064286502
0.6279594241045339 -0.5046688064286502
0.5651079387070248 0.5633013678320212
0.5651079387070248 -0.5633013678320212
-0.8245870136113087 0.15624477253813704
-0.8245870136113087 -0.15624477253813704
-0.7791877341110562 0.30219811236036537
-0.7791877341110562 -0.30219811236036537
-0.6449991160947397 0.46903787397788577
-0.6449991160947397 -0.46903787397788577
-0.5683935638577755 0.5524903014461203
-0.5683935638577755 -0.5524903014461203
0.28305855412697567 0.7784263953509671
0.28305855412697567 -0.7784263953509671
-0.16467611683141845 0.8263766831460385
-0.16467611683141845 -0.8263766831460385
0.34906657107520367 0.7451311545607339
0.34906657107520367 -0.7451311545607339
-0.7348566742102713 0.36410373429198656
-0.7348566742102713 -0.36410373429198656
-0.2679855566354936 0.7838154004549237
-0.2679855566354936 -0.7838154004549237
0.7323289322300515 0.3602132315067366
0.7323289322300515 -0.3602132315067366
0.39753881844838185 0.706914143849921
0.39753881844838185 -0.706914143849921
0.7794774389180024 0.2507662260171973
0.7794774389180024 -0.2507662260171973
0.8190861585497313 0.054673730932190676
0.8190861585497313 -0.054673730932190676
0.08860028691178984 0.824301514924644
0.08860028691178984 -0.824301514924644
-0.37285297162227415 0.7292489553327309
-0.37285297162227415 -0.7292489553327309
0.6810477243340609 0.41590032354047474
0.6810477243340609 -0.41590032354047474
0.23117181697900266 0.7819537643701859
0.23117181697900266 -0.7819537643701859
-0.0668239262503079 0.8160371479160722
-0.0668239262503079 -0.8160371479160722
0.5123001492375057 0.5849956847857287
0.5123001492375057 -0.5849956847857287
-0.3183326525103266 0.7405766457437067
-0.3183326525103266 -0.7405766457437067
-0.742852570738663 0.30738993026008515
-0.742852570738663 -0.30738993026008515
-0.770242013327795 0.23259901663495774
-0.770242013327795 -0.23259901663495774
-0.5388307194910827 0.5633052371702735
-0.5388307194910827 -0.5633052371702735
-0.7835217265153727 0.1686634056226791
-0.7835217265153727 -0.1686634056226791
-0.18565803923166846 0.7938942835376437
-0.18565803923166846 -0.7938942835376437
0.1933173778918199 0.7824120924645901
0.1933173778918199 -0.7824120924645901
0.6200253253156967 0.45767749864917445
0.6200253253156967 -0.45767749864917445
-0.49078069626275045 0.5996760202934629
-0.49078069626275045 -0.5996760202934629
0.7917570354196091 0.12220326984423528
0.7917570354196091 -0.12220326984423528
0.3213818743768695 0.7283628046329413
0.3213818743768695 -0.7283628046329413
0.42836292435907386 0.6321310340620864
0.42836292435907386 -0.6321310340620864
-0.7949938053700771 0.0980755878029678
-0.7949938053700771 -0.0980755878029678
-0.0026117843113439426 0.8092938982441175
-0.0026117843113439426 -0.8092938982441175
-0.023731352834162764 0.80700200163909
-0.023731352834162764 -0.80700200163909
0.47943097281906993 0.5795377153316915
0.47943097281906993 -0.5795377153316915
-0.5944771446934478 0.4776778985875718
-0.5944771446934478 -0.4776778985875718
-0.6471548144861932 0.4089120232841352
-0.6471548144861932 -0.4089120232841352
-0.12135837895541515 0.7891703646859791
-0.12135837895541515 -0.7891703646859791
0.11381269988536605 0.7877720510127441
0.11381269988536605 -0.7877720510127441
-0.7837569330344056 0.006920638198268885
-0.7837569330344056 -0.006920638198268885
-0.21514887855402026 0.7567123804885297
-0.21514887855402026 -0.7567123804885297
0.7590083353883199 0.16427141207517823
0.7590083353883199 -0.16427141207517823
0.7257844490270065 0.2383528703540623
0.7257844490270065 -0.2383528703540623
0.26966218534934633 0.7225802160475157
0.26966218534934633 -0.7225802160475157
0.22712338555509157 0.739120517855559
0.22712338555509157 -0.739120517855559
0.7648005599966303 0.06264903948415469
0.7648005599966303 -0.06264903948415469
0.681471267189377 0.32226061750732604
0.681471267189377 -0.32226061750732604
0.769973451050431 0.0
-0.3798444468410571 0.6660339313375611
-0.3798444468410571 -0.6660339313375611
-0.3040821289502784 0.7086832241392899
-0.3040821289502784 -0.7086832241392899
0.5508439794883558 0.4978068080486822
0.5508439794883558 -0.4978068080486822
0.3532044033622827 0.6682387240375867
0.3532044033622827 -0.6682387240375867
-0.24878157653532207 0.7311701477269341
-0.24878157653532207 -0.7311701477269341
-0.45435419789523446 0.597653976484262
-0.45435419789523446 -0.597653976484262
-0.742898530074027 0.18997846197188356
-0.742898530074027 -0.18997846197188356
-0.5630207448108238 0.48432404747708335
-0.5630207448108238 -0.48432404747708335
-0.6594680821210646 0.349448669263752
-0.6594680821210646 -0.349448669263752
0.13326769082772746 0.7469679151712874
0.13326769082772746 -0.7469679151712874
-0.7529367326395525 0.07684590228356133
-0.7529367326395525 -0.07684590228356133
-0.7586357435366582 0.0
0.7637683737910661 0.0
0.6217514718239324 0.3963117113511718
0.6217514718239324 -0.3963117113511718
0.6698982683289885 0.32291049742895706
0.6698982683289885 -0.32291049742895706
0.5668105243416728 0.45035073514036894
0.5668105243416728 -0.45035073514036894
-0.48491710728695925 0.5340988068733685
-0.48491710728695925 -0.5340988068733685
0.1781340154706942 0.7215298427476603
0.1781340154706942 -0.7215298427476603
0.4373675662944978 0.5651147470999087
0.4373675662944978 -0.5651147470999087
0.3802659938028388 0.6147261834721731
0.3802659938028388 -0.6147261834721731
0.3024727074181399 0.656538707352746
0.3024727074181399 -0.656538707352746
-0.0419074635530218 0.7309381461401575
-0.0419074635530218 -0.7309381461401575
-0.6985969298691895 0.24262114757845774
-0.6985969298691895 -0.24262114757845774
-0.7259939819892147 0.1208581196475053
-0.7259939819892147 -0.1208581196475053
-0.38510408932962986 0.6127259953406562
-0.38510408932962986 -0.6127259953406562
-0.5247254295009797 0.48943730651184614
-0.5247254295009797 -0.48943730651184614
-0.5796763264229134 0.4257349565903772
-0.5796763264229134 -0.4257349565903772
-0.4064089680406282 0.5919593330352173
-0.4064089680406282 -0.5919593330352173
-0.6693919355445299 0.2667635411921655
-0.6693919355445299 -0.2667635411921655
-0.4402715792860715 0.5586661977766776
-0.4402715792860715 -0.5586661977766776
0.702886584817592 0.17525555023688055
0.702886584817592 -0.17525555023688055
0.023853689684813398 0.730806920199946
0.023853689684813398 -0.730806920199946
-0.08977701817977472 0.7263797888991222
-0.08977701817977472 -0.7263797888991222
0.4593584701572423 0.5264033352154163
0.4593584701572423 -0.5264033352154163
0.6038399238056016 0.35107110480589604
0.6038399238056016 -0.35107110480589604
0.5087905671442796 0.4670683491641966
0.5087905671442796 -0.4670683491641966
-0.7233226219416715 0.06271081596579091
-0.7233226219416715 -0.06271081596579091
-0.6082091780099144 0.3536350469828129
-0.6082091780099144 -0.3536350469828129
0.6740092512352927 0.24413866204740864
0.6740092512352927 -0.24413866204740864
-0.6926115903970931 0.18365439530598346
-0.6926115903970931 -0.18365439530598346
0.3962735911795302 0.5584884646228224
0.3962735911795302 -0.5584884646228224
-0.12937035987510734 0.707113253852333
-0.12937035987510734 -0.707113253852333
0.09187054704436837 0.7117613862511531
0.09187054704436837 -0.7117613862511531
-0.6386605018496471 0.3017324147785144
-0.6386605018496471 -0.3017324147785144
0.2891419170686468 0.6420424736515923
0.2891419170686468 -0.6420424736515923
0.13161251109364147 0.7016702941197585
0.13161251109364147 -0.7016702941197585
-0.4948766313586939 0.46034117804688274
-0.4948766313586939 -0.46034117804688274
0.1758133665575199 0.6869127097004237
0.1758133665575199 -0.6869127097004237
0.6996073428736118 0.0
0.6801734255025285 0.15717938798011188
0.6801734255025285 -0.15717938798011188
0.24078569669635969 0.6538549733078854
0.24078569669635969 -0.6538549733078854
-0.7038673251335165 0.0
-0.29286216939149146 0.6351811612533576
-0.29286216939149146 -0.6351811612533576
0.6072323742695082 0.3092133928254284
0.6072323742695082 -0.3092133928254284
0.36499777171632347 0.5655882024794622
0.36499777171632347 -0.5655882024794622
-0.6933326224517686 0.0919084150031658
-0.6933326224517686 -0.0919084150031658
0.536079804238401 0.4010642681697471
0.536079804238401 -0.4010642681697471
0.5638908037241284 0.3629388598550667
0.5638908037241284 -0.3629388598550667
-0.3419821583017246 0.5945592447072731
-0.3419821583017246 -0.5945592447072731
-0.1727414013836185 0.6789903952021685
-0.1727414013836185 -0.6789903952021685
-0.6776023254675025 0.147240039121391
-0.6776023254675025 -0.147240039121391
-0.07622432894648982 0.6931183517975842
-0.07622432894648982 -0.6931183517975842
-0.20947701681266828 0.6566036533233995
-0.20947701681266828 -0.6566036533233995
-0.5395360226337498 0.389437181614717
-0.5395360226337498 -0.389437181614717
0.4884291159545535 0.42922512363421367
0.4884291159545535 -0.42922512363421367
-0.4290876413141634 0.4956430168724418
-0.4290876413141634 -0.4956430168724418
-0.5402992137844207 0.37146891880459154
-0.5402992137844207 -0.37146891880459154
-0.10820889850289574 0.6691275024768555
-0.10820889850289574 -0.6691275024768555
0.2825850731126628 0.594705681476459
0.2825850731126628 -0.594705681476459
0.6719324918561596 0.06754418854785763
0.6719324918561596 -0.06754418854785763
0.6149145124695898 0.2518582431506567
0.6149145124695898 -0.2518582431506567
-0.5966474535853109 0.2750476435672065
-0.5966474535853109 -0.2750476435672065
0.6405694450732781 0.20075115475051317
0.6405694450732781 -0.20075115475051317
-0.35086763244920816 0.5510541862966758
-0.35086763244920816 -0.5510541862966758
-0.04109309978107434 0.6705090854578712
-0.04109309978107434 -0.6705090854578712
-0.5651038087057121 0.31200686282285056
-0.5651038087057121 -0.31200686282285056
-0.6552730887404065 0.10014517477905843
-0.6552730887404065 -0.10014517477905843
0.667907766195309 0.025235823298406422
0.667907766195309 -0.025235823298406422
-0.2260485144798347 0.6211650436467281
-0.2260485144798347 -0.6211650436467281
0.42555660161180636 0.46067521881965523
0.42555660161180636 -0.46067521881965523
0.5286392321468909 0.3536514976768312
0.5286392321468909 -0.3536514976768312
-0.6414468680734233 0.14297447053080595
-0.6414468680734233 -0.14297447053080595
0.65348770786537 0.09901566555516707
0.65348770786537 -0.09901566555516707
0.2007695307907364 0.6227733513422758
0.2007695307907364 -0.6227733513422758
0.07931593527859224 0.6553901044184232
0.07931593527859224 -0.6553901044184232
0.007240073090336032 0.6590191035490798
0.007240073090336032 -0.6590191035490798
-0.6191160340423029 0.21302603262115258
-0.6191160340423029 -0.21302603262115258
-0.6052493241067922 0.24745524266465221
-0.6052493241067922 -0.24745524266465221
0.4655200504113137 0.407237245479754
0.4655200504113137 -0.407237245479754
0.3830319339987545 0.48132920041551414
0.3830319339987545 -0.48132920041551414
0.5923237335661724 0.2699825578804882
0.5923237335661724 -0.2699825578804882
-0.5233864402969093 0.3429996548637609
-0.5233864402969093 -0.3429996548637609
-0.37764188781957214 0.49385503335464853
-0.37764188781957214 -0.49385503335464853
-0.468986835409949 0.40483013381133387
-0.468986835409949 -0.40483013381133387
0.622909692977414 0.13758985711712604
0.622909692977414 -0.13758985711712604
-0.6374306016203313 0.05147710835621026
-0.6374306016203313 -0.05147710835621026
0.6370427254923189 0.0
0.3265091616306345 0.5226691068453739
0.3265091616306345 -0.5226691068453739
-0.6297196492251291 0.09911073850045055
-0.6297196492251291 -0.09911073850045055
0.2226874246320017 0.5811318361098038
0.2226874246320017 -0.5811318361098038
0.5793408261342896 0.22206363491033235
0.5793408261342896 -0.22206363491033235
0.5576651753322318 0.2676083245944902
0.5576651753322318 -0.2676083245944902
-0.28728150183997236 0.5614771572303101
-0.28728150183997236 -0.5614771572303101
-0.592377510339863 0.20003667298898764
-0.592377510339863 -0.20003667298898764
-0.1880971732853669 0.5982612447916229
-0.1880971732853669 -0.5982612447916229
-0.4229465486340501 0.440127280619321
-0.4229465486340501 -0.440127280619321
0.12923108524985388 0.6065823289463006
0.12923108524985388 -0.6065823289463006
-0.3511501694220822 0.4965983029742559
-0.3511501694220822 -0.4965983029742559
-0.08576098823818579 0.6176135323510583
-0.08576098823818579 -0.6176135323510583
-0.42128071476189 0.4260512630323285
-0.42128071476189 -0.4260512630323285
-0.24012009201798445 0.5583581555693871
-0.24012009201798445 -0.5583581555693871
-0.5962433921816573 0.0
0.25092489227791315 0.5470026116910461
0.25092489227791315 -0.5470026116910461
0.34177616420270607 0.4855805581729833
0.34177616420270607 -0.4855805581729833
-0.5193914921401007 0.26482756276702496
-0.5193914921401007 -0.26482756276702496
0.46141253504845947 0.3176098294575413
0.46141253504845947 -0.3176098294575413
0.4260340321554653 0.3677043626021519
0.4260340321554653 -0.3677043626021519
0.34738878881579793 0.44568149279511987
0.34738878881579793 -0.44568149279511987
-0.5572738247468793 0.21735844060290033
-0.5572738247468793 -0.21735844060290033
0.042878788669029215 0.6103591182844916
0.042878788669029215 -0.6103591182844916
-0.2946871383655131 0.4968852737181677
-0.2946871383655131 -0.4968852737181677
-0.15615801963357617 0.5902518762280744
-0.15615801963357617 -0.5902518762280744
-0.3753568414793511 0.4176680521264187
-0.3753568414793511 -0.4176680521264187
0.033411558645209824 0.6011643755900996
0.033411558645209824 -0.6011643755900996
-0.08793187301997757 0.5950621086749208
-0.08793187301997757 -0.5950621086749208
-0.11510516860451321 0.5895738491081247
-0.11510516860451321 -0.5895738491081247
-0.21733260209201832 0.5465485463955698
-0.21733260209201832 -0.5465485463955698
-0.5612908553081261 0.15705767532076154
-0.5612908553081261 -0.15705767532076154
-0.5679755603177259 0.0
-0.5661345314850625 0.09975262830741634
-0.5661345314850625 -0.09975262830741634
-0.46753861150035353 0.30766834312589697
-0.46753861150035353 -0.30766834312589697
0.584931437429335 0.09998239744567732
0.584931437429335 -0.09998239744567732
0.5885103251552812 0.021375359828550017
0.5885103251552812 -0.021375359828550017
-0.30218208507297417 0.47288410298260236
-0.30218208507297417 -0.47288410298260236
-0.4538984792893404 0.29310334415587513
-0.4538984792893404 -0.29310334415587513
0.5379000709710133 0.20645007878678273
0.5379000709710133 -0.20645007878678273
0.5149384656297791 0.24375488223733882
0.5149384656297791 -0.24375488223733882
-0.31759766043010873 0.4294541103632712
-0.31759766043010873 -0.4294541103632712
0.5625880341399626 0.0
0.12476284952637118 0.5668964915023468
0.12476284952637118 -0.5668964915023468
0.5118408126054765 0.22015884913059033
0.5118408126054765 -0.22015884913059033
0.5346203265177484 0.1312167301937034
0.5346203265177484 -0.1312167301937034
-0.22100082695745682 0.5048711519466422
-0.22100082695745682 -0.5048711519466422
0.042363040932763496 0.5706304085755753
0.042363040932763496 -0.5706304085755753
0.24228592474004346 0.5076597832291078
0.24228592474004346 -0.5076597832291078
0.4061499445687144 0.3479410623021576
0.4061499445687144 -0.3479410623021576
0.3073474244538512 0.440010811391567
0.3073474244538512 -0.440010811391567
0.14931295454107454 0.530042907110854
0.14931295454107454 -0.530042907110854
-0.13691197638839048 0.5315037088869794
-0.13691197638839048 -0.5315037088869794
-0.020257687042239264 0.5558055273946905
-0.020257687042239264 -0.5558055273946905
0.26652130391164075 0.46801805550818326
0.26652130391164075 -0.46801805550818326
0.09169728098604024 0.5382366707202955
0.09169728098604024 -0.5382366707202955
0.5487441143190694 0.05262631571834627
0.5487441143190694 -0.05262631571834627
-0.5313061151844914 0.049781448907395144
-0.5313061151844914 -0.049781448907395144
-0.39741385606942414 0.34282990357959053
-0.39741385606942414 -0.34282990357959053
0.2090253545014083 0.4727970575782086
0.2090253545014083 -0.4727970575782086
0.5329306160087632 0.10280220302935845
0.5329306160087632 -0.10280220302935845
0.33512928437369927 0.3796055371121032
0.33512928437369927 -0.3796055371121032
0.4543379172183546 0.2472034785543893
0.4543379172183546 -0.2472034785543893
0.42634702249649886 0.26830519888348087
0.42634702249649886 -0.26830519888348087
-0.41134964425649867 0.3064969916372977
-0.41134964425649867 -0.3064969916372977
-0.22038764576594294 0.4650477779825648
-0.22038764576594294 -0.4650477779825648
-0.08972132505014033 0.5154082373127704
-0.08972132505014033 -0.5154082373127704
0.12084569895506285 0.5123528457598232
0.12084569895506285 -0.5123528457598232
0.3499970212566169 0.3406607611853864
0.3499970212566169 -0.3406607611853864
-0.2687201250870749 0.3997744190643267
-0.2687201250870749 -0.3997744190643267
-0.328751974398637 0.34924926453380717
-0.328751974398637 -0.34924926453380717
-0.02344546833366709 0.5182909002333377
-0.02344546833366709 -0.5182909002333377
-0.48963630941450864 0.11406092160697268
-0.48963630941450864 -0.11406092160697268
-0.46622037134853056 0.19266471964421222
-0.46622037134853056 -0.19266471964421222
-0.48881567382157354 0.015456135409331585
-0.48881567382157354 -0.015456135409331585
-0.46269323856739747 0.15976910672423464
-0.46269323856739747 -0.15976910672423464
0.4779689212266591 0.11046636940139982
0.4779689212266591 -0.11046636940139982
0.4867967822062109 0.010998643495591038
0.4867967822062109 -0.010998643495591038
0.43781391130225733 0.2050046502152073
0.43781391130225733 -0.2050046502152073
-0.4073307627510637 0.2570522516673609
-0.4073307627510637 -0.2570522516673609
0.02205221375710125 0.4974719320331471
0.02205221375710125 -0.4974719320331471
0.18415132448165594 0.44893947931782613
0.18415132448165594 -0.44893947931782613
0.21614522289685711 0.43196676871420664
0.21614522289685711 -0.43196676871420664
0.08392879952010074 0.48679663910097554
0.08392879952010074 -0.48679663910097554
-0.1901372179541051 0.4426179653370909
-0.1901372179541051 -0.4426179653370909
0.4245424249249362 0.1913560971005408
0.4245424249249362 -0.1913560971005408
-0.40870361257670795 0.22997555664514308
-0.40870361257670795 -0.22997555664514308
-0.2158336769045449 0.4176714007112826
-0.2158336769045449 -0.4176714007112826
0.23682782898217314 0.40229768432439833
0.23682782898217314 -0.40229768432439833
0.295995308668063 0.34764568567022913
0.295995308668063 -0.34764568567022913
0.34265443530781436 0.2871497309833495
0.34265443530781436 -0.2871497309833495
-0.34536851736374574 0.29511188212493067
-0.34536851736374574 -0.29511188212493067
-0.09594385306611007 0.47046544478333274
-0.09594385306611007 -0.47046544478333274
-0.29560766160414187 0.3310572471554967
-0.29560766160414187 -0.3310572471554967
-0.1135364789650897 0.45358777474003087
-0.1135364789650897 -0.45358777474003087
-0.05085825001758938 0.4664672521385179
-0.05085825001758938 -0.4664672521385179
0.14188630996914436 0.4332562743419631
0.14188630996914436 -0.4332562743419631
0.09370689422000761 0.4522626842500064
0.09370689422000761 -0.4522626842500064
-0.4459633949374686 0.09260371800333812
-0.4459633949374686 -0.09260371800333812
0.4585609235040441 0.0867774119008225
0.4585609235040441 -0.0867774119008225
0.42284239263844636 0.15985621561438343
0.42284239263844636 -0.15985621561438343
-0.3664561464321807 0.2095078588821601
-0.3664561464321807 -0.2095078588821601
-0.0032351625515406462 0.45259592344755645
-0.0032351625515406462 -0.45259592344755645
0.19313005479036255 0.3755890112522596
0.19313005479036255 -0.3755890112522596
0.07280630090215984 0.43910969066552313
0.07280630090215984 -0.43910969066552313
-0.4346614544412293 0.07737692975114169
-0.4346614544412293 -0.07737692975114169
-0.147171820722458 0.3955775545113099
-0.147171820722458 -0.3955775545113099
0.28264331399439885 0.3078165590016058
0.28264331399439885 -0.3078165590016058
0.22781729442350146 0.3434645686319893
0.22781729442350146 -0.3434645686319893
0.3468420646622449 0.23294305133833965
0.3468420646622449 -0.23294305133833965
-0.2122776333846298 0.34495276013357096
-0.2122776333846298 -0.34495276013357096
-0.2849832326201276 0.27626137449955046
-0.2849832326201276 -0.27626137449955046
-0.243610477448949 0.30804414427350146
-0.243610477448949 -0.30804414427350146
0.42854943421202074 0.07551495227204151
0.42854943421202074 -0.07551495227204151
0.08024260785567677 0.4087176931341124
0.08024260785567677 -0.4087176931341124
-0.40303772535597626 0.11873699546907357
-0.40303772535597626 -0.11873699546907357
-0.4191591694159525 0.013978058230807871
-0.4191591694159525 -0.013978058230807871
0.004919471371701192 0.4096941474138552
0.004919471371701192 -0.4096941474138552
0.41486325543939057 0.0
0.13926456500924872 0.35829090316374207
0.13926456500924872 -0.35829090316374207
-0.06219207542831483 0.3933712130888347
-0.06219207542831483 -0.3933712130888347
0.2853423330991806 0.25656907052694905
0.2853423330991806 -0.25656907052694905
0.3460079564663328 0.16886506805463608
0.3460079564663328 -0.16886506805463608
0.3813734917836883 0.08842988024401723
0.3813734917836883 -0.08842988024401723
-0.14018949334174366 0.36704135850149017
-0.14018949334174366 -0.36704135850149017
0.3192375083821525 0.19198869146188677
0.3192375083821525 -0.19198869146188677
0.38315149301032897 0.0
-0.37952033698402404 0.13443137496137453
-0.37952033698402404 -0.13443137496137453
0.3709733656605092 0.082656857455373
0.3709733656605092 -0.082656857455373
0.220902701361818 0.28807069356083825
0.220902701361818 -0.28807069356083825
-0.30962261114492895 0.23006164537239615
-0.30962261114492895 -0.23006164537239615
-0.33355416903566226 0.1902741803284024
-0.33355416903566226 -0.1902741803284024
0.2564748572916125 0.23247909821835971
0.2564748572916125 -0.23247909821835971
-0.3779264886535187 0.0
-0.07306069002388083 0.3548662696382708
-0.07306069002388083 -0.3548662696382708
-0.2152525026603449 0.2708336836942195
-0.2152525026603449 -0.2708336836942195
-0.2953317371650559 0.20307070098254348
-0.2953317371650559 -0.20307070098254348
-0.3572863688208191 0.05804237654589378
-0.3572863688208191 -0.05804237654589378
-0.004782005308223428 0.3527591685543378
-0.004782005308223428 -0.3527591685543378
-0.11803638985341737 0.3317953303436741
-0.11803638985341737 -0.3317953303436741
-0.329543754010146 0.12196335776312851
-0.329543754010146 -0.12196335776312851
-0.1684164182044368 0.29802823178003685
-0.1684164182044368 -0.29802823178003685
0.2851572042789646 0.17741864888383307
0.2851572042789646 -0.17741864888383307
-0.32005293089352327 0.09210674973100787
-0.32005293089352327 -0.09210674973100787
0.08920351203663926 0.32940874637145184
0.08920351203663926 -0.32940874637145184
0.047906688943165646 0.33425991972079017
0.047906688943165646 -0.33425991972079017
0.15494948387130092 0.2782715909810809
0.15494948387130092 -0.2782715909810809
-0.23132361251329914 0.23318695841635537
-0.23132361251329914 -0.23318695841635537
-0.10238119551194867 0.3110319093374656
-0.10238119551194867 -0.3110319093374656
-0.18306974203078713 0.26138978817037534
-0.18306974203078713 -0.26138978817037534
-0.27050744515107006 0.15298742377032454
-0.27050744515107006 -0.15298742377032454
0.12628891607959736 0.2864210439457638
0.12628891607959736 -0.2864210439457638
0.33341223710876994 0.029148568744731533
0.33341223710876994 -0.029148568744731533
-0.3236516776703617 0.0
0.3328338823857778 0.0
0.23849133625747773 0.16609262223109483
0.23849133625747773 -0.16609262223109483
-6.918206649392938e-05 0.31915279955643927
-6.918206649392938e-05 -0.31915279955643927
0.17746091998686525 0.22262708676904547
0.17746091998686525 -0.22262708676904547
-0.044284556843586724 0.30638879118795065
-0.044284556843586724 -0.30638879118795065
0.3257814614039754 0.0
0.28684980037696967 0.08912457452526164
0.28684980037696967 -0.08912457452526164
-0.30567094381549653 0.0
0.10585418813772485 0.2588818098055048
0.10585418813772485 -0.2588818098055048
0.2321817495098658 0.13206704360328392
0.2321817495098658 -0.13206704360328392
-0.2037791809658286 0.17686877758557024
-0.2037791809658286 -0.17686877758557024
-0.08530032394029338 0.25829965430219964
-0.08530032394029338 -0.25829965430219964
-0.12663955789072479 0.23639888714763438
-0.12663955789072479 -0.23639888714763438
0.10834771762421642 0.23058958221148337
0.10834771762421642 -0.23058958221148337
-0.21276660692705587 0.12663166020470262
-0.21276660692705587 -0.12663166020470262
-0.2555125071838664 0.023880416740735783
-0.2555125071838664 -0.023880416740735783
0.13886083530220528 0.17882299136100158
0.13886083530220528 -0.17882299136100158
-0.16938066876340618 0.16865417957331008
-0.16938066876340618 -0.16865417957331008
0.175439756004672 0.13980662380341086
0.175439756004672 -0.13980662380341086
0.19451752695739677 0.09670269680238593
0.19451752695739677 -0.09670269680238593
0.09229981053775901 0.18369747003292858
0.09229981053775901 -0.18369747003292858
-0.01570345500254803 0.2287876161486753
-0.01570345500254803 -0.2287876161486753
-0.11746198181668964 0.1789977234738009
-0.11746198181668964 -0.1789977234738009
0.220223164241022 0.03549770570415518
0.220223164241022 -0.03549770570415518
-0.08977864947353201 0.18996179254425535
-0.08977864947353201 -0.18996179254425535
-0.21552663069923084 0.0701558632391451
-0.21552663069923084 -0.0701558632391451
-0.04608756040675681 0.21545169174266848
-0.04608756040675681 -0.21545169174266848
0.19798846521414318 0.029490925233863152
0.19798846521414318 -0.029490925233863152
0.013533812259950394 0.20487075980983607
0.013533812259950394 -0.20487075980983607
-0.19916288813004684 0.029631182044972903
-0.19916288813004684 -0.029631182044972903
-0.17783278192357163 0.0657197868347277
-0.17783278192357163 -0.0657197868347277
0.007850853829303074 0.18127798004467074
0.007850853829303074 -0.18127798004467074
0.24383867320950842 0.0
0.14227957626702342 0.12431777079817866
0.14227957626702342 -0.12431777079817866
-0.005553168670054447 0.15939342226175784
-0.005553168670054447 -0.15939342226175784
-0.12923865777685808 0.1222860397015059
-0.12923865777685808 -0.1222860397015059
0.1325244195762418 0.07385482059975773
0.1325244195762418 -0.07385482059975773
-0.14369916028290508 0.0814945204795553
-0.14369916028290508 -0.0814945204795553
0.1332195944897771 0.0
0.07911487180330326 0.13357791087355123
0.07911487180330326 -0.13357791087355123
-0.06567690065068696 0.1230169312652523
-0.06567690065068696 -0.1230169312652523
-0.11616130804934689 0.042021105656960114
-0.11616130804934689 -0.042021105656960114
0.06153718983173674 0.0914325451215987
0.06153718983173674 -0.0914325451215987
-0.07626237207135005 0.0
0.09333186287026803 0.0
-0.013551292388934152 0.07082196929846492
-0.013551292388934152 -0.07082196929846492
-0.03955039405156581 0.03632226542703855
-0.03955039405156581 -0.03632226542703855
0.03989721075812043 0.05488165375545611
0.03989721075812043 -0.05488165375545611
0.03836511700986879 0.0
0.0682829280816104 0.059469523976856925
0.0682829280816104 -0.059469523976856925
-0.037828033610917085 0.0
