-1.7436634332361272 0.0
0.4842840410832435 1.5095987023812558
0.4842840410832435 -1.5095987023812558
-1.1236651895560745 0.0
0.7420624419565973 0.8691656608566567
0.7420624419565973 -0.8691656608566567
1.1217619307978377 0.2365463745365416
1.1217619307978377 -0.2365463745365416
-0.7789322870447504 0.7402629098812825
-0.7789322870447504 -0.7402629098812825
-0.9670353933433113 0.40825989071514435
-0.9670353933433113 -0.40825989071514435
-1.0273892865698953 0.18464883048537206
-1.0273892865698953 -0.18464883048537206
-0.20005226643035579 1.0436414997651677
-0.20005226643035579 -1.0436414997651677
0.4208381858009903 0.9471078645002591
0.4208381858009903 -0.9471078645002591
-0.578744852660318 0.8533750165473208
-0.578744852660318 -0.8533750165473208
-0.8788284437731044 0.45834177708618373
-0.8788284437731044 -0.45834177708618373
-0.9586802056838564 0.10470952556965928
-0.9586802056838564 -0.10470952556965928
-0.781778148186395 0.5598648094165636
-0.781778148186395 -0.5598648094165636
-0.6515053751991531 0.7370501025359226
-0.6515053751991531 -0.7370501025359226
-0.3709280769532053 0.9188313304509671
-0.3709280769532053 -0.9188313304509671
-0.43864914766051805 0.8722081202759658
-0.43864914766051805 -0.8722081202759658
-0.5429163898970761 0.793576923161609
-0.5429163898970761 -0.793576923161609
-0.5809536866853522 0.7455985650153941
-0.5809536866853522 -0.7455985650153941
-0.15855776383013384 0.9717258132699911
-0.15855776383013384 -0.9717258132699911
0.2123381656552029 0.963851474454441
0.2123381656552029 -0.963851474454441
0.4867466589828393 0.8615999224362793
0.4867466589828393 -0.8615999224362793
0.7874354936430482 0.6549384408521663
0.7874354936430482 -0.6549384408521663
0.6762934788929316 0.7039408085491277
0.6762934788929316 -0.7039408085491277
0.9846926952430932 0.11586148084437599
0.9846926952430932 -0.11586148084437599
0.9548262891279669 0.24749392814545934
0.9548262891279669 -0.24749392814545934
0.8684665126981246 0.47084131274516605
0.8684665126981246 -0.47084131274516605
0.544062451490873 0.7637786705283136
0.544062451490873 -0.7637786705283136
0.8820140245198326 0.39284147347408765
0.8820140245198326 -0.39284147347408765
0.7889950837327926 0.5306135928359378
0.7889950837327926 -0.5306135928359378
0.7706149546279859 0.5372341224202329
0.7706149546279859 -0.5372341224202329
-0.91473281871546 0.2917205220499226
-0.91473281871546 -0.2917205220499226
0.5910581821394241 0.7126506176388557
0.5910581821394241 -0.7126506176388557
-0.30686402958022474 0.9189356162859871
-0.30686402958022474 -0.9189356162859871
0.10031368223799658 0.9642249564394179
0.10031368223799658 -0.9642249564394179
-0.905389715776685 0.15709848135869786
-0.905389715776685 -0.15709848135869786
0.003531322479076837 0.9532032552134956
0.003531322479076837 -0.9532032552134956
-0.8019973215031204 0.45159503470145745
-0.8019973215031204 -0.45159503470145745
0.3953574259707331 0.8532604843505393
0.3953574259707331 -0.8532604843505393
0.9349493412141845 0.05976746080847226
0.9349493412141845 -0.05976746080847226
-0.046564354023877916 0.9401558359216333
-0.046564354023877916 -0.9401558359216333
0.8292567284213795 0.4015862715632854
0.8292567284213795 -0.4015862715632854
0.8754918986277858 0.2573357623722251
0.8754918986277858 -0.2573357623722251
0.846278613346112 0.3414367734287717
0.846278613346112 -0.3414367734287717
-0.5417586954088534 0.7394137409038963
-0.5417586954088534 -0.7394137409038963
0.4858452895913684 0.7656880015896923
0.4858452895913684 -0.7656880015896923
0.22969517989459154 0.897240376200046
0.22969517989459154 -0.897240376200046
-0.6837688057307647 0.5964732363018312
-0.6837688057307647 -0.5964732363018312
-0.7287508489793573 0.5243200756032927
-0.7287508489793573 -0.5243200756032927
0.890332673054614 0.0
0.8017328409731272 0.4123483339757959
0.8017328409731272 -0.4123483339757959
-0.21509708745200978 0.8893144860211513
-0.21509708745200978 -0.8893144860211513
-0.6610484569817456 0.6005596839819272
-0.6610484569817456 -0.6005596839819272
0.1327278574676769 0.9131975317784763
0.1327278574676769 -0.9131975317784763
-0.35223388022419055 0.8415485411537251
-0.35223388022419055 -0.8415485411537251
0.3310329204436084 0.839370390337771
0.3310329204436084 -0.839370390337771
0.8904274194200574 0.12114562275013059
0.8904274194200574 -0.12114562275013059
-0.3524963300375058 0.818834795365295
-0.3524963300375058 -0.818834795365295
0.060002197052174695 0.9019609322067774
0.060002197052174695 -0.9019609322067774
-0.8111649279176449 0.3578039510582536
-0.8111649279176449 -0.3578039510582536
-0.8972528174473582 0.013016322450907626
-0.8972528174473582 -0.013016322450907626
-0.1743826931750222 0.8743927090073867
-0.1743826931750222 -0.8743927090073867
-0.04672903048999133 0.890419345613822
-0.04672903048999133 -0.890419345613822
0.4475822002124056 0.7392099469297857
0.4475822002124056 -0.7392099469297857
-0.6590146779905335 0.5512691159554145
-0.6590146779905335 -0.5512691159554145
0.8591410952096911 0.0
-0.8122817569496985 0.3204483794285425
-0.8122817569496985 -0.3204483794285425
0.5180712852920966 0.6671253793692784
0.5180712852920966 -0.6671253793692784
-0.47224528986628733 0.7223423071410018
-0.47224528986628733 -0.7223423071410018
0.2814821961741767 0.8178732205072137
0.2814821961741767 -0.8178732205072137
0.8665496106546746 0.04032463802645275
0.8665496106546746 -0.04032463802645275
-0.4071728808671289 0.754017160014187
-0.4071728808671289 -0.754017160014187
-0.5802112671812361 0.6074073148504323
-0.5802112671812361 -0.6074073148504323
0.7785048273249402 0.2985234904285645
0.7785048273249402 -0.2985234904285645
0.7326567937466496 0.38291391615376963
0.7326567937466496 -0.38291391615376963
-0.08883709706748441 0.8385954014013466
-0.08883709706748441 -0.8385954014013466
0.17187489266351524 0.8194193935907684
0.17187489266351524 -0.8194193935907684
0.6773968836640344 0.4632756359534363
0.6773968836640344 -0.4632756359534363
-0.8235827469983055 0.18957761051483124
-0.8235827469983055 -0.18957761051483124
-0.7890640662237416 0.279571682862744
-0.7890640662237416 -0.279571682862744
0.6585636663237583 0.4756735599214134
0.6585636663237583 -0.4756735599214134
-0.8309496408467532 0.12297478979655388
-0.8309496408467532 -0.12297478979655388
0.5721413381704814 0.5794118231642023
0.5721413381704814 -0.5794118231642023
-0.6681438157984241 0.4451815174676355
-0.6681438157984241 -0.4451815174676355
-0.8272768466622086 0.13575801064050794
-0.8272768466622086 -0.13575801064050794
0.5533936898116913 0.5815647859882744
0.5533936898116913 -0.5815647859882744
0.47631576399296127 0.6451225300065148
0.47631576399296127 -0.6451225300065148
0.5988534459143355 0.5211051161716976
0.5988534459143355 -0.5211051161716976
-0.18814111691970115 0.8040614183700221
-0.18814111691970115 -0.8040614183700221
0.06190796981280445 0.824871193786446
0.06190796981280445 -0.824871193786446
-0.7060356343404984 0.38959266445108937
-0.7060356343404984 -0.38959266445108937
-0.5960607564597149 0.5199239626419423
-0.5960607564597149 -0.5199239626419423
0.3876380547531918 0.7016336806471523
0.3876380547531918 -0.7016336806471523
0.34704430367599426 0.7321199154387039
0.34704430367599426 -0.7321199154387039
-0.8111928003852813 0.0
-0.4819539969878196 0.6111376065291569
-0.4819539969878196 -0.6111376065291569
-0.527596774503567 0.5701012110051841
-0.527596774503567 -0.5701012110051841
0.7951680239578829 0.17154390450408732
0.7951680239578829 -0.17154390450408732
0.556218575592667 0.5242454382706153
0.556218575592667 -0.5242454382706153
-0.8113037550444295 0.05179082885650842
-0.8113037550444295 -0.05179082885650842
0.6897777602656934 0.3744418302855885
0.6897777602656934 -0.3744418302855885
0.7625587336455475 0.2277446505969655
0.7625587336455475 -0.2277446505969655
0.7725883197831942 0.04341192126588313
0.7725883197831942 -0.04341192126588313
0.7601814315287229 0.09768473824179848
0.7601814315287229 -0.09768473824179848
-0.7585083945106008 0.2606998599406588
-0.7585083945106008 -0.2606998599406588
0.24758665810442013 0.7527273557861205
0.24758665810442013 -0.7527273557861205
-0.3705093936560119 0.6955323414248428
-0.3705093936560119 -0.6955323414248428
-0.7182053092028569 0.30827211371595686
-0.7182053092028569 -0.30827211371595686
-0.09482049747999544 0.7858488856779294
-0.09482049747999544 -0.7858488856779294
0.5965199834759879 0.4352625550715371
0.5965199834759879 -0.4352625550715371
0.0755369353351734 0.7732636514065763
0.0755369353351734 -0.7732636514065763
-0.2712221206985762 0.7230662250128013
-0.2712221206985762 -0.7230662250128013
-0.3380072219566407 0.6826206562329021
-0.3380072219566407 -0.6826206562329021
0.47711903368437736 0.5641282860625371
0.47711903368437736 -0.5641282860625371
0.19569745083499823 0.7405870755650371
0.19569745083499823 -0.7405870755650371
-0.3788217321848555 0.6372313824691606
-0.3788217321848555 -0.6372313824691606
-0.018988996543183784 0.756515311075512
-0.018988996543183784 -0.756515311075512
-0.6008606995294337 0.41312196159183895
-0.6008606995294337 -0.41312196159183895
0.30750013435505474 0.6721797146729392
0.30750013435505474 -0.6721797146729392
-0.6368331237416557 0.36538672646724407
-0.6368331237416557 -0.36538672646724407
-0.14030936523691354 0.7333899613616611
-0.14030936523691354 -0.7333899613616611
0.0236202123556907 0.7383772927601505
0.0236202123556907 -0.7383772927601505
-0.6871367139384679 0.2637157855672675
-0.6871367139384679 -0.2637157855672675
0.616173715240245 0.36058253153117636
0.616173715240245 -0.36058253153117636
0.39257811501869544 0.5952343144127323
0.39257811501869544 -0.5952343144127323
-0.7225814300129128 0.12826640767413097
-0.7225814300129128 -0.12826640767413097
-0.7239040290140972 0.09517296617397313
-0.7239040290140972 -0.09517296617397313
-0.16388026684419432 0.7026808564659712
-0.16388026684419432 -0.7026808564659712
0.7240036009989086 0.06396629111904888
0.7240036009989086 -0.06396629111904888
0.7113324360378723 0.12790743411712988
0.7113324360378723 -0.12790743411712988
-0.4559416342936468 0.5126854623193703
-0.4559416342936468 -0.5126854623193703
0.20093351206255838 0.6924517610177522
0.20093351206255838 -0.6924517610177522
0.4452063856020586 0.5326774498929743
0.4452063856020586 -0.5326774498929743
-0.3613966971848461 0.583683210131382
-0.3613966971848461 -0.583683210131382
0.3508660871768655 0.5676812177796818
0.3508660871768655 -0.5676812177796818
0.5056727714364939 0.4467074344877415
0.5056727714364939 -0.4467074344877415
-0.5353546811178045 0.4119852144903625
-0.5353546811178045 -0.4119852144903625
0.6684873677346137 0.20380743010206226
0.6684873677346137 -0.20380743010206226
-0.430865595365614 0.5007047176430371
-0.430865595365614 -0.5007047176430371
0.5395252354142794 0.3968375400957985
0.5395252354142794 -0.3968375400957985
-0.4912902852599671 0.43263969162776106
-0.4912902852599671 -0.43263969162776106
-0.6360232299035392 0.26867404172990433
-0.6360232299035392 -0.26867404172990433
0.6377977981698435 0.25940882133656823
0.6377977981698435 -0.25940882133656823
-0.6785243788257069 0.09611644997258896
-0.6785243788257069 -0.09611644997258896
0.03727448958310885 0.6780481194525938
0.03727448958310885 -0.6780481194525938
0.10455270272586263 0.6686466541911497
0.10455270272586263 -0.6686466541911497
-0.05546362291550064 0.6697204365500674
-0.05546362291550064 -0.6697204365500674
0.2610358063051066 0.6299133244985599
0.2610358063051066 -0.6299133244985599
-0.6327212563243696 0.2125830790073633
-0.6327212563243696 -0.2125830790073633
-0.21036568788226795 0.6309047786234134
-0.21036568788226795 -0.6309047786234134
-0.6481022862062814 0.09205313498709236
-0.6481022862062814 -0.09205313498709236
-0.16135270791401557 0.6320941879179243
-0.16135270791401557 -0.6320941879179243
-0.2874566434958975 0.582849616441977
-0.2874566434958975 -0.582849616441977
0.6567308224623045 0.10356581281381261
0.6567308224623045 -0.10356581281381261
0.39793189782516913 0.5121014329515319
0.39793189782516913 -0.5121014329515319
0.6442792452712398 0.06779024491348815
0.6442792452712398 -0.06779024491348815
-0.3051818571302708 0.5527363913919284
-0.3051818571302708 -0.5527363913919284
0.16238130819315688 0.6149132688870281
0.16238130819315688 -0.6149132688870281
0.39461072455023294 0.4982030287055531
0.39461072455023294 -0.4982030287055531
-0.4173595626555261 0.45713454390851166
-0.4173595626555261 -0.45713454390851166
-0.5781065746360659 0.23039376428533925
-0.5781065746360659 -0.23039376428533925
0.2917905810102945 0.5375096052258761
0.2917905810102945 -0.5375096052258761
0.5651005214861498 0.24776154947617285
0.5651005214861498 -0.24776154947617285
0.45924849948454594 0.410882071511615
0.45924849948454594 -0.410882071511615
-0.00801461699022099 0.604527190959703
-0.00801461699022099 -0.604527190959703
0.5192331073454285 0.30484729135071126
0.5192331073454285 -0.30484729135071126
-0.20620112502906834 0.5692638362541709
-0.20620112502906834 -0.5692638362541709
-0.13032152379544681 0.5914443935548269
-0.13032152379544681 -0.5914443935548269
-0.5790349778360219 0.0
-0.5819145759330462 0.04990124774544597
-0.5819145759330462 -0.04990124774544597
0.5654619848089195 0.1311534462953364
0.5654619848089195 -0.1311534462953364
0.08396275054312347 0.5783911885628287
0.08396275054312347 -0.5783911885628287
-0.4911541303967938 0.319108615414873
-0.4911541303967938 -0.319108615414873
0.5256081231092107 0.24399349878482235
0.5256081231092107 -0.24399349878482235
0.24196602000145873 0.529991007660967
0.24196602000145873 -0.529991007660967
-0.48063304195490786 0.31569849679613854
-0.48063304195490786 -0.31569849679613854
0.15380676871874363 0.5544421782160265
0.15380676871874363 -0.5544421782160265
-0.3649189748581907 0.4371744287250314
-0.3649189748581907 -0.4371744287250314
-0.44377208994841216 0.3567958730503385
-0.44377208994841216 -0.3567958730503385
-0.01774820012534046 0.5631345234129754
-0.01774820012534046 -0.5631345234129754
0.5642326086494786 0.0
0.5527141533967358 0.12140932896636647
0.5527141533967358 -0.12140932896636647
-0.29767493720302063 0.4754345869144627
-0.29767493720302063 -0.4754345869144627
-0.5356589789373781 0.15484546530542379
-0.5356589789373781 -0.15484546530542379
0.553106874524498 0.056410097194489875
0.553106874524498 -0.056410097194489875
0.433780277872287 0.3315113612257213
0.433780277872287 -0.3315113612257213
0.5026184769974769 0.17319985703727128
0.5026184769974769 -0.17319985703727128
0.4865145746508446 0.1979899341578553
0.4865145746508446 -0.1979899341578553
0.5073972792149304 0.0
0.30835897819705005 0.4262528246731167
0.30835897819705005 -0.4262528246731167
0.08575023845606261 0.5355167081827507
0.08575023845606261 -0.5355167081827507
-0.13087664408765232 0.5235855162164003
-0.13087664408765232 -0.5235855162164003
0.28321791112436856 0.4276017732636518
0.28321791112436856 -0.4276017732636518
-0.012205463695703238 0.5223623255252632
-0.012205463695703238 -0.5223623255252632
-0.2680464140159097 0.4512097165810775
-0.2680464140159097 -0.4512097165810775
-0.35142076679166706 0.38976607156966264
-0.35142076679166706 -0.38976607156966264
0.19441925242322006 0.4728661504541665
0.19441925242322006 -0.4728661504541665
-0.47580453010228546 0.2213426003847053
-0.47580453010228546 -0.2213426003847053
-0.5115910571081994 0.03087024265998441
-0.5115910571081994 -0.03087024265998441
-0.4807853355572339 0.18061778382914798
-0.4807853355572339 -0.18061778382914798
-0.38721098533068954 0.34447253074140444
-0.38721098533068954 -0.34447253074140444
-0.10970276959566341 0.4981874522311105
-0.10970276959566341 -0.4981874522311105
0.42739158680512457 0.26312063827632554
0.42739158680512457 -0.26312063827632554
0.3619685597073191 0.31141783002321566
0.3619685597073191 -0.31141783002321566
0.24390664063421177 0.4357888037284229
0.24390664063421177 -0.4357888037284229
0.09225814097947248 0.4789128844848286
0.09225814097947248 -0.4789128844848286
0.20432460020056697 0.4313310496291863
0.20432460020056697 -0.4313310496291863
0.29414294898144416 0.36300235042355006
0.29414294898144416 -0.36300235042355006
-0.39897849603664426 0.27619278484997595
-0.39897849603664426 -0.27619278484997595
-0.30831538484821785 0.35914177825405513
-0.30831538484821785 -0.35914177825405513
-0.4604538049371282 0.1386557640409024
-0.4604538049371282 -0.1386557640409024
-0.43973425162381535 0.17777461144798937
-0.43973425162381535 -0.17777461144798937
-0.14480773077389208 0.43666619467558015
-0.14480773077389208 -0.43666619467558015
-0.0447316975706295 0.4553119767632516
-0.0447316975706295 -0.4553119767632516
-0.4408003737764059 0.1433332061520186
-0.4408003737764059 -0.1433332061520186
-0.20152149728602006 0.4057128684371202
-0.20152149728602006 -0.4057128684371202
-0.30550922953247034 0.3301266480726879
-0.30550922953247034 -0.3301266480726879
-0.4432166371514121 0.023530526737350742
-0.4432166371514121 -0.023530526737350742
-0.36749850478122514 0.23191194949612806
-0.36749850478122514 -0.23191194949612806
-0.0745617873400167 0.4420368614587988
-0.0745617873400167 -0.4420368614587988
-0.41874939207133355 0.03647741833434414
-0.41874939207133355 -0.03647741833434414
0.07355027484734136 0.4419641547727573
0.07355027484734136 -0.4419641547727573
0.39974339779865525 0.2106588421011173
0.39974339779865525 -0.2106588421011173
0.3526218643119929 0.2819569774720833
0.3526218643119929 -0.2819569774720833
0.4376931696319143 0.06839779381202726
0.4376931696319143 -0.06839779381202726
-0.324798237268466 0.2173572502654692
-0.324798237268466 -0.2173572502654692
0.11944477207519838 0.39726702299801936
0.11944477207519838 -0.39726702299801936
0.4074841102445248 0.03007381674948107
0.4074841102445248 -0.03007381674948107
0.004356761757836336 0.39261725124413055
0.004356761757836336 -0.39261725124413055
-0.14357377427709694 0.35610211517315776
-0.14357377427709694 -0.35610211517315776
0.3889308782460451 0.0
0.2764930352243128 0.29774980971900783
0.2764930352243128 -0.29774980971900783
0.24386106133279528 0.3064598677345607
0.24386106133279528 -0.3064598677345607
0.38449982051193965 0.0
0.3381256842931538 0.18356648251382943
0.3381256842931538 -0.18356648251382943
0.20236270616926733 0.32415427121307333
0.20236270616926733 -0.32415427121307333
0.14701060470474075 0.35014154280438553
0.14701060470474075 -0.35014154280438553
0.34736040724938283 0.12787255244450849
0.34736040724938283 -0.12787255244450849
0.35843399188568054 0.0
0.07721265045316805 0.35519797757128785
0.07721265045316805 -0.35519797757128785
-0.3401327233844335 0.1469394333910758
-0.3401327233844335 -0.1469394333910758
-0.06293144950411285 0.35435516983484855
-0.06293144950411285 -0.35435516983484855
0.19222504822887987 0.28160447330419774
0.19222504822887987 -0.28160447330419774
0.045949693579431176 0.3447217242901373
0.045949693579431176 -0.3447217242901373
0.312822082905842 0.0
0.2740303989724583 0.19857096696863044
0.2740303989724583 -0.19857096696863044
-0.23770507263999813 0.27158279265343455
-0.23770507263999813 -0.27158279265343455
-0.20617488811713308 0.2932121887654788
-0.20617488811713308 -0.2932121887654788
-0.09846418755379086 0.33828950835893523
-0.09846418755379086 -0.33828950835893523
-0.298289716870361 0.19847997549417853
-0.298289716870361 -0.19847997549417853
0.2958683119718837 0.12090041613321457
0.2958683119718837 -0.12090041613321457
0.26440058322184223 0.18673506042365245
0.26440058322184223 -0.18673506042365245
0.014169000881295038 0.3230753412355026
0.014169000881295038 -0.3230753412355026
-0.3213333108147395 0.08267280415438535
-0.3213333108147395 -0.08267280415438535
-0.13820708575171975 0.29703970656502726
-0.13820708575171975 -0.29703970656502726
-0.3267338179810984 0.010009318027961574
-0.3267338179810984 -0.010009318027961574
-0.06380762895843474 0.30883552053874314
-0.06380762895843474 -0.30883552053874314
0.12001993158178959 0.27336703401830514
0.12001993158178959 -0.27336703401830514
0.2767384980558806 0.06696211826035833
0.2767384980558806 -0.06696211826035833
0.16616170276672682 0.24569567044942575
0.16616170276672682 -0.24569567044942575
0.24282481252926708 0.15052183038735195
0.24282481252926708 -0.15052183038735195
-0.3008862512583392 0.0
-0.2775879614674769 0.145748848030561
-0.2775879614674769 -0.145748848030561
0.03953102665237554 0.2838649034044986
0.03953102665237554 -0.2838649034044986
-0.20138355441163497 0.22921797527235968
-0.20138355441163497 -0.22921797527235968
-0.21205268011634504 0.20456837312967116
-0.21205268011634504 -0.20456837312967116
-0.09157786354711114 0.2725335013280353
-0.09157786354711114 -0.2725335013280353
-0.28293226331226007 0.06676368379809934
-0.28293226331226007 -0.06676368379809934
0.21066631813875986 0.18674600787354198
0.21066631813875986 -0.18674600787354198
-0.16464224199465535 0.23300435859461446
-0.16464224199465535 -0.23300435859461446
-0.2635506288415468 0.11501675351619803
-0.2635506288415468 -0.11501675351619803
-0.24543600186924133 0.13828331228352264
-0.24543600186924133 -0.13828331228352264
-0.1093708796079338 0.2545214162195764
-0.1093708796079338 -0.2545214162195764
-0.2661683789329801 0.0
-0.24477054689932032 0.09898739411306322
-0.24477054689932032 -0.09898739411306322
0.05181981338870846 0.26269337617379784
0.05181981338870846 -0.26269337617379784
-0.19404306394038018 0.16092828812460927
-0.19404306394038018 -0.16092828812460927
0.24946712327087994 0.0
0.2539837971630994 0.03759381199516353
0.2539837971630994 -0.03759381199516353
-0.012457770550710748 0.2498614886255065
-0.012457770550710748 -0.2498614886255065
-0.14334824435434088 0.19231196530597278
-0.14334824435434088 -0.19231196530597278
0.22090079494276355 0.1205248021838301
0.22090079494276355 -0.1205248021838301
0.23756697973270044 0.06447867301571242
0.23756697973270044 -0.06447867301571242
0.19339226397413922 0.14978857785862196
0.19339226397413922 -0.14978857785862196
-0.1996472145678861 0.12176710778639716
-0.1996472145678861 -0.12176710778639716
0.02016972768199718 0.23809260597467974
0.02016972768199718 -0.23809260597467974
-0.06023183777770896 0.22791047781267007
-0.06023183777770896 -0.22791047781267007
0.15666590761221866 0.1771036130031119
0.15666590761221866 -0.1771036130031119
0.10964397326364288 0.20279181698064905
0.10964397326364288 -0.20279181698064905
-0.23067629909356444 0.02374766326566453
-0.23067629909356444 -0.02374766326566453
-0.09429305161837254 0.19884840998768138
-0.09429305161837254 -0.19884840998768138
-0.03938342529887748 0.21873228389312113
-0.03938342529887748 -0.21873228389312113
0.07222060344675138 0.20762516647388074
0.07222060344675138 -0.20762516647388074
0.003607880773004106 0.2217294477981351
0.003607880773004106 -0.2217294477981351
-0.22393711521930193 0.0
0.22224169250212367 0.030047188206360386
0.22224169250212367 -0.030047188206360386
-0.20977231009355474 0.054198788237072526
-0.20977231009355474 -0.054198788237072526
0.20828756972333456 0.06858312925858356
0.20828756972333456 -0.06858312925858356
0.1669980869576968 0.13854115507425963
0.1669980869576968 -0.13854115507425963
-0.19906800403302752 0.07935496715134722
-0.19906800403302752 -0.07935496715134722
0.14642708842019367 0.14965938411122715
0.14642708842019367 -0.14965938411122715
0.1884593087816585 0.09350146889566781
0.1884593087816585 -0.09350146889566781
0.00603235738076071 0.2079636027623478
0.00603235738076071 -0.2079636027623478
0.17562504001024448 0.1065652688558137
0.17562504001024448 -0.1065652688558137
0.20368416104725573 0.0
0.20470459498009858 0.01877174344837421
0.20470459498009858 -0.01877174344837421
-0.1770640364255994 0.10580975832407422
-0.1770640364255994 -0.10580975832407422
0.07115723313777741 0.19204521726189433
0.07115723313777741 -0.19204521726189433
-0.12684649292742606 0.16086041835351497
-0.12684649292742606 -0.16086041835351497
-0.05026912451116955 0.19668544451168413
-0.05026912451116955 -0.19668544451168413
-0.09176056986957185 0.17768465752970386
-0.09176056986957185 -0.17768465752970386
0.12349597055042008 0.15537415330778467
0.12349597055042008 -0.15537415330778467
-0.18265019127617377 0.03649805086470798
-0.18265019127617377 -0.03649805086470798
-0.1851851498945306 0.011495010852377613
-0.1851851498945306 -0.011495010852377613
-0.07865578583958084 0.17419834563660372
-0.07865578583958084 -0.17419834563660372
-0.04707266531979255 0.18451765420803423
-0.04707266531979255 -0.18451765420803423
0.023997818478641176 0.186497223158592
0.023997818478641176 -0.186497223158592
-0.13881472130501998 0.1313315705589871
-0.13881472130501998 -0.1313315705589871
0.051958779346702094 0.17955187082454235
0.051958779346702094 -0.17955187082454235
0.1772410765710917 0.05442997307608375
0.1772410765710917 -0.05442997307608375
0.13265785304370187 0.12725587076685732
0.13265785304370187 -0.12725587076685732
-0.12709484159566808 0.13511644476173443
-0.12709484159566808 -0.13511644476173443
0.1648730628695843 0.07901058347779015
0.1648730628695843 -0.07901058347779015
0.11018002358395818 0.1469174432783493
0.11018002358395818 -0.1469174432783493
-0.15369086331293325 0.09828801438758572
-0.15369086331293325 -0.09828801438758572
0.06652964093387602 0.16796373205909018
0.06652964093387602 -0.16796373205909018
-0.14980332490586845 0.09035629263794855
-0.14980332490586845 -0.09035629263794855
-0.025196798233934104 0.17209521695227883
-0.025196798233934104 -0.17209521695227883
-0.09933761904196109 0.1404057278376402
-0.09933761904196109 -0.1404057278376402
0.09939428405617934 0.13884366547092314
0.09939428405617934 -0.13884366547092314
0.17072499200454416 0.014811396253551396
0.17072499200454416 -0.014811396253551396
-0.1632916270371443 0.0581061578770207
-0.1632916270371443 -0.0581061578770207
0.007221541444133115 0.16849261659337883
0.007221541444133115 -0.16849261659337883
-0.1519302795821853 0.05807579920562736
-0.1519302795821853 -0.05807579920562736
-0.11113915632426984 0.10985176130382038
-0.11113915632426984 -0.10985176130382038
-0.12632042770289237 0.09048116541583742
-0.12632042770289237 -0.09048116541583742
-0.14978626411141213 0.045043146163741825
-0.14978626411141213 -0.045043146163741825
-0.15223684413962776 0.0
0.04745308442559501 0.16091701018178217
0.04745308442559501 -0.16091701018178217
-0.02167721550149341 0.1584114048598394
-0.02167721550149341 -0.1584114048598394
-0.08822465817379221 0.12506070593411167
-0.08822465817379221 -0.12506070593411167
-0.1528073891574671 0.015798975774683175
-0.1528073891574671 -0.015798975774683175
-0.057872018020846405 0.1383844185543665
-0.057872018020846405 -0.1383844185543665
-0.0534061370859157 0.13995388705656361
-0.0534061370859157 -0.13995388705656361
0.07929709842432732 0.1317861462982331
0.07929709842432732 -0.1317861462982331
0.14083944808405047 0.07078543171769294
0.14083944808405047 -0.07078543171769294
0.15188756312938545 0.0464069469067632
0.15188756312938545 -0.0464069469067632
0.15623641429008167 0.021088356432467665
0.15623641429008167 -0.021088356432467665
0.0287037434185164 0.14948203842267138
0.0287037434185164 -0.14948203842267138
0.10810933442013418 0.09610757717611472
0.10810933442013418 -0.09610757717611472
0.14844133591789446 0.02310544916632446
0.14844133591789446 -0.02310544916632446
0.0471693465254095 0.13733763791029585
0.0471693465254095 -0.13733763791029585
0.021338820909179122 0.1435835649811754
0.021338820909179122 -0.1435835649811754
0.12178844029225411 0.0764649141741672
0.12178844029225411 -0.0764649141741672
0.12835396003984603 0.06168697638158678
0.12835396003984603 -0.06168697638158678
-0.10604288694870337 0.09336186219138315
-0.10604288694870337 -0.09336186219138315
-0.11035918176376923 0.08713855150672811
-0.11035918176376923 -0.08713855150672811
-0.08791548739330347 0.10680089059594057
-0.08791548739330347 -0.10680089059594057
-0.13608734178141235 0.03240953468019871
-0.13608734178141235 -0.03240953468019871
-0.1313729121736043 0.03673752547730183
-0.1313729121736043 -0.03673752547730183
-0.13770973703909983 0.008639950577325903
-0.13770973703909983 -0.008639950577325903
-0.034955792920937534 0.13834091705685767
-0.034955792920937534 -0.13834091705685767
-0.04508691294776842 0.12882250702588974
-0.04508691294776842 -0.12882250702588974
-0.0051230506629785216 0.1371847686349607
-0.0051230506629785216 -0.1371847686349607
0.07883287002737813 0.1173764637786107
0.07883287002737813 -0.1173764637786107
0.0947300172763409 0.10202684681250626
0.0947300172763409 -0.10202684681250626
0.13789389921590506 0.016290507271137067
0.13789389921590506 -0.016290507271137067
0.0546813788332278 0.1263934549270235
0.0546813788332278 -0.1263934549270235
0.11744167791369992 0.054723018360033134
0.11744167791369992 -0.054723018360033134
0.13093341832686015 0.0
0.10743890511328272 0.07433227013132168
0.10743890511328272 -0.07433227013132168
0.06878213893358379 0.10930738763851507
0.06878213893358379 -0.10930738763851507
0.03348883413775002 0.12822747575992777
0.03348883413775002 -0.12822747575992777
0.07978863161882223 0.09811900596796348
0.07978863161882223 -0.09811900596796348
0.09528339346939703 0.08114096918931386
0.09528339346939703 -0.08114096918931386
-0.09317651200534477 0.07894427650518569
-0.09317651200534477 -0.07894427650518569
-0.07247665257773139 0.09739677506866443
-0.07247665257773139 -0.09739677506866443
0.1271017879916832 0.011242276553772051
0.1271017879916832 -0.011242276553772051
0.12161837228379273 0.031739608831415404
0.12161837228379273 -0.031739608831415404
0.035982100570843584 0.11929641809143013
0.035982100570843584 -0.11929641809143013
-0.0018500977327231272 0.12302319680038795
-0.0018500977327231272 -0.12302319680038795
-0.12399884408946414 0.0
-0.03693692361311266 0.11905567993082745
-0.03693692361311266 -0.11905567993082745
0.10386630617583495 0.05404791041325582
0.10386630617583495 -0.05404791041325582
0.01989980855129468 0.11846724198544309
0.01989980855129468 -0.11846724198544309
0.11294803724213821 0.002154178404060213
0.11294803724213821 -0.002154178404060213
-0.1070008047168312 0.06094146232731812
-0.1070008047168312 -0.06094146232731812
-0.06746082482529522 0.0990083385899825
-0.06746082482529522 -0.0990083385899825
-0.10938602394395208 0.05480847728078462
-0.10938602394395208 -0.05480847728078462
0.08041400768447218 0.08095803796121012
0.08041400768447218 -0.08095803796121012
0.04190363947810019 0.10730920411068118
0.04190363947810019 -0.10730920411068118
0.054188622625253126 0.09897891303679375
0.054188622625253126 -0.09897891303679375
-0.05523124023701832 0.10269441998211566
-0.05523124023701832 -0.10269441998211566
0.0024398826716421455 0.11153200167235398
0.0024398826716421455 -0.11153200167235398
-0.1044669726458752 0.051279709525179594
-0.1044669726458752 -0.051279709525179594
-0.10517716477058461 0.04532220381402343
-0.10517716477058461 -0.04532220381402343
-0.039703006335277534 0.10727598404567242
-0.039703006335277534 -0.10727598404567242
-0.07537321861570406 0.08335375844803469
-0.07537321861570406 -0.08335375844803469
-0.10772610488200213 0.0
-0.11355442317966993 0.016990582416704068
-0.11355442317966993 -0.016990582416704068
0.09304524139996856 0.05714406232750417
0.09304524139996856 -0.05714406232750417
-0.03575561137509842 0.10555898348044218
-0.03575561137509842 -0.10555898348044218
-0.08542369590269688 0.06908746119688347
-0.08542369590269688 -0.06908746119688347
0.06567678013453439 0.08271178964166481
0.06567678013453439 -0.08271178964166481
-0.10822320643463282 0.01320443142985289
-0.10822320643463282 -0.01320443142985289
-0.02498543317942406 0.10204064178561065
-0.02498543317942406 -0.10204064178561065
0.10038549003377467 0.026543027261939654
0.10038549003377467 -0.026543027261939654
-0.004364557561110156 0.10255922127116593
-0.004364557561110156 -0.10255922127116593
-0.10077207821875217 0.031383242652025
-0.10077207821875217 -0.031383242652025
-0.08662631708489812 0.05609044198993795
-0.08662631708489812 -0.05609044198993795
0.09973661398034102 0.017749589669968143
0.09973661398034102 -0.017749589669968143
0.006987217756464194 0.10011348687175778
0.006987217756464194 -0.10011348687175778
0.08049562839457367 0.059241222696492936
0.08049562839457367 -0.059241222696492936
0.08836815871514289 0.045606360056732784
0.08836815871514289 -0.045606360056732784
-0.05526391693369761 0.07943450042783268
-0.05526391693369761 -0.07943450042783268
0.08756483249700713 0.0432039494018039
0.08756483249700713 -0.0432039494018039
0.024677880677305863 0.09247423849025682
0.024677880677305863 -0.09247423849025682
-0.06402860292405059 0.06798669972612294
-0.06402860292405059 -0.06798669972612294
-0.03900342660397883 0.08497962165529475
-0.03900342660397883 -0.08497962165529475
0.09149858859212387 0.03137008550402876
0.09149858859212387 -0.03137008550402876
0.0663297673895679 0.06567247243383478
0.0663297673895679 -0.06567247243383478
0.05265462867993166 0.07914414604357906
0.05265462867993166 -0.07914414604357906
-0.09101635978707709 0.012081155278331526
-0.09101635978707709 -0.012081155278331526
-0.08560747891605786 0.03469809123594841
-0.08560747891605786 -0.03469809123594841
-0.08936680017680965 0.0
-0.07539293272873282 0.046951931533287444
-0.07539293272873282 -0.046951931533287444
-0.08585264327713497 0.0
0.0011379698338042955 0.08628218025362863
0.0011379698338042955 -0.08628218025362863
0.012570337298674714 0.0872790417800845
0.012570337298674714 -0.0872790417800845
0.02201281266136139 0.08432713768592462
0.02201281266136139 -0.08432713768592462
-0.08154494428189113 0.033143789640294914
-0.08154494428189113 -0.033143789640294914
0.03188715055841604 0.07845444463492815
0.03188715055841604 -0.07845444463492815
-0.01003277286278875 0.08516452161984399
-0.01003277286278875 -0.08516452161984399
-0.05726712030432808 0.06205193154769172
-0.05726712030432808 -0.06205193154769172
0.08281081925396563 0.0
-0.05540479488595901 0.052982069076331434
-0.05540479488595901 -0.052982069076331434
-0.041360796109935705 0.07064008228525664
-0.041360796109935705 -0.07064008228525664
-0.02551613494335469 0.07944179846059092
-0.02551613494335469 -0.07944179846059092
-0.04537809230644012 0.0658275169275283
-0.04537809230644012 -0.0658275169275283
0.07789515051532452 0.03288553400039588
0.07789515051532452 -0.03288553400039588
-0.032928629292306985 0.06972003835615663
-0.032928629292306985 -0.06972003835615663
0.06117686979997736 0.05271361278836981
0.06117686979997736 -0.05271361278836981
0.033225353715062966 0.07356729418619383
0.033225353715062966 -0.07356729418619383
0.07448135135519945 0.025236016210755226
0.07448135135519945 -0.025236016210755226
0.04633296061626504 0.06316232577922226
0.04633296061626504 -0.06316232577922226
0.0650972006079518 0.04160062046235576
0.0650972006079518 -0.04160062046235576
-0.01774383620951077 0.07269111103321722
-0.01774383620951077 -0.07269111103321722
-0.000249170666591296 0.07635523110347167
-0.000249170666591296 -0.07635523110347167
0.04281867578898506 0.06087919265925495
0.04281867578898506 -0.06087919265925495
0.03173821430797526 0.06673596069390733
0.03173821430797526 -0.06673596069390733
0.07799651772046629 0.00906212753242444
0.07799651772046629 -0.00906212753242444
0.07545253982950693 0.012478857329210015
0.07545253982950693 -0.012478857329210015
0.06032933141442166 0.03309445679990442
0.06032933141442166 -0.03309445679990442
-0.025377477563545255 0.06904717922407091
-0.025377477563545255 -0.06904717922407091
0.04906940103090256 0.04597009381848224
0.04906940103090256 -0.04597009381848224
-0.07110895184633255 0.02091636838648209
-0.07110895184633255 -0.02091636838648209
-0.061846870418394734 0.03838410407957312
-0.061846870418394734 -0.03838410407957312
-0.043025429108355356 0.057205007057906376
-0.043025429108355356 -0.057205007057906376
-0.06710160263286163 0.026101093589157406
-0.06710160263286163 -0.026101093589157406
-0.06997467361284587 0.0015444484031639422
-0.06997467361284587 -0.0015444484031639422
0.018068216436745624 0.06578128270048925
0.018068216436745624 -0.06578128270048925
0.00620892149404546 0.06770933017748595
0.00620892149404546 -0.06770933017748595
-0.052189395722341894 0.03482203561595549
-0.052189395722341894 -0.03482203561595549
-0.06702659261568764 0.00848876800161623
-0.06702659261568764 -0.00848876800161623
-0.01457374444786292 0.06375541718603492
-0.01457374444786292 -0.06375541718603492
0.02738774909433364 0.056985991046063646
0.02738774909433364 -0.056985991046063646
-0.05817166025633176 0.0
0.06240416185120925 0.014870330873352959
0.06240416185120925 -0.014870330873352959
-0.043802065238611965 0.04140905470692904
-0.043802065238611965 -0.04140905470692904
0.04554854696059504 0.03983733602147402
0.04554854696059504 -0.03983733602147402
0.05651440765148714 0.02527536459802311
0.05651440765148714 -0.02527536459802311
-0.006607418163718952 0.058098142403755534
-0.006607418163718952 -0.058098142403755534
-0.049263747145628756 0.026905037802756625
-0.049263747145628756 -0.026905037802756625
0.032050506442148824 0.04540535766135447
0.032050506442148824 -0.04540535766135447
-0.02820868180880655 0.04878087269014868
-0.02820868180880655 -0.04878087269014868
0.05802133166450587 0.0
0.055542010499746094 0.008909222079049792
0.055542010499746094 -0.008909222079049792
0.014645649753507609 0.05008499564013125
0.014645649753507609 -0.05008499564013125
-0.0491135162391164 0.01942786962474165
-0.0491135162391164 -0.01942786962474165
0.04879886329746872 0.019263507148390372
0.04879886329746872 -0.019263507148390372
0.05349224557799945 0.0
0.001997026486538854 0.05221342829543983
0.001997026486538854 -0.05221342829543983
-0.02603206743078872 0.04178872121858866
-0.02603206743078872 -0.04178872121858866
-0.014519614999771672 0.04605582250888668
-0.014519614999771672 -0.04605582250888668
0.03816994207086206 0.03074238912463164
0.03816994207086206 -0.03074238912463164
-0.034757259650503886 0.02849576271194306
-0.034757259650503886 -0.02849576271194306
-0.0036857229229789127 0.045773822147540576
-0.0036857229229789127 -0.045773822147540576
-0.042044311371663076 0.0
0.03605678331491867 0.030074123800629213
0.03605678331491867 -0.030074123800629213
-0.02559069003345866 0.034279833596146135
-0.02559069003345866 -0.034279833596146135
-0.041582315446087426 0.009076694221416274
-0.041582315446087426 -0.009076694221416274
0.012889695693418574 0.03879078605711269
0.012889695693418574 -0.03879078605711269
0.04496475869021484 0.009253040367395944
0.04496475869021484 -0.009253040367395944
0.019164255975749292 0.035750714378884
0.019164255975749292 -0.035750714378884
0.031790191944777155 0.024140908268574523
0.031790191944777155 -0.024140908268574523
-0.03406639612131368 0.014631744236995658
-0.03406639612131368 -0.014631744236995658
-0.021485977213163664 0.02707924376221158
-0.021485977213163664 -0.02707924376221158
0.02545783574940592 0.023538105968422162
0.02545783574940592 -0.023538105968422162
0.03687961081518526 0.004411082505938198
0.03687961081518526 -0.004411082505938198
-0.010147789700369909 0.031523982102591726
-0.010147789700369909 -0.031523982102591726
-0.012170936135634008 0.02727508920425164
-0.012170936135634008 -0.02727508920425164
-0.03184353487223804 0.0
-0.02892028770439892 0.0
0.026118863778752784 0.006618687756972701
0.026118863778752784 -0.006618687756972701
-0.023627647795561285 0.015101835151842859
-0.023627647795561285 -0.015101835151842859
0.016164615150534252 0.020528921419598323
0.016164615150534252 -0.020528921419598323
0.0028744664893472255 0.021898821554632106
0.0028744664893472255 -0.021898821554632106
-0.018623910895595865 0.014135634540238797
-0.018623910895595865 -0.014135634540238797
0.016186905245208605 0.010738915629976644
0.016186905245208605 -0.010738915629976644
0.02013377652342424 0.0
-0.020549047777046085 0.0
0.00798962456889063 0.01550857436569607
0.00798962456889063 -0.01550857436569607
0.0035601332017179315 0.015130418099701046
0.0035601332017179315 -0.015130418099701046
-0.011907740658950441 0.011333449014010455
-0.011907740658950441 -0.011333449014010455
-0.0009147057482584467 0.0
-0.01431260293168841 0.0
-0.008792830784430368 0.004247631771302001
-0.008792830784430368 -0.004247631771302001
