-0.8673174626173193 0.9116865789522359
-0.8673174626173193 -0.9116865789522359
0.8492954509500252 0.7302222177290123
0.8492954509500252 -0.7302222177290123
-0.09621899992674818 1.0750436573041622
-0.09621899992674818 -1.0750436573041622
-0.9330371444152409 0.4233207598245742
-0.9330371444152409 -0.4233207598245742
-0.745697566856512 0.684236701049262
-0.745697566856512 -0.684236701049262
-1.0033702486477027 0.0
-0.8742368291422193 0.47996712220148063
-0.8742368291422193 -0.47996712220148063
-0.19406829372653264 1.0458953374351376
-0.19406829372653264 -1.0458953374351376
-0.9909070832988358 0.07850378117809799
-0.9909070832988358 -0.07850378117809799
-0.9801592169145543 0.13602044983354147
-0.9801592169145543 -0.13602044983354147
0.18168841858459073 1.0538990543632274
0.18168841858459073 -1.0538990543632274
0.9332797022421611 0.5110954674073434
0.9332797022421611 -0.5110954674073434
-0.40856752567078075 0.9409224767457965
-0.40856752567078075 -0.9409224767457965
-0.7230568593426554 0.656829872494948
-0.7230568593426554 -0.656829872494948
-0.8188518930707296 0.5155505171112479
-0.8188518930707296 -0.5155505171112479
-0.6730508919391542 0.691069566157952
-0.6730508919391542 -0.691069566157952
0.3195406986313085 0.9860667394510688
0.3195406986313085 -0.9860667394510688
-0.5026266625617366 0.8563672437439872
-0.5026266625617366 -0.8563672437439872
-0.5789624734006633 0.7878290497139425
-0.5789624734006633 -0.7878290497139425
-0.3833948430700185 0.9116512898274984
-0.3833948430700185 -0.9116512898274984
0.615266784509515 0.8212522526365086
0.615266784509515 -0.8212522526365086
-0.20490980303184703 0.9733200950801351
-0.20490980303184703 -0.9733200950801351
-0.23246954456397717 0.9627687563932557
-0.23246954456397717 -0.9627687563932557
-0.0729689475746535 0.9825834989709018
-0.0729689475746535 -0.9825834989709018
0.006344891803575559 0.9978318412661384
0.006344891803575559 -0.9978318412661384
0.2858553685681462 0.9532184758043675
0.2858553685681462 -0.9532184758043675
1.0084280645815773 0.23310462993329323
1.0084280645815773 -0.23310462993329323
0.5934390067556562 0.7854745764552133
0.5934390067556562 -0.7854745764552133
0.4595462127665197 0.8731802453304114
0.4595462127665197 -0.8731802453304114
0.4119100915106832 0.8643902350795036
0.4119100915106832 -0.8643902350795036
0.488137413645644 0.827099680219075
0.488137413645644 -0.827099680219075
0.7855942383195583 0.5968245782473767
0.7855942383195583 -0.5968245782473767
1.0171801920849184 0.065495496655507
1.0171801920849184 -0.065495496655507
0.6719748836775425 0.6920057187169063
0.6719748836775425 -0.6920057187169063
0.8237544215070852 0.5143052357396809
0.8237544215070852 -0.5143052357396809
0.9606317516096192 0.0
0.888864414786199 0.37231998721556286
0.888864414786199 -0.37231998721556286
-0.5459752732956653 0.7971308373370474
-0.5459752732956653 -0.7971308373370474
0.926516992143744 0.32809958640856834
0.926516992143744 -0.32809958640856834
0.06824655006431313 0.9610724341966416
0.06824655006431313 -0.9610724341966416
0.9229010349689792 0.2546715726948749
0.9229010349689792 -0.2546715726948749
0.9608613486012957 0.12064069809417168
0.9608613486012957 -0.12064069809417168
0.7463587475217569 0.5634705875328759
0.7463587475217569 -0.5634705875328759
0.7134791266148552 0.6393488935238715
0.7134791266148552 -0.6393488935238715
0.6254423503857613 0.7210139279254424
0.6254423503857613 -0.7210139279254424
0.18594192303676366 0.9473152820353156
0.18594192303676366 -0.9473152820353156
-0.3138684143740793 0.9193812501690185
-0.3138684143740793 -0.9193812501690185
-0.6262791510852257 0.7181000592655898
-0.6262791510852257 -0.7181000592655898
-0.6812049518904029 0.65737778125058
-0.6812049518904029 -0.65737778125058
-0.7482851759191442 0.5741825308021108
-0.7482851759191442 -0.5741825308021108
-0.9231698777526026 0.30482736664800136
-0.9231698777526026 -0.30482736664800136
-0.9020760882595107 0.34681443044827454
-0.9020760882595107 -0.34681443044827454
-0.9542314626792081 0.18125851990256503
-0.9542314626792081 -0.18125851990256503
-0.9674769668062868 0.0
-0.9501654486179172 0.19658633942420078
-0.9501654486179172 -0.19658633942420078
0.34980954653513463 0.8884750849899348
0.34980954653513463 -0.8884750849899348
-0.5977894562333474 0.7209993533271666
-0.5977894562333474 -0.7209993533271666
-0.9268699286360395 0.23336038695415826
-0.9268699286360395 -0.23336038695415826
0.8758222140479088 0.34070509613690814
0.8758222140479088 -0.34070509613690814
0.9298883315209556 0.15674712679478256
0.9298883315209556 -0.15674712679478256
0.5423532581854174 0.7403284279216622
0.5423532581854174 -0.7403284279216622
0.828661899116061 0.41544729815774417
0.828661899116061 -0.41544729815774417
-0.6935718750287354 0.6063641611270257
-0.6935718750287354 -0.6063641611270257
-0.9368032617595696 0.15043586119624996
-0.9368032617595696 -0.15043586119624996
-0.6690211292760293 0.6245312822750764
-0.6690211292760293 -0.6245312822750764
0.9382112890915002 0.0
0.7570028044786279 0.5031917495491603
0.7570028044786279 -0.5031917495491603
0.09520044737700112 0.9349674901185083
0.09520044737700112 -0.9349674901185083
-0.1943608310751864 0.9202142031462618
-0.1943608310751864 -0.9202142031462618
-0.3348973561810745 0.8757450083871596
-0.3348973561810745 -0.8757450083871596
-0.09786476952002052 0.934841494650965
-0.09786476952002052 -0.934841494650965
-0.482996237128531 0.7891412874917937
-0.482996237128531 -0.7891412874917937
0.2914372184590414 0.8872621023109049
0.2914372184590414 -0.8872621023109049
0.6463531524968675 0.6301499091389237
0.6463531524968675 -0.6301499091389237
-0.8323381663004852 0.4137783415560595
-0.8323381663004852 -0.4137783415560595
-0.7627752777804506 0.5060500370946236
-0.7627752777804506 -0.5060500370946236
0.3619359120572273 0.858892720518448
0.3619359120572273 -0.858892720518448
0.47736252191392214 0.7712649321234725
0.47736252191392214 -0.7712649321234725
0.6725965420281024 0.5909553264367887
0.6725965420281024 -0.5909553264367887
0.12678220131470352 0.9204755843608442
0.12678220131470352 -0.9204755843608442
-0.4247657822481338 0.8133581725183607
-0.4247657822481338 -0.8133581725183607
-0.6278941736973703 0.6364589331421077
-0.6278941736973703 -0.6364589331421077
0.9203903789203802 0.11422167634082148
0.9203903789203802 -0.11422167634082148
0.8235848058865771 0.39641822585535896
0.8235848058865771 -0.39641822585535896
0.9204821010825937 0.05572936482981936
0.9204821010825937 -0.05572936482981936
-0.8456601070366845 0.3632012676804183
-0.8456601070366845 -0.3632012676804183
-0.5778967286101242 0.6691786083661869
-0.5778967286101242 -0.6691786083661869
-0.36819010519764234 0.8338690092822889
-0.36819010519764234 -0.8338690092822889
-0.25606239649845064 0.8820468929342468
-0.25606239649845064 -0.8820468929342468
0.7861575678331436 0.4367389147008947
0.7861575678331436 -0.4367389147008947
-0.8738065064427523 0.2862622242233727
-0.8738065064427523 -0.2862622242233727
0.8773765892584988 0.2080347334096211
0.8773765892584988 -0.2080347334096211
0.05489966386812056 0.9169760508353159
0.05489966386812056 -0.9169760508353159
0.3685652937774607 0.8265010874807717
0.3685652937774607 -0.8265010874807717
0.6880672639569095 0.5569291570910085
0.6880672639569095 -0.5569291570910085
-0.8077730287695711 0.4072987163693994
-0.8077730287695711 -0.4072987163693994
0.7316884485275348 0.4858435517762358
0.7316884485275348 -0.4858435517762358
-0.11542552395453257 0.896956609516896
-0.11542552395453257 -0.896956609516896
0.2127546973652139 0.8758776320582508
0.2127546973652139 -0.8758776320582508
-0.4907740795261645 0.7315283220877026
-0.4907740795261645 -0.7315283220877026
0.17087309263500577 0.8850087690726962
0.17087309263500577 -0.8850087690726962
0.46877767743814747 0.7384531120817202
0.46877767743814747 -0.7384531120817202
0.5984388113128956 0.6282225667159386
0.5984388113128956 -0.6282225667159386
-0.9013425381346674 0.0751923177545673
-0.9013425381346674 -0.0751923177545673
-0.8755781501129045 0.20890648975831672
-0.8755781501129045 -0.20890648975831672
-0.28178348547539417 0.8491722789884109
-0.28178348547539417 -0.8491722789884109
-0.030485303227886007 0.8917280516317116
-0.030485303227886007 -0.8917280516317116
-0.7533316631580393 0.4387330844945589
-0.7533316631580393 -0.4387330844945589
0.8886948008145461 0.0
-0.6870981823791358 0.5171263915489416
-0.6870981823791358 -0.5171263915489416
0.5479298978362596 0.6580703688365394
0.5479298978362596 -0.6580703688365394
0.8161803657164601 0.3192102367747197
0.8161803657164601 -0.3192102367747197
0.4000202601372613 0.7690694178981934
0.4000202601372613 -0.7690694178981934
-0.5134265192163112 0.6934849930453703
-0.5134265192163112 -0.6934849930453703
-0.8276273035867188 0.2990239762471616
-0.8276273035867188 -0.2990239762471616
-0.6933198901361055 0.4875007060862488
-0.6933198901361055 -0.4875007060862488
-0.36664529135210217 0.7816851179948602
-0.36664529135210217 -0.7816851179948602
-0.40387726103562954 0.7520538646093917
-0.40387726103562954 -0.7520538646093917
-0.06482817627737053 0.8773998622778285
-0.06482817627737053 -0.8773998622778285
0.6557657902094707 0.5333187283354589
0.6557657902094707 -0.5333187283354589
0.31700774996349224 0.8145365910818682
0.31700774996349224 -0.8145365910818682
-0.20404596939411312 0.8534060831059693
-0.20404596939411312 -0.8534060831059693
0.8207580900159932 0.28631110137303983
0.8207580900159932 -0.28631110137303983
0.4724997888902341 0.6881621186450444
0.4724997888902341 -0.6881621186450444
0.8584903969008538 0.1044597129320665
0.8584903969008538 -0.1044597129320665
0.8335959309501659 0.22285734850270358
0.8335959309501659 -0.22285734850270358
-0.5454222024991512 0.6200897882224405
-0.5454222024991512 -0.6200897882224405
0.27678609245944674 0.8166888965987898
0.27678609245944674 -0.8166888965987898
0.16846750886677583 0.8355780455758656
0.16846750886677583 -0.8355780455758656
0.24187076760082837 0.8151779546672498
0.24187076760082837 -0.8151779546672498
0.054789492321215855 0.8451936257758627
0.054789492321215855 -0.8451936257758627
-0.4439174349026913 0.7001352647740801
-0.4439174349026913 -0.7001352647740801
-0.8632412271215205 0.10158462024414383
-0.8632412271215205 -0.10158462024414383
0.7307401933897382 0.41495479432556504
0.7307401933897382 -0.41495479432556504
0.7512824380315444 0.38281191310711504
0.7512824380315444 -0.38281191310711504
0.3217069604980712 0.769175305853166
0.3217069604980712 -0.769175305853166
-0.8680289716715318 0.009741734192265762
-0.8680289716715318 -0.009741734192265762
0.7628719421901717 0.3595892236399774
0.7628719421901717 -0.3595892236399774
0.41287204151564855 0.7099398438100513
0.41287204151564855 -0.7099398438100513
0.8330483236339242 0.16648196088110792
0.8330483236339242 -0.16648196088110792
-0.6898485992858152 0.4479153920596981
-0.6898485992858152 -0.4479153920596981
0.8036673334598141 0.25160758745281003
0.8036673334598141 -0.25160758745281003
-0.8373449329799076 0.1583541616511669
-0.8373449329799076 -0.1583541616511669
-0.7598397452120358 0.3487694449409812
-0.7598397452120358 -0.3487694449409812
-0.7347979976671972 0.3728007495861913
-0.7347979976671972 -0.3728007495861913
0.8250256801679219 0.13504688591994837
0.8250256801679219 -0.13504688591994837
-0.8091537511633189 0.21106240010155944
-0.8091537511633189 -0.21106240010155944
-0.8401223458147549 0.018823042607532717
-0.8401223458147549 -0.018823042607532717
0.5343993641954493 0.6003565338386184
0.5343993641954493 -0.6003565338386184
0.6024423161722481 0.5370649131366004
0.6024423161722481 -0.5370649131366004
0.8234808176949067 0.010958438274490492
0.8234808176949067 -0.010958438274490492
-0.1502975608208768 0.8145528355570899
-0.1502975608208768 -0.8145528355570899
0.48358060899856825 0.6396735747937129
0.48358060899856825 -0.6396735747937129
-0.6111710903388321 0.5299818786878024
-0.6111710903388321 -0.5299818786878024
0.6309897708580088 0.4907503431782879
0.6309897708580088 -0.4907503431782879
0.6404659776122932 0.4717444309444155
0.6404659776122932 -0.4717444309444155
-0.7100886415734162 0.3947949267255523
-0.7100886415734162 -0.3947949267255523
-0.22205269202628863 0.7903995585629908
-0.22205269202628863 -0.7903995585629908
-0.02647986183828739 0.8264211072873501
-0.02647986183828739 -0.8264211072873501
0.3785486657826899 0.7100566395142415
0.3785486657826899 -0.7100566395142415
0.14318533174039744 0.80922589138042
0.14318533174039744 -0.80922589138042
-0.7612784067504029 0.297358235522109
-0.7612784067504029 -0.297358235522109
0.5540683156042595 0.5555025860328221
0.5540683156042595 -0.5555025860328221
-0.32953814644071056 0.7415820926123206
-0.32953814644071056 -0.7415820926123206
0.43788027031612836 0.6393244867587722
0.43788027031612836 -0.6393244867587722
-0.5442107001193771 0.5748880088587042
-0.5442107001193771 -0.5748880088587042
-0.6328875557817696 0.46965423213143176
-0.6328875557817696 -0.46965423213143176
0.7580664857056412 0.2469844195978186
0.7580664857056412 -0.2469844195978186
0.24977420245567417 0.763568382944219
0.24977420245567417 -0.763568382944219
0.04956821393799715 0.8072445655076671
0.04956821393799715 -0.8072445655076671
-0.8037510482181047 0.080493709540898
-0.8037510482181047 -0.080493709540898
-0.5487130389288701 0.5422858363412345
-0.5487130389288701 -0.5422858363412345
-0.19252064524737594 0.7816413188191363
-0.19252064524737594 -0.7816413188191363
-0.09838503499098886 0.7969948371074227
-0.09838503499098886 -0.7969948371074227
0.7715929244536368 0.19786002519932192
0.7715929244536368 -0.19786002519932192
-0.7567089360969378 0.26170850949622915
-0.7567089360969378 -0.26170850949622915
0.6526290953759214 0.42191070044918433
0.6526290953759214 -0.42191070044918433
0.7803445672013842 0.14173175626665843
0.7803445672013842 -0.14173175626665843
-0.7688592527010945 0.2250033482941336
-0.7688592527010945 -0.2250033482941336
0.7931060086842323 0.0
0.7179712826356572 0.2967607839725986
0.7179712826356572 -0.2967607839725986
0.36209876601520397 0.6986719795724682
0.36209876601520397 -0.6986719795724682
0.21236730805658008 0.7638140188488272
0.21236730805658008 -0.7638140188488272
0.7714905995038702 0.06560455118443506
0.7714905995038702 -0.06560455118443506
-0.7791705990863353 0.05605498350010943
-0.7791705990863353 -0.05605498350010943
0.5601132294097637 0.49513374987609865
0.5601132294097637 -0.49513374987609865
-0.758416833244345 0.14287760286996837
-0.758416833244345 -0.14287760286996837
-0.4361220254967907 0.6306565430980049
-0.4361220254967907 -0.6306565430980049
-0.5741825724242478 0.49293763405867197
-0.5741825724242478 -0.49293763405867197
-0.2282522587935454 0.7424613546371391
-0.2282522587935454 -0.7424613546371391
0.07412367077550479 0.7764693168512958
0.07412367077550479 -0.7764693168512958
0.1717707799154843 0.7518206066638652
0.1717707799154843 -0.7518206066638652
-0.29284188974199243 0.7113438510955865
-0.29284188974199243 -0.7113438510955865
-0.4916203398203803 0.5744955125217479
-0.4916203398203803 -0.5744955125217479
0.3795995613077966 0.6476615262897559
0.3795995613077966 -0.6476615262897559
-0.010055315264463155 0.7736639077768016
-0.010055315264463155 -0.7736639077768016
-0.39187399646000753 0.6462844108630567
-0.39187399646000753 -0.6462844108630567
-0.6628336412607333 0.37210334309564275
-0.6628336412607333 -0.37210334309564275
0.6084597015041862 0.4177694790705873
0.6084597015041862 -0.4177694790705873
0.4845576037666397 0.5427223717562881
0.4845576037666397 -0.5427223717562881
-0.6170283717363381 0.4227153476783436
-0.6170283717363381 -0.4227153476783436
0.7272722535797247 0.19327059220781637
0.7272722535797247 -0.19327059220781637
-0.12335642166427985 0.7523982169659634
-0.12335642166427985 -0.7523982169659634
0.08207226012160435 0.7559930791389187
0.08207226012160435 -0.7559930791389187
-0.3501944915107974 0.661057649860755
-0.3501944915107974 -0.661057649860755
0.28730256213532335 0.6921273299885412
0.28730256213532335 -0.6921273299885412
-0.40270151009227306 0.624711333698631
-0.40270151009227306 -0.624711333698631
-0.7066622543379537 0.2667548188148713
-0.7066622543379537 -0.2667548188148713
-0.5470062197093394 0.45387478663220576
-0.5470062197093394 -0.45387478663220576
-0.7477577983477933 0.054180403580007294
-0.7477577983477933 -0.054180403580007294
-0.7368320796792494 0.1105213054383808
-0.7368320796792494 -0.1105213054383808
0.6719211636557719 0.29108722971112183
0.6719211636557719 -0.29108722971112183
0.718434606513345 0.06514469239282268
0.718434606513345 -0.06514469239282268
0.6813078374141741 0.23180643698391926
0.6813078374141741 -0.23180643698391926
0.6957336165639196 0.14503993511936952
0.6957336165639196 -0.14503993511936952
0.3818195338902274 0.6093261269851746
0.3818195338902274 -0.6093261269851746
0.6314162106963765 0.295925171067398
0.6314162106963765 -0.295925171067398
0.20026498899925876 0.6969059523894964
0.20026498899925876 -0.6969059523894964
0.0844261537157559 0.7307492028256349
0.0844261537157559 -0.7307492028256349
-0.03870163445322454 0.7396053244912414
-0.03870163445322454 -0.7396053244912414
-0.7097083907048344 0.21002143525298173
-0.7097083907048344 -0.21002143525298173
-0.6442586486666685 0.34562793143612464
-0.6442586486666685 -0.34562793143612464
0.3917620749034249 0.5642874533185397
0.3917620749034249 -0.5642874533185397
-0.14596886905161188 0.7167993082788271
-0.14596886905161188 -0.7167993082788271
-0.3140412024446202 0.6618925492684633
-0.3140412024446202 -0.6618925492684633
-0.662059719553971 0.2873256233035286
-0.662059719553971 -0.2873256233035286
-0.19280401656874765 0.6947891437553002
-0.19280401656874765 -0.6947891437553002
-0.582220749604845 0.3981355451187361
-0.582220749604845 -0.3981355451187361
-0.4320912503276969 0.5672767331557176
-0.4320912503276969 -0.5672767331557176
-0.4594815918476038 0.5372425007382459
-0.4594815918476038 -0.5372425007382459
0.050888682226838344 0.7084121420245748
0.050888682226838344 -0.7084121420245748
-0.025323183063504888 0.710934497194347
-0.025323183063504888 -0.710934497194347
-0.4112317149268378 0.5707232365187077
-0.4112317149268378 -0.5707232365187077
-0.31673253452320693 0.6311522080669236
-0.31673253452320693 -0.6311522080669236
-0.5095710393313265 0.4662056510460475
-0.5095710393313265 -0.4662056510460475
-0.2704997980142714 0.6509099543759072
-0.2704997980142714 -0.6509099543759072
0.5948042111883487 0.3412651746216064
0.5948042111883487 -0.3412651746216064
0.5512907660983271 0.40581936315695544
0.5512907660983271 -0.40581936315695544
0.5036809053520825 0.46549861923138014
0.5036809053520825 -0.46549861923138014
0.278865312851839 0.6333705145990586
0.278865312851839 -0.6333705145990586
-0.67298648819376 0.2291027211174683
-0.67298648819376 -0.2291027211174683
-0.17255198332912122 0.6804107861669215
-0.17255198332912122 -0.6804107861669215
-0.6847229955586587 0.17950924473812407
-0.6847229955586587 -0.17950924473812407
-0.5775031726573068 0.3490165358622272
-0.5775031726573068 -0.3490165358622272
0.676039780421246 0.0
0.6511451998708719 0.24058449641635185
0.6511451998708719 -0.24058449641635185
0.3719990712789166 0.5531824977091497
0.3719990712789166 -0.5531824977091497
0.20193160604175067 0.653229118364508
0.20193160604175067 -0.653229118364508
0.4358940821862667 0.492130717437358
0.4358940821862667 -0.492130717437358
0.68468468900338 0.09207469712470553
0.68468468900338 -0.09207469712470553
0.3197523128308766 0.5898824729088228
0.3197523128308766 -0.5898824729088228
0.5500328815506532 0.3664156171873518
0.5500328815506532 -0.3664156171873518
-0.6740488202306247 0.09325618281875177
-0.6740488202306247 -0.09325618281875177
-0.6571151459570664 0.017008867452343063
-0.6571151459570664 -0.017008867452343063
-0.6162933176945884 0.24582315636598087
-0.6162933176945884 -0.24582315636598087
-0.5966810072438262 0.27966972184575656
-0.5966810072438262 -0.27966972184575656
-0.21196066366837468 0.6393731824934613
-0.21196066366837468 -0.6393731824934613
-0.11485207651849896 0.6679362407762062
-0.11485207651849896 -0.6679362407762062
0.466626198842229 0.45727792117637456
0.466626198842229 -0.45727792117637456
-0.35130624844910363 0.5606482311702562
-0.35130624844910363 -0.5606482311702562
0.508295925170053 0.40508299617298854
0.508295925170053 -0.40508299617298854
0.5976219407540111 0.27423964535757644
0.5976219407540111 -0.27423964535757644
0.6428793423938721 0.1599974303416576
0.6428793423938721 -0.1599974303416576
0.12015066393992689 0.65687684633954
0.12015066393992689 -0.65687684633954
0.014473151149286295 0.6667486752546825
0.014473151149286295 -0.6667486752546825
-0.3652460054249028 0.5255360108919774
-0.3652460054249028 -0.5255360108919774
0.09059921963166169 0.653297862940457
0.09059921963166169 -0.653297862940457
-0.030042964351388188 0.6599627813843667
-0.030042964351388188 -0.6599627813843667
0.25514096388461804 0.5952369830949688
0.25514096388461804 -0.5952369830949688
0.4124538728692827 0.47988146001870724
0.4124538728692827 -0.47988146001870724
0.5537750782558866 0.2859983224585086
0.5537750782558866 -0.2859983224585086
0.23116581146550774 0.5933212753281086
0.23116581146550774 -0.5933212753281086
-0.05780317796391072 0.638571849624539
-0.05780317796391072 -0.638571849624539
0.18341887223625955 0.6091372295020717
0.18341887223625955 -0.6091372295020717
0.29079259670545554 0.5424727978328605
0.29079259670545554 -0.5424727978328605
0.6083569238665434 0.18399780488570694
0.6083569238665434 -0.18399780488570694
-0.6497902100134858 0.0
-0.41455873114508945 0.47777426947818463
-0.41455873114508945 -0.47777426947818463
-0.6235019374381738 0.13568482089298894
-0.6235019374381738 -0.13568482089298894
-0.13405817731576158 0.6191183930897616
-0.13405817731576158 -0.6191183930897616
-0.45269141272101276 0.4264093193216979
-0.45269141272101276 -0.4264093193216979
0.6312964360010772 0.04212923114959805
0.6312964360010772 -0.04212923114959805
-0.5086907563599758 0.36175229913590423
-0.5086907563599758 -0.36175229913590423
0.4946190151919692 0.3456782612268733
0.4946190151919692 -0.3456782612268733
0.31781326169682 0.5062172325949439
0.31781326169682 -0.5062172325949439
0.4753461630701352 0.36509912850863374
0.4753461630701352 -0.36509912850863374
0.3709389998525109 0.45678805127427025
0.3709389998525109 -0.45678805127427025
-0.6237268377139382 0.08767011252343038
-0.6237268377139382 -0.08767011252343038
-0.521226423595144 0.3272976012556163
-0.521226423595144 -0.3272976012556163
-0.28403741733937843 0.544352775345861
-0.28403741733937843 -0.544352775345861
-0.24847324938466436 0.5603061604882242
-0.24847324938466436 -0.5603061604882242
0.5834536183681998 0.22138475707759936
0.5834536183681998 -0.22138475707759936
0.6203744788971188 0.07196888484665157
0.6203744788971188 -0.07196888484665157
0.6110924282094656 0.14172771917869786
0.6110924282094656 -0.14172771917869786
0.6196863709826511 0.0
0.032029530364128284 0.6112404223030242
0.032029530364128284 -0.6112404223030242
-0.5451135840538466 0.26617975415647027
-0.5451135840538466 -0.26617975415647027
0.6052811583007667 0.10106379815128241
0.6052811583007667 -0.10106379815128241
0.39371387066845437 0.4169551206166357
0.39371387066845437 -0.4169551206166357
0.24215517626448313 0.5294707973139638
0.24215517626448313 -0.5294707973139638
-0.02265348371897456 0.5965793136236479
-0.02265348371897456 -0.5965793136236479
-0.13741185845250597 0.5820080181772915
-0.13741185845250597 -0.5820080181772915
0.1992825327866426 0.5464141635990407
0.1992825327866426 -0.5464141635990407
0.10586281775653153 0.577679600473552
0.10586281775653153 -0.577679600473552
-0.5718562066192208 0.20164203270366032
-0.5718562066192208 -0.20164203270366032
0.5141460018262447 0.24272027186704792
0.5141460018262447 -0.24272027186704792
0.12794573911278245 0.5543459818319547
0.12794573911278245 -0.5543459818319547
0.4465033643175884 0.3193758073115974
0.4465033643175884 -0.3193758073115974
-0.58219645236293 0.12916206552015366
-0.58219645236293 -0.12916206552015366
0.5687083250280869 0.06723121391673927
0.5687083250280869 -0.06723121391673927
-0.570842753314197 0.0
-0.36241111042379964 0.45991384637257826
-0.36241111042379964 -0.45991384637257826
-0.1991750148008497 0.5378925307021055
-0.1991750148008497 -0.5378925307021055
-0.3517930948583682 0.4510970468364834
-0.3517930948583682 -0.4510970468364834
-0.4951673564200083 0.29382907859761753
-0.4951673564200083 -0.29382907859761753
-0.5644348479730397 0.07939491684815002
-0.5644348479730397 -0.07939491684815002
-0.40566675950097986 0.37857493080342874
-0.40566675950097986 -0.37857493080342874
-0.25890873639598366 0.48405210428220924
-0.25890873639598366 -0.48405210428220924
-0.31985153358605295 0.4473399827218118
-0.31985153358605295 -0.4473399827218118
-0.48629929269654193 0.27677352102361197
-0.48629929269654193 -0.27677352102361197
-0.4355381010031185 0.32878269624453416
-0.4355381010031185 -0.32878269624453416
-0.040076712808795746 0.5597721219928783
-0.040076712808795746 -0.5597721219928783
0.5582314760447725 0.0
0.23876808509778108 0.48244972866676766
0.23876808509778108 -0.48244972866676766
0.3527582304078043 0.4031301561768774
0.3527582304078043 -0.4031301561768774
-0.5180537138801509 0.18301762880328093
-0.5180537138801509 -0.18301762880328093
0.4552851643224166 0.27441747391856935
0.4552851643224166 -0.27441747391856935
-0.5441196940917641 0.0476371788563193
-0.5441196940917641 -0.0476371788563193
0.39641520516857864 0.33879822974928797
0.39641520516857864 -0.33879822974928797
-0.3998370104881199 0.33345506381776846
-0.3998370104881199 -0.33345506381776846
-0.12361655380489336 0.5311897767726951
-0.12361655380489336 -0.5311897767726951
-0.34716539067725954 0.38295286827030084
-0.34716539067725954 -0.38295286827030084
-0.2235745462625047 0.4650461220482834
-0.2235745462625047 -0.4650461220482834
0.21646336154280382 0.47077234134760526
0.21646336154280382 -0.47077234134760526
0.15848165966448188 0.5155440397067663
0.15848165966448188 -0.5155440397067663
0.2824125852184973 0.41361405220077985
0.2824125852184973 -0.41361405220077985
-0.062475507105971495 0.5272422025526025
-0.062475507105971495 -0.5272422025526025
0.5101564886136438 0.13909444398858206
0.5101564886136438 -0.13909444398858206
-0.41179794390544305 0.2849461163023068
-0.41179794390544305 -0.2849461163023068
-0.5026153042031415 0.11243107192862077
-0.5026153042031415 -0.11243107192862077
0.00587072260339612 0.5240453954156998
0.00587072260339612 -0.5240453954156998
0.5234765770470361 0.0592781273168649
0.5234765770470361 -0.0592781273168649
-0.4663103134263653 0.20371025216282854
-0.4663103134263653 -0.20371025216282854
0.4736417922907013 0.1799726628762129
0.4736417922907013 -0.1799726628762129
-0.17121798026973567 0.47345571301072564
-0.17121798026973567 -0.47345571301072564
-0.49564992417281006 0.06282759783555532
-0.49564992417281006 -0.06282759783555532
0.5074408179378432 0.024355402272313652
0.5074408179378432 -0.024355402272313652
-0.4670469936802254 0.16753759114792008
-0.4670469936802254 -0.16753759114792008
0.008155436663340732 0.5059219810425003
0.008155436663340732 -0.5059219810425003
-0.4061491026779672 0.26747592269050713
-0.4061491026779672 -0.26747592269050713
0.06917645960791133 0.4918944306374577
0.06917645960791133 -0.4918944306374577
0.3755287081258538 0.2955088200026674
0.3755287081258538 -0.2955088200026674
0.4169838516804095 0.2292791180576687
0.4169838516804095 -0.2292791180576687
-0.3142961579710697 0.3618261103244973
-0.3142961579710697 -0.3618261103244973
0.3372777263304455 0.3182135465534803
0.3372777263304455 -0.3182135465534803
0.15252151373359168 0.44957455678734876
0.15252151373359168 -0.44957455678734876
0.20811944621560124 0.4240225908215889
0.20811944621560124 -0.4240225908215889
0.4888939517471294 0.0
-0.3523971765927114 0.31289137806279865
-0.3523971765927114 -0.31289137806279865
-0.13394525285600017 0.45645269870144084
-0.13394525285600017 -0.45645269870144084
-0.027118949276743354 0.47950567797818416
-0.027118949276743354 -0.47950567797818416
-0.2272379598193406 0.4029954308415063
-0.2272379598193406 -0.4029954308415063
0.4542888079543699 0.1358044270789811
0.4542888079543699 -0.1358044270789811
-0.4257668812396407 0.19764446438287198
-0.4257668812396407 -0.19764446438287198
-0.47823111450281536 0.0
0.09267834408305478 0.46032503142473746
0.09267834408305478 -0.46032503142473746
-0.09621347981719755 0.4536867539457247
-0.09621347981719755 -0.4536867539457247
-0.28629457618874377 0.3431021360864616
-0.28629457618874377 -0.3431021360864616
-0.45821480186631947 0.07299672283698706
-0.45821480186631947 -0.07299672283698706
-0.4573397539423562 0.0
0.18514551138746083 0.3899058585509832
0.18514551138746083 -0.3899058585509832
0.2464015487247285 0.34873163005586827
0.2464015487247285 -0.34873163005586827
-0.4315139242905514 0.12498907815762117
-0.4315139242905514 -0.12498907815762117
0.35949773291310655 0.23249612266005132
0.35949773291310655 -0.23249612266005132
-0.21544549566455135 0.36266728980591756
-0.21544549566455135 -0.36266728980591756
0.3565449038184834 0.2121139810284625
0.3565449038184834 -0.2121139810284625
-0.3854204232346201 0.181393891512408
-0.3854204232346201 -0.181393891512408
0.41663950426722557 0.11731597680524768
0.41663950426722557 -0.11731597680524768
-0.02393517942402694 0.4387078225655448
-0.02393517942402694 -0.4387078225655448
-0.0999524305185761 0.4211468101763925
-0.0999524305185761 -0.4211468101763925
0.0383321210488138 0.425792361899419
0.0383321210488138 -0.425792361899419
0.18546033889282218 0.36134036578595946
0.18546033889282218 -0.36134036578595946
0.26025667335701375 0.2994903232770875
0.26025667335701375 -0.2994903232770875
0.3925495446210867 0.15692260535554706
0.3925495446210867 -0.15692260535554706
0.08859004624319933 0.3945747079227374
0.08859004624319933 -0.3945747079227374
-0.3950751635596493 0.0
0.3054889861504886 0.24744873301938877
0.3054889861504886 -0.24744873301938877
0.0029642521829474217 0.40621319872846856
0.0029642521829474217 -0.40621319872846856
-0.27274205090733966 0.29035918113047887
-0.27274205090733966 -0.29035918113047887
-0.3947639782748594 0.036471439610586916
-0.3947639782748594 -0.036471439610586916
0.037986621714777534 0.38302770214317106
0.037986621714777534 -0.38302770214317106
0.33031200247075443 0.1959474653775126
0.33031200247075443 -0.1959474653775126
0.35881671186444236 0.14691945744807844
0.35881671186444236 -0.14691945744807844
-0.17326023219268843 0.32952095584918867
-0.17326023219268843 -0.32952095584918867
0.16831418142901589 0.3196575302211801
0.16831418142901589 -0.3196575302211801
-0.1460131239519109 0.3431642519136688
-0.1460131239519109 -0.3431642519136688
0.39411385636172325 0.0
-0.2570326055030392 0.2557122289527601
-0.2570326055030392 -0.2557122289527601
-0.3452209937596028 0.1481428945237276
-0.3452209937596028 -0.1481428945237276
0.392035858038596 0.022827102049135992
0.392035858038596 -0.022827102049135992
-0.3491628291011186 0.11755051056758901
-0.3491628291011186 -0.11755051056758901
-0.09048989230299105 0.3485975935406586
-0.09048989230299105 -0.3485975935406586
-0.28856144781989124 0.2037792965276434
-0.28856144781989124 -0.2037792965276434
0.3596435096900842 0.039294805185904814
0.3596435096900842 -0.039294805185904814
0.35160065065047286 0.08227803569178156
0.35160065065047286 -0.08227803569178156
-0.33793429311916484 0.10110176074134827
-0.33793429311916484 -0.10110176074134827
0.26491292602030025 0.23404396214862833
0.26491292602030025 -0.23404396214862833
-0.1891027226319968 0.29102444843533937
-0.1891027226319968 -0.29102444843533937
-0.2908263575719364 0.17564330666153097
-0.2908263575719364 -0.17564330666153097
-0.2260020942615664 0.24424894547331621
-0.2260020942615664 -0.24424894547331621
0.1283292445908782 0.3130866555518596
0.1283292445908782 -0.3130866555518596
0.2154749854311866 0.2531307633174628
0.2154749854311866 -0.2531307633174628
-0.32288629506095146 0.019393222964469985
-0.32288629506095146 -0.019393222964469985
0.09289882501880659 0.3204979223288964
0.09289882501880659 -0.3204979223288964
0.024010160951536755 0.33409650067015784
0.024010160951536755 -0.33409650067015784
-0.037918546458588026 0.3312234558902286
-0.037918546458588026 -0.3312234558902286
-0.13655187199198354 0.28533944955587154
-0.13655187199198354 -0.28533944955587154
0.3341780636223974 0.0069127535102547965
0.3341780636223974 -0.0069127535102547965
-0.08843378572290372 0.3007535004993124
-0.08843378572290372 -0.3007535004993124
0.28264369290709596 0.1270543335846212
0.28264369290709596 -0.1270543335846212
-0.23161625888363782 0.2000686719438813
-0.23161625888363782 -0.2000686719438813
0.24252270952276106 0.17875111506068045
0.24252270952276106 -0.17875111506068045
-0.2094275685046447 0.19675078923136705
-0.2094275685046447 -0.19675078923136705
0.2210255952802768 0.19146314996760327
0.2210255952802768 -0.19146314996760327
0.17810435934882568 0.22056338225280278
0.17810435934882568 -0.22056338225280278
0.2849500371210743 0.0
0.28085382420026583 0.05531234912438571
0.28085382420026583 -0.05531234912438571
-0.06970210797371415 0.26701697655850626
-0.06970210797371415 -0.26701697655850626
0.22572332216949653 0.1459063725293722
0.22572332216949653 -0.1459063725293722
0.2384721440183098 0.11007349104390375
0.2384721440183098 -0.11007349104390375
-0.03386993082144893 0.2709800235164544
-0.03386993082144893 -0.2709800235164544
0.11539078909729703 0.2517197581646134
0.11539078909729703 -0.2517197581646134
0.2274038017905292 0.0
-0.1361500104722349 0.2241222594725317
-0.1361500104722349 -0.2241222594725317
0.041057302785841424 0.26425917781405067
0.041057302785841424 -0.26425917781405067
-0.2575677752607666 0.07504163956757118
-0.2575677752607666 -0.07504163956757118
0.06274654258488191 0.25634977541573145
0.06274654258488191 -0.25634977541573145
-0.25020667585560674 0.07858663067480345
-0.25020667585560674 -0.07858663067480345
0.18347417066345084 0.1585483776588184
0.18347417066345084 -0.1585483776588184
0.13820976974746452 0.20668172290948988
0.13820976974746452 -0.20668172290948988
0.21596092923907206 0.08394569841113386
0.21596092923907206 -0.08394569841113386
0.10819960627720204 0.2183510976245281
0.10819960627720204 -0.2183510976245281
-0.1481749850748121 0.190699941098057
-0.1481749850748121 -0.190699941098057
-0.18872247063276376 0.13307289616087284
-0.18872247063276376 -0.13307289616087284
-0.0037568695245525224 0.2240002791992084
-0.0037568695245525224 -0.2240002791992084
-0.19207121512944086 0.09817034761302651
-0.19207121512944086 -0.09817034761302651
-0.06423073206243601 0.20538255481830692
-0.06423073206243601 -0.20538255481830692
-0.2130565361188635 0.01028463138815053
-0.2130565361188635 -0.01028463138815053
-0.13996751580786906 0.15147855549763262
-0.13996751580786906 -0.15147855549763262
-0.2055430359536211 0.025485767216181735
-0.2055430359536211 -0.025485767216181735
0.04480613950704593 0.2114724442577413
0.04480613950704593 -0.2114724442577413
0.12511368564973085 0.15769822948173867
0.12511368564973085 -0.15769822948173867
0.06410183481672158 0.2002955153832015
0.06410183481672158 -0.2002955153832015
-0.17734110971648023 0.07771028813319741
-0.17734110971648023 -0.07771028813319741
0.1940035844164928 0.02917761013670164
0.1940035844164928 -0.02917761013670164
0.17343465604065786 0.07378826402077786
0.17343465604065786 -0.07378826402077786
0.03752102469516329 0.1868283542916795
0.03752102469516329 -0.1868283542916795
-0.16541583022494888 0.0
-0.15349966288299338 0.11322098452037305
-0.15349966288299338 -0.11322098452037305
-0.04779354264062566 0.17623179765851768
-0.04779354264062566 -0.17623179765851768
0.06603497414520876 0.14291731882580216
0.06603497414520876 -0.14291731882580216
-0.15548898208274103 0.051973780273815745
-0.15548898208274103 -0.051973780273815745
-0.0982310486808715 0.12145545357594695
-0.0982310486808715 -0.12145545357594695
-0.08227982728229222 0.13279939388872922
-0.08227982728229222 -0.13279939388872922
-0.02772486127080861 0.1481714646150582
-0.02772486127080861 -0.1481714646150582
-0.06647002847669953 0.13588636857802316
-0.06647002847669953 -0.13588636857802316
-0.14527434435749045 0.0
0.13449368735291162 0.06336140352743407
0.13449368735291162 -0.06336140352743407
0.13989546912255232 0.03801514778033813
0.13989546912255232 -0.03801514778033813
0.011338045275630943 0.1469419672525929
0.011338045275630943 -0.1469419672525929
0.10132072116064456 0.0816274181306143
0.10132072116064456 -0.0816274181306143
0.1263383255041666 0.011854440696235143
0.1263383255041666 -0.011854440696235143
-0.12623925114708553 0.0324721992051912
-0.12623925114708553 -0.0324721992051912
0.07637916743405164 0.10028961323746695
0.07637916743405164 -0.10028961323746695
0.07485492842082642 0.0873859139951801
0.07485492842082642 -0.0873859139951801
-0.002536058724009981 0.11998661943640017
-0.002536058724009981 -0.11998661943640017
0.03133473447000097 0.10926729453392331
0.03133473447000097 -0.10926729453392331
-0.08380244295780975 0.07633608034377644
-0.08380244295780975 -0.07633608034377644
0.09073169876472778 0.05079057630088681
0.09073169876472778 -0.05079057630088681
-0.055655195710269806 0.10475161669638013
-0.055655195710269806 -0.10475161669638013
-0.055573188736885465 0.09205350743035401
-0.055573188736885465 -0.09205350743035401
0.05561980074451426 0.07601447621583954
0.05561980074451426 -0.07601447621583954
-0.07431159911354089 0.050965448852500775
-0.07431159911354089 -0.050965448852500775
-0.025246073076557993 0.09840631560921473
-0.025246073076557993 -0.09840631560921473
-0.004418799867408163 0.08633071148986998
-0.004418799867408163 -0.08633071148986998
0.07632006972025476 0.044608503293787724
0.07632006972025476 -0.044608503293787724
-0.08495894968640788 0.02234938075861295
-0.08495894968640788 -0.02234938075861295
-0.08378418468192042 0.0
0.07412355432417023 0.02727542241883278
0.07412355432417023 -0.02727542241883278
0.018594100631441228 0.07122871000999245
0.018594100631441228 -0.07122871000999245
0.0723504915412702 0.0
-0.046111529710645555 0.05774702586739167
-0.046111529710645555 -0.05774702586739167
0.06250531576914599 0.020704025405349363
0.06250531576914599 -0.020704025405349363
-0.004289414225139308 0.06730677234194202
-0.004289414225139308 -0.06730677234194202
-0.02568563487562249 0.06377284878425335
-0.02568563487562249 -0.06377284878425335
-0.06765263394818366 0.0
0.04160145581963693 0.04389545892557633
0.04160145581963693 -0.04389545892557633
0.04564770624099197 0.03578847473347991
0.04564770624099197 -0.03578847473347991
-0.04983538323038508 0.03714790257053808
-0.04983538323038508 -0.03714790257053808
-0.05757011074854529 0.01742520203624206
-0.05757011074854529 -0.01742520203624206
-0.05864703978593053 0.0
0.044066034533587206 0.0
0.024770274113777954 0.039541525301415546
0.024770274113777954 -0.039541525301415546
0.011966842971532547 0.04511533536833707
0.011966842971532547 -0.04511533536833707
-0.04060697373299595 0.0
-0.027061917596268286 0.03732569154152354
-0.027061917596268286 -0.03732569154152354
0.02352824239019933 0.02534577022073155
0.02352824239019933 -0.02534577022073155
-0.005959849490823032 0.035771603218165964
-0.005959849490823032 -0.035771603218165964
-0.03484896111821827 0.016158600028375443
-0.03484896111821827 -0.016158600028375443
-0.022668321875065317 0.024735693936883633
-0.022668321875065317 -0.024735693936883633
0.006919805175645275 0.011962911542706433
0.006919805175645275 -0.011962911542706433
-0.0037451254112137065 0.015748664909701553
-0.0037451254112137065 -0.015748664909701553
0.010699539132725013 0.0
0.02545553031068764 0.0
