0.054879810258224665 2.6420312942907076
0.054879810258224665 -2.6420312942907076
-1.049717383570931 0.4807117478313998
-1.049717383570931 -0.4807117478313998
0.8839017881206317 0.6021618381668488
0.8839017881206317 -0.6021618381668488
1.040622057670848 0.17512000091528657
1.040622057670848 -0.17512000091528657
0.6423955121726663 0.828551146257757
0.6423955121726663 -0.828551146257757
1.0399341231209194 0.036931642273485936
1.0399341231209194 -0.036931642273485936
0.9232289928908879 0.4578090212007404
0.9232289928908879 -0.4578090212007404
-0.47834937426073676 1.0036955858472822
-0.47834937426073676 -1.0036955858472822
0.9873338223443195 0.23181626523837684
0.9873338223443195 -0.23181626523837684
0.5611853427888779 0.8574160511179545
0.5611853427888779 -0.8574160511179545
0.45148259774409494 0.9324517194099025
0.45148259774409494 -0.9324517194099025
0.826418279093284 0.564611398447954
0.826418279093284 -0.564611398447954
0.7251535062111905 0.6593539350404515
0.7251535062111905 -0.6593539350404515
0.6327865604569052 0.752274997682129
0.6327865604569052 -0.752274997682129
0.5775735048650357 0.7989495467395931
0.5775735048650357 -0.7989495467395931
0.6707647580565894 0.7047755416861118
0.6707647580565894 -0.7047755416861118
0.7223516414829922 0.6328087601615197
0.7223516414829922 -0.6328087601615197
0.24545501332658515 0.9684304369227763
0.24545501332658515 -0.9684304369227763
0.3139400136513139 0.9407981249775211
0.3139400136513139 -0.9407981249775211
0.1280333519138829 0.9959103899119536
0.1280333519138829 -0.9959103899119536
-0.6258271990680433 0.8397591691934633
-0.6258271990680433 -0.8397591691934633
-0.19604042845358663 1.0017413286623709
-0.19604042845358663 -1.0017413286623709
0.10302373373556087 0.9948668829382185
0.10302373373556087 -0.9948668829382185
0.3492352998531269 0.9181857137496884
0.3492352998531269 -0.9181857137496884
-0.8167755810128687 0.6160112396898482
-0.8167755810128687 -0.6160112396898482
-0.7316459348149492 0.6931024419252655
-0.7316459348149492 -0.6931024419252655
-0.41118382968585454 0.8995960272580535
-0.41118382968585454 -0.8995960272580535
-0.9934638247913592 0.05813888342548591
-0.9934638247913592 -0.05813888342548591
-0.9741487996994169 0.15884664496038317
-0.9741487996994169 -0.15884664496038317
-0.9712503673250346 0.0
-0.5517494219896125 0.8071134081377997
-0.5517494219896125 -0.8071134081377997
-0.42663241519515455 0.8775351404290028
-0.42663241519515455 -0.8775351404290028
-0.7546518008655014 0.6277137169045374
-0.7546518008655014 -0.6277137169045374
-0.7980174484096136 0.5597156597313436
-0.7980174484096136 -0.5597156597313436
-0.8495211506041058 0.48327407474287226
-0.8495211506041058 -0.48327407474287226
-0.9279999527415911 0.31127069336449675
-0.9279999527415911 -0.31127069336449675
-0.6320870366612632 0.7146954707555018
-0.6320870366612632 -0.7146954707555018
-0.6936082799337757 0.6584539698598803
-0.6936082799337757 -0.6584539698598803
-0.5713259880004327 0.7615187884642532
-0.5713259880004327 -0.7615187884642532
-0.8821154603454657 0.3961410592843123
-0.8821154603454657 -0.3961410592843123
-0.48811971973220847 0.8209919808120483
-0.48811971973220847 -0.8209919808120483
-0.8238498349130525 0.4857404777445319
-0.8238498349130525 -0.4857404777445319
-0.8963548885987073 0.36111216499448023
-0.8963548885987073 -0.36111216499448023
-0.4485956171694469 0.8445698661198735
-0.4485956171694469 -0.8445698661198735
-0.7419338811714704 0.5881559628442066
-0.7419338811714704 -0.5881559628442066
-0.8034377549285501 0.49810344782314814
-0.8034377549285501 -0.49810344782314814
0.9205645346238471 0.3172628208617346
0.9205645346238471 -0.3172628208617346
0.9698820619423021 0.0
0.8585477460016593 0.4196242934923248
0.8585477460016593 -0.4196242934923248
0.7888120505458418 0.5234206921418229
0.7888120505458418 -0.5234206921418229
0.7318178943703472 0.5916579502031971
0.7318178943703472 -0.5916579502031971
0.6075139127984777 0.7162569301239256
0.6075139127984777 -0.7162569301239256
0.64994752340002 0.6705803633690748
0.64994752340002 -0.6705803633690748
0.4338748034791077 0.8558049548075584
0.4338748034791077 -0.8558049548075584
0.47177600658145524 0.8264711551342835
0.47177600658145524 -0.8264711551342835
-0.043490173787686846 0.9671320092215955
-0.043490173787686846 -0.9671320092215955
-0.15790845576784546 0.9549869285575111
-0.15790845576784546 -0.9549869285575111
-0.34039621932196507 0.9003499496362775
-0.34039621932196507 -0.9003499496362775
-0.010808273314837746 0.9595583591022593
-0.010808273314837746 -0.9595583591022593
-0.9291594749452725 0.22690268404278993
-0.9291594749452725 -0.22690268404278993
0.025477774518680982 0.9594002401227465
0.025477774518680982 -0.9594002401227465
-0.9494928029985338 0.10268188728022572
-0.9494928029985338 -0.10268188728022572
-0.5073343574345615 0.7683404535147439
-0.5073343574345615 -0.7683404535147439
-0.6773545419454179 0.6087758042872676
-0.6773545419454179 -0.6087758042872676
-0.6423228641275653 0.6434930029480694
-0.6423228641275653 -0.6434930029480694
-0.9471796440607985 0.0
-0.8287530505365841 0.41317308599239655
-0.8287530505365841 -0.41317308599239655
-0.4859347566038821 0.7884525485301765
-0.4859347566038821 -0.7884525485301765
0.5627660369506762 0.7133474582651745
0.5627660369506762 -0.7133474582651745
-0.22598835077877388 0.9213161304213909
-0.22598835077877388 -0.9213161304213909
0.8360628892572985 0.42796706232406506
0.8360628892572985 -0.42796706232406506
0.9292049230112055 0.20815026961277014
0.9292049230112055 -0.20815026961277014
-0.9322437606663883 0.0
0.9551173997164667 0.0
0.908665891918339 0.2624986859283149
0.908665891918339 -0.2624986859283149
-0.3452992310306818 0.8745584128802925
-0.3452992310306818 -0.8745584128802925
0.8573790572905293 0.36936858367660436
0.8573790572905293 -0.36936858367660436
0.9268881923701348 0.18058409481253007
0.9268881923701348 -0.18058409481253007
-0.8626018333001129 0.3267000765142503
-0.8626018333001129 -0.3267000765142503
0.16517929829977898 0.9335390688365892
0.16517929829977898 -0.9335390688365892
-0.3051374479779424 0.8844339816067771
-0.3051374479779424 -0.8844339816067771
-0.06761164131559752 0.9329591807410247
-0.06761164131559752 -0.9329591807410247
0.33005067635826657 0.8701483619023003
0.33005067635826657 -0.8701483619023003
0.4266515900376582 0.8161254332426848
0.4266515900376582 -0.8161254332426848
0.512759143855513 0.7488970603179801
0.512759143855513 -0.7488970603179801
0.758422063474552 0.5027969118157446
0.758422063474552 -0.5027969118157446
-0.1787301624434322 0.9172968867398545
-0.1787301624434322 -0.9172968867398545
0.07391105636615475 0.9293346074714264
0.07391105636615475 -0.9293346074714264
0.21889523043029074 0.900715785914308
0.21889523043029074 -0.900715785914308
0.9330421885650667 0.0
0.3665190054684469 0.8430845803887952
0.3665190054684469 -0.8430845803887952
0.7227966460666944 0.5321311329076353
0.7227966460666944 -0.5321311329076353
-0.27801536843805585 0.8855392521305602
-0.27801536843805585 -0.8855392521305602
0.482125306921814 0.7611735610624237
0.482125306921814 -0.7611735610624237
-0.5197419101465954 0.72531842417202
-0.5197419101465954 -0.72531842417202
-0.8814525645514566 0.2522670987020336
-0.8814525645514566 -0.2522670987020336
-0.898025094410352 0.16622534182900303
-0.898025094410352 -0.16622534182900303
0.9271843719003716 0.05810643239481894
0.9271843719003716 -0.05810643239481894
0.5976942032394172 0.6429037293769921
0.5976942032394172 -0.6429037293769921
-0.652255298808779 0.579813314178772
-0.652255298808779 -0.579813314178772
0.2578908462623959 0.8748547416306995
0.2578908462623959 -0.8748547416306995
0.9094174898412763 0.11863627354373449
0.9094174898412763 -0.11863627354373449
0.766975443911077 0.4608693314716098
0.766975443911077 -0.4608693314716098
0.8788293351848764 0.2097382016310974
0.8788293351848764 -0.2097382016310974
0.6941271272534553 0.5298189972103128
0.6941271272534553 -0.5298189972103128
0.5078231633976299 0.7134081507284755
0.5078231633976299 -0.7134081507284755
-0.09077179692220103 0.9029615778303607
-0.09077179692220103 -0.9029615778303607
-0.8886709159227996 0.0
-0.755289034398684 0.4567365099577658
-0.755289034398684 -0.4567365099577658
0.30201074726583693 0.8433616310433432
0.30201074726583693 -0.8433616310433432
-0.3954477060008853 0.7977071539198035
-0.3954477060008853 -0.7977071539198035
-0.3553105775331428 0.8206039867316485
-0.3553105775331428 -0.8206039867316485
-0.6968022084667792 0.5245771246328779
-0.6968022084667792 -0.5245771246328779
-0.22033574420219437 0.868852547617218
-0.22033574420219437 -0.868852547617218
-0.15685642933859867 0.8837765232975555
-0.15685642933859867 -0.8837765232975555
-0.8617779116646405 0.22957114751228266
-0.8617779116646405 -0.22957114751228266
0.13898731377405002 0.881557537497566
0.13898731377405002 -0.881557537497566
-0.8374428499921646 0.28090115951072575
-0.8374428499921646 -0.28090115951072575
0.378738798379033 0.7952714149369432
0.378738798379033 -0.7952714149369432
-0.04448241691308252 0.8880055102714836
-0.04448241691308252 -0.8880055102714836
0.10939364586127964 0.8792664732312194
0.10939364586127964 -0.8792664732312194
-0.8533542150879585 0.21538616106620878
-0.8533542150879585 -0.21538616106620878
0.8772828853134075 0.14931633512430517
0.8772828853134075 -0.14931633512430517
-0.6036495745872813 0.6140904318784218
-0.6036495745872813 -0.6140904318784218
-0.7686604294123058 0.40764789769682436
-0.7686604294123058 -0.40764789769682436
-0.8681265317296185 0.09862681003519844
-0.8681265317296185 -0.09862681003519844
0.8929286176358562 0.0
0.8187064841093421 0.3156010870878038
0.8187064841093421 -0.3156010870878038
-0.26067672664219776 0.8372819913393552
-0.26067672664219776 -0.8372819913393552
0.0386742547677585 0.8719374914758832
0.0386742547677585 -0.8719374914758832
-0.8703453689191517 0.0
0.5628812688609395 0.6399959222293358
0.5628812688609395 -0.6399959222293358
-0.7234002290807513 0.4628600324532571
-0.7234002290807513 -0.4628600324532571
-0.8155143463082954 0.29972532944071323
-0.8155143463082954 -0.29972532944071323
0.7677732739675807 0.38892955231164816
0.7677732739675807 -0.38892955231164816
-0.009832553775272507 0.8667938436373847
-0.009832553775272507 -0.8667938436373847
-0.8524382537175728 0.1273563250180979
-0.8524382537175728 -0.1273563250180979
-0.4104204411052651 0.7358368309520841
-0.4104204411052651 -0.7358368309520841
-0.5541769344363145 0.6173245171103472
-0.5541769344363145 -0.6173245171103472
-0.4576646883963299 0.6920606803454328
-0.4576646883963299 -0.6920606803454328
-0.625138410657798 0.5329560052613574
-0.625138410657798 -0.5329560052613574
0.4108241237130391 0.7290360783990473
0.4108241237130391 -0.7290360783990473
0.7225497920072335 0.44288487712391333
0.7225497920072335 -0.44288487712391333
0.5818353379903041 0.5891147569424381
0.5818353379903041 -0.5891147569424381
0.6550322980511072 0.5046260235474014
0.6550322980511072 -0.5046260235474014
0.4681614506534323 0.6729065790502224
0.4681614506534323 -0.6729065790502224
0.6033516706611444 0.5547057068729561
0.6033516706611444 -0.5547057068729561
0.8321981627588283 0.20995491796319976
0.8321981627588283 -0.20995491796319976
0.7759652316324858 0.33747751303849666
0.7759652316324858 -0.33747751303849666
-0.8142125034215042 0.21404313071313946
-0.8142125034215042 -0.21404313071313946
0.023414094711998113 0.846489859160841
0.023414094711998113 -0.846489859160841
0.3185042173887951 0.7808672431825299
0.3185042173887951 -0.7808672431825299
-0.14308927548198952 0.8362624848176653
-0.14308927548198952 -0.8362624848176653
-0.3743479892161659 0.7504554868300018
-0.3743479892161659 -0.7504554868300018
0.8627968644968108 0.06803445676525086
0.8627968644968108 -0.06803445676525086
0.24615441453267478 0.8009226011620917
0.24615441453267478 -0.8009226011620917
-0.1568533174790802 0.8255906710190375
-0.1568533174790802 -0.8255906710190375
-0.2947986517428536 0.7876097544559539
-0.2947986517428536 -0.7876097544559539
0.8054250633941227 0.25215681271196744
0.8054250633941227 -0.25215681271196744
0.2151206829048015 0.8107842751031076
0.2151206829048015 -0.8107842751031076
-0.19154827974571717 0.8149511712460245
-0.19154827974571717 -0.8149511712460245
-0.8288085537594387 0.0284327328540326
-0.8288085537594387 -0.0284327328540326
-0.47502788297166393 0.6637380087555814
-0.47502788297166393 -0.6637380087555814
0.841319211908121 0.11068547645932093
0.841319211908121 -0.11068547645932093
-0.7338760226818473 0.36458261148960475
-0.7338760226818473 -0.36458261148960475
-0.29773038147753034 0.7785399306418351
-0.29773038147753034 -0.7785399306418351
0.780947391950559 0.28605913363840285
0.780947391950559 -0.28605913363840285
-0.6764058492789851 0.43935689741972905
-0.6764058492789851 -0.43935689741972905
0.8431750789665057 0.0
-0.6479333009224306 0.4767181661419988
-0.6479333009224306 -0.4767181661419988
-0.5362032836163165 0.5861424784132978
-0.5362032836163165 -0.5861424784132978
0.5187144895377951 0.6148800792263912
0.5187144895377951 -0.6148800792263912
0.4844752053844613 0.637390202658984
0.4844752053844613 -0.637390202658984
-0.5149193766151845 0.6050558282485852
-0.5149193766151845 -0.6050558282485852
0.6088538965946217 0.5169182771654189
0.6088538965946217 -0.5169182771654189
0.5513273794660828 0.572472424361209
0.5513273794660828 -0.572472424361209
0.8347492527987503 0.04668548536836936
0.8347492527987503 -0.04668548536836936
0.16096186979264335 0.8118965365921983
0.16096186979264335 -0.8118965365921983
-0.8203748753698183 0.0
-0.5713752599647822 0.5531245809545895
-0.5713752599647822 -0.5531245809545895
-0.8087902223728021 0.13136599871583166
-0.8087902223728021 -0.13136599871583166
-0.7562069934987818 0.30369696646418454
-0.7562069934987818 -0.30369696646418454
0.7478645476563355 0.32442875736454563
0.7478645476563355 -0.32442875736454563
0.7780427145383935 0.24661943400480726
0.7780427145383935 -0.24661943400480726
0.12374308103439777 0.7970181767255723
0.12374308103439777 -0.7970181767255723
0.3434830416076738 0.7226837552974972
0.3434830416076738 -0.7226837552974972
0.40699830666362563 0.6852715816623345
0.40699830666362563 -0.6852715816623345
-0.38750544163050726 0.6974791860088122
-0.38750544163050726 -0.6974791860088122
-0.7711282644971065 0.23838181193742874
-0.7711282644971065 -0.23838181193742874
0.6439248073406788 0.46104955275844894
0.6439248073406788 -0.46104955275844894
-0.7357117159816464 0.3202757903798174
-0.7357117159816464 -0.3202757903798174
0.7236406718795466 0.3436002048034126
0.7236406718795466 -0.3436002048034126
-0.6875598365287552 0.38862410474386827
-0.6875598365287552 -0.38862410474386827
0.8005112896046196 0.1474707427508593
0.8005112896046196 -0.1474707427508593
0.6886668166534629 0.3842328222097987
0.6886668166534629 -0.3842328222097987
-0.4011493205336294 0.6692585002044709
-0.4011493205336294 -0.6692585002044709
-0.4871422772421158 0.5971648848689763
-0.4871422772421158 -0.5971648848689763
-0.6082478835218079 0.4766354602398817
-0.6082478835218079 -0.4766354602398817
-0.5558635641706974 0.532891679157833
-0.5558635641706974 -0.532891679157833
0.6678900403561205 0.39822822040548883
0.6678900403561205 -0.39822822040548883
0.8010185861539509 0.12404998638382964
0.8010185861539509 -0.12404998638382964
-0.5739581490088863 0.4898906032464297
-0.5739581490088863 -0.4898906032464297
0.07627165881591187 0.7961146517402811
0.07627165881591187 -0.7961146517402811
-0.005197522889165883 0.7921963121004623
-0.005197522889165883 -0.7921963121004623
0.48287006441815417 0.5866700153913201
0.48287006441815417 -0.5866700153913201
-0.3108112696416032 0.7178118463107326
-0.3108112696416032 -0.7178118463107326
-0.7689542790863311 0.17830285225537992
-0.7689542790863311 -0.17830285225537992
-0.7150334067419593 0.3095071155954326
-0.7150334067419593 -0.3095071155954326
-0.7560521785887313 0.1401675515363185
-0.7560521785887313 -0.1401675515363185
-0.20812662977602273 0.7559375991335555
-0.20812662977602273 -0.7559375991335555
-0.6760360582899096 0.3268709113831362
-0.6760360582899096 -0.3268709113831362
-0.3927740746466343 0.646429458617334
-0.3927740746466343 -0.646429458617334
-0.09059800337892701 0.7793329307667933
-0.09059800337892701 -0.7793329307667933
-0.6224165028271641 0.4009795726556997
-0.6224165028271641 -0.4009795726556997
-0.03588499964618719 0.7810169880554634
-0.03588499964618719 -0.7810169880554634
0.025815003708221956 0.7816964497333295
0.025815003708221956 -0.7816964497333295
0.4020839298667447 0.6511966675951044
0.4020839298667447 -0.6511966675951044
0.2808789972011845 0.7230392815501633
0.2808789972011845 -0.7230392815501633
0.7762131295983485 0.023727200707591385
0.7762131295983485 -0.023727200707591385
0.22803662859129098 0.738847807183865
0.22803662859129098 -0.738847807183865
0.7522615711436591 0.15347019818926227
0.7522615711436591 -0.15347019818926227
0.6923297033876215 0.3078247513665269
0.6923297033876215 -0.3078247513665269
0.6130745066910936 0.43022450510138294
0.6130745066910936 -0.43022450510138294
0.10389429084149193 0.756390175314517
0.10389429084149193 -0.756390175314517
0.4927904166785077 0.5575218247930477
0.4927904166785077 -0.5575218247930477
0.18071045095418523 0.741288914984914
0.18071045095418523 -0.741288914984914
-0.25333799124531153 0.7093544693106701
-0.25333799124531153 -0.7093544693106701
0.5591227008652413 0.49313298111559606
0.5591227008652413 -0.49313298111559606
0.28484002857676993 0.6951425179245625
0.28484002857676993 -0.6951425179245625
0.5454889207018428 0.4985994411790051
0.5454889207018428 -0.4985994411790051
-0.7662983673617139 0.0
0.6349082631421827 0.3656265877004047
0.6349082631421827 -0.3656265877004047
-0.7123438002553972 0.2254757527720153
-0.7123438002553972 -0.2254757527720153
-0.2364804039053435 0.7133129572013224
-0.2364804039053435 -0.7133129572013224
0.1826056359301867 0.7260688117109327
0.1826056359301867 -0.7260688117109327
-0.3448353899371175 0.6448969012975551
-0.3448353899371175 -0.6448969012975551
-0.7428224586444894 0.059811109085418195
-0.7428224586444894 -0.059811109085418195
-0.5315180203604055 0.4895385554435417
-0.5315180203604055 -0.4895385554435417
0.38849246111243907 0.6050718660661055
0.38849246111243907 -0.6050718660661055
0.34329120569405447 0.6206001550714301
0.34329120569405447 -0.6206001550714301
0.685599389147852 0.2721391261996687
0.685599389147852 -0.2721391261996687
0.7372827956917406 0.05885749422257645
0.7372827956917406 -0.05885749422257645
-0.4252225789944841 0.5640128970882157
-0.4252225789944841 -0.5640128970882157
-0.435207533272971 0.554205397024795
-0.435207533272971 -0.554205397024795
-0.7044798600409965 0.21307813088551497
-0.7044798600409965 -0.21307813088551497
-0.18204907679071705 0.7106966644785304
-0.18204907679071705 -0.7106966644785304
0.693375119724825 0.2011101608187452
0.693375119724825 -0.2011101608187452
-0.7326611496023112 0.04591533865445489
-0.7326611496023112 -0.04591533865445489
0.4404206540576574 0.5197896877942918
0.4404206540576574 -0.5197896877942918
-0.5473759751808258 0.4144164394001956
-0.5473759751808258 -0.4144164394001956
0.7211139957041272 0.0
0.6977109805818922 0.10476862536096274
0.6977109805818922 -0.10476862536096274
0.6363373671111432 0.28736861481039966
0.6363373671111432 -0.28736861481039966
0.6868061457272379 0.13826185681136352
0.6868061457272379 -0.13826185681136352
0.5389762861870969 0.4188304561448088
0.5389762861870969 -0.4188304561448088
0.24245216798199082 0.6663479689688614
0.24245216798199082 -0.6663479689688614
-0.09144968099068862 0.7172170870302197
-0.09144968099068862 -0.7172170870302197
-0.13954997951739695 0.7043874046681591
-0.13954997951739695 -0.7043874046681591
-0.3349564937493893 0.6185189599224855
-0.3349564937493893 -0.6185189599224855
0.3675944492396296 0.5839171328867366
0.3675944492396296 -0.5839171328867366
0.39900598056355174 0.5516392165441535
0.39900598056355174 -0.5516392165441535
-0.6210418853270685 0.33375176335393947
-0.6210418853270685 -0.33375176335393947
-0.3503346214172786 0.5921442336467118
-0.3503346214172786 -0.5921442336467118
-0.6783175545934881 0.19961663400128132
-0.6783175545934881 -0.19961663400128132
0.13284463800533958 0.687162976048422
0.13284463800533958 -0.687162976048422
-0.017425922502191132 0.7072943600677107
-0.017425922502191132 -0.7072943600677107
-0.6967607938528999 0.10958357498790765
-0.6967607938528999 -0.10958357498790765
0.09868961329065079 0.6912674677789696
0.09868961329065079 -0.6912674677789696
-0.6298095562673223 0.28053909163648005
-0.6298095562673223 -0.28053909163648005
0.0008407897867838653 0.7023559643617627
0.0008407897867838653 -0.7023559643617627
-0.06424233055129341 0.6969543534929405
-0.06424233055129341 -0.6969543534929405
0.689579224784471 0.03249433727254163
0.689579224784471 -0.03249433727254163
-0.6952601050914651 0.04180297811588183
-0.6952601050914651 -0.04180297811588183
-0.6646977408881429 0.1809729881474563
-0.6646977408881429 -0.1809729881474563
-0.22187575605399668 0.6494951593065758
-0.22187575605399668 -0.6494951593065758
0.4859459314553052 0.45899215730301707
0.4859459314553052 -0.45899215730301707
0.3105249501916615 0.6036931604889557
0.3105249501916615 -0.6036931604889557
0.5604475666167065 0.35870672171863804
0.5604475666167065 -0.35870672171863804
0.4493432948073647 0.49024510695101225
0.4493432948073647 -0.49024510695101225
-0.5795357841119029 0.3196561450261521
-0.5795357841119029 -0.3196561450261521
-0.43812942920265807 0.4903342073837287
-0.43812942920265807 -0.4903342073837287
-0.3753367814220988 0.5432728114580166
-0.3753367814220988 -0.5432728114580166
-0.5129621258779475 0.41073341952920933
-0.5129621258779475 -0.41073341952920933
0.620462566979586 0.24973882650549967
0.620462566979586 -0.24973882650549967
0.15671435627334052 0.6530816778257896
0.15671435627334052 -0.6530816778257896
0.5349992749639874 0.36727783836499384
0.5349992749639874 -0.36727783836499384
-0.1859854990035763 0.6440057117041409
-0.1859854990035763 -0.6440057117041409
-0.6800952680408175 0.0
-0.6716770275747965 0.052446032567130915
-0.6716770275747965 -0.052446032567130915
0.6630298103048942 0.0
0.6260262233154221 0.23280161417718692
0.6260262233154221 -0.23280161417718692
0.4729768560486449 0.4238127584575543
0.4729768560486449 -0.4238127584575543
-0.4719306177127824 0.42792424924106687
-0.4719306177127824 -0.42792424924106687
0.6209440473065465 0.21401825566481256
0.6209440473065465 -0.21401825566481256
0.3165673178292246 0.5639161767043236
0.3165673178292246 -0.5639161767043236
0.576569427858558 0.287244422786748
0.576569427858558 -0.287244422786748
0.6156487431359601 0.1698775013871023
0.6156487431359601 -0.1698775013871023
0.2321271245573407 0.6085779346516412
0.2321271245573407 -0.6085779346516412
0.6241655985865711 0.07918522176104888
0.6241655985865711 -0.07918522176104888
0.40198765202122233 0.477804474527309
0.40198765202122233 -0.477804474527309
0.5399828087403703 0.29267630560580477
0.5399828087403703 -0.29267630560580477
-0.06868278695328503 0.6557668580710435
-0.06868278695328503 -0.6557668580710435
0.3376709604908085 0.5153539869098999
0.3376709604908085 -0.5153539869098999
0.1700114930279846 0.6141520587533208
0.1700114930279846 -0.6141520587533208
0.009995466458909794 0.6441166173572979
0.009995466458909794 -0.6441166173572979
-0.26759730703207585 0.5846546671473702
-0.26759730703207585 -0.5846546671473702
-0.4077627248854751 0.481849420153919
-0.4077627248854751 -0.481849420153919
0.08498391700521807 0.6293897171418266
0.08498391700521807 -0.6293897171418266
-0.4767605857436057 0.41202413398732163
-0.4767605857436057 -0.41202413398732163
-0.5466703236046306 0.3213699606488488
-0.5466703236046306 -0.3213699606488488
-0.11224783933424573 0.634048085519015
-0.11224783933424573 -0.634048085519015
-0.5016964137219175 0.369639209141232
-0.5016964137219175 -0.369639209141232
-0.2091147218930115 0.5912471003953738
-0.2091147218930115 -0.5912471003953738
-0.6081395568476203 0.15419546958228783
-0.6081395568476203 -0.15419546958228783
-0.5838787019056135 0.20425406693894693
-0.5838787019056135 -0.20425406693894693
-0.6276846356448711 0.04932127124207839
-0.6276846356448711 -0.04932127124207839
-0.15988403423548894 0.6028528775027214
-0.15988403423548894 -0.6028528775027214
-0.08533680542340819 0.616489141035985
-0.08533680542340819 -0.616489141035985
-0.6043454208171724 0.09808700405713802
-0.6043454208171724 -0.09808700405713802
0.6130254402464833 0.05217405516386816
0.6130254402464833 -0.05217405516386816
-0.5570216199136746 0.25862545010787286
-0.5570216199136746 -0.25862545010787286
0.2330326950246609 0.5539192058595916
0.2330326950246609 -0.5539192058595916
-0.2991056412665624 0.5278365355760657
-0.2991056412665624 -0.5278365355760657
-0.3474438315611216 0.48711913346974545
-0.3474438315611216 -0.48711913346974545
-0.3216980318543998 0.5011570920826803
-0.3216980318543998 -0.5011570920826803
0.5132508652655674 0.2834035334442881
0.5132508652655674 -0.2834035334442881
-0.36317581896042284 0.4513710508879665
-0.36317581896042284 -0.4513710508879665
0.4596983724969252 0.3359571108991779
0.4596983724969252 -0.3359571108991779
0.3693772093931094 0.44764093997430343
0.3693772093931094 -0.44764093997430343
0.30199678536755575 0.49479159766741687
0.30199678536755575 -0.49479159766741687
0.03774785408732097 0.6004880716691952
0.03774785408732097 -0.6004880716691952
0.39763612720722724 0.4124302746354306
0.39763612720722724 -0.4124302746354306
-0.02969527857300687 0.6003445582130188
-0.02969527857300687 -0.6003445582130188
0.2826332511052686 0.4993204605974539
0.2826332511052686 -0.4993204605974539
-0.4154412371044287 0.3855274680429334
-0.4154412371044287 -0.3855274680429334
-0.5874640768125236 0.0
-0.5710583648125922 0.14723443692185834
-0.5710583648125922 -0.14723443692185834
-0.4707189813255437 0.3038550880337623
-0.4707189813255437 -0.3038550880337623
0.15846405137185476 0.5766563303844274
0.15846405137185476 -0.5766563303844274
0.601224947341633 0.0
0.46711437209014106 0.3080930319333271
0.46711437209014106 -0.3080930319333271
-0.1756521354648631 0.561037633918696
-0.1756521354648631 -0.561037633918696
0.5890853771045945 0.09836332557969926
0.5890853771045945 -0.09836332557969926
0.5413392363390587 0.22813784911427923
0.5413392363390587 -0.22813784911427923
0.5962078929033379 0.024907511616244816
0.5962078929033379 -0.024907511616244816
0.5535656566124427 0.18955504155454586
0.5535656566124427 -0.18955504155454586
0.5856559166072866 0.054641431786576614
0.5856559166072866 -0.054641431786576614
-0.5250149975953429 0.22097385144207574
-0.5250149975953429 -0.22097385144207574
0.18348043533445213 0.5459139459695095
0.18348043533445213 -0.5459139459695095
-0.25959099490564796 0.5129680133638622
-0.25959099490564796 -0.5129680133638622
0.2207941041177108 0.5214394552569387
0.2207941041177108 -0.5214394552569387
0.06863907409743733 0.5591065683915735
0.06863907409743733 -0.5591065683915735
-0.5418984929376831 0.0
-0.10593996642551595 0.5540127786560193
-0.10593996642551595 -0.5540127786560193
-0.5437411416784219 0.09182774709980272
-0.5437411416784219 -0.09182774709980272
0.2068613745206423 0.5113074134434195
0.2068613745206423 -0.5113074134434195
0.4032626470034953 0.3490937070464674
0.4032626470034953 -0.3490937070464674
0.011795679478405706 0.5531955296374785
0.011795679478405706 -0.5531955296374785
0.34773403930209823 0.39944330947787277
0.34773403930209823 -0.39944330947787277
-0.48039835708031914 0.25340186790846475
-0.48039835708031914 -0.25340186790846475
-0.25688521954655597 0.4857279256353505
-0.25688521954655597 -0.4857279256353505
-0.2033904872145963 0.5084512504347859
-0.2033904872145963 -0.5084512504347859
0.482387499193954 0.2280486130119849
0.482387499193954 -0.2280486130119849
-0.39789715877763443 0.3495568281188335
-0.39789715877763443 -0.3495568281188335
-0.3743551909528819 0.3782904361417329
-0.3743551909528819 -0.3782904361417329
-0.42813038887807753 0.306193546645966
-0.42813038887807753 -0.306193546645966
-0.31047429510400987 0.4274071360704616
-0.31047429510400987 -0.4274071360704616
-0.2753795388606678 0.4522647082785347
-0.2753795388606678 -0.4522647082785347
-0.511886805914085 0.1532690144224592
-0.511886805914085 -0.1532690144224592
-0.4016972743979289 0.3229806769717822
-0.4016972743979289 -0.3229806769717822
0.13076162239764236 0.5194876280088137
0.13076162239764236 -0.5194876280088137
-0.13480299651524924 0.5200640200772372
-0.13480299651524924 -0.5200640200772372
0.514103637592058 0.1415060958637193
0.514103637592058 -0.1415060958637193
-0.4851929229046086 0.0
-0.5259526685628622 0.04327999869419874
-0.5259526685628622 -0.04327999869419874
-0.48581509389706207 0.20089797113058888
-0.48581509389706207 -0.20089797113058888
-0.09184795955894046 0.5099542272870495
-0.09184795955894046 -0.5099542272870495
-0.32357954793099075 0.3848435140084954
-0.32357954793099075 -0.3848435140084954
0.5226145568125433 0.09743879131045112
0.5226145568125433 -0.09743879131045112
0.42999402874256887 0.27085337213492444
0.42999402874256887 -0.27085337213492444
0.5170840308967778 0.0323142057334807
0.5170840308967778 -0.0323142057334807
0.3044841922469155 0.39916212604038986
0.3044841922469155 -0.39916212604038986
0.15657830912397397 0.49192306856613244
0.15657830912397397 -0.49192306856613244
0.4441755328666331 0.20841672229812577
0.4441755328666331 -0.20841672229812577
0.019482626390512403 0.5148378117586817
0.019482626390512403 -0.5148378117586817
-0.18865548055632334 0.4665768542214768
-0.18865548055632334 -0.4665768542214768
-0.43777095627542206 0.22425535584359638
-0.43777095627542206 -0.22425535584359638
-0.3618528748877878 0.3257258565275847
-0.3618528748877878 -0.3257258565275847
0.47248801326013845 0.07258774839505415
0.47248801326013845 -0.07258774839505415
-0.241034076941434 0.4153426657839703
-0.241034076941434 -0.4153426657839703
0.2172072848853544 0.43812723374529816
0.2172072848853544 -0.43812723374529816
-0.4609855542919684 0.14170191705028964
-0.4609855542919684 -0.14170191705028964
-0.4753700013794997 0.07180251166385515
-0.4753700013794997 -0.07180251166385515
-0.12448457583321455 0.47048941230936586
-0.12448457583321455 -0.47048941230936586
-0.060667704719240136 0.4796728645684436
-0.060667704719240136 -0.4796728645684436
0.0629144592562937 0.490310398190755
0.0629144592562937 -0.490310398190755
0.2409222607242263 0.40458190536513894
0.2409222607242263 -0.40458190536513894
-0.4147290733941613 0.19167832089239725
-0.4147290733941613 -0.19167832089239725
0.16387846843472842 0.43674745061935627
0.16387846843472842 -0.43674745061935627
0.09729259959485921 0.46552676596249
0.09729259959485921 -0.46552676596249
0.048003562833622046 0.47362589747962297
0.048003562833622046 -0.47362589747962297
0.4762365791658939 0.01814503930977923
0.4762365791658939 -0.01814503930977923
0.3532990044407659 0.2922737589544892
0.3532990044407659 -0.2922737589544892
0.3222465940054249 0.32433811424472647
0.3222465940054249 -0.32433811424472647
-0.08166773083310702 0.4575359954265043
-0.08166773083310702 -0.4575359954265043
0.44811480464541187 0.1028618433199121
0.44811480464541187 -0.1028618433199121
-0.3088363641323188 0.30987158031353135
-0.3088363641323188 -0.30987158031353135
0.27263574221078835 0.34787313318987123
0.27263574221078835 -0.34787313318987123
-0.4234939627052622 0.11976744813697701
-0.4234939627052622 -0.11976744813697701
-0.19032103048282534 0.3845352543431658
-0.19032103048282534 -0.3845352543431658
0.3059007814265702 0.30154241765998735
0.3059007814265702 -0.30154241765998735
-0.38956681403971305 0.16678956657071528
-0.38956681403971305 -0.16678956657071528
-0.3476317484285323 0.22930020846221236
-0.3476317484285323 -0.22930020846221236
-0.0024305231806657918 0.4294481107424892
-0.0024305231806657918 -0.4294481107424892
0.17548023026148585 0.37972776289931043
0.17548023026148585 -0.37972776289931043
0.4048423549961072 0.16491846026396031
0.4048423549961072 -0.16491846026396031
0.3660313025343142 0.19776108884295102
0.3660313025343142 -0.19776108884295102
0.42653265346720276 0.03560425434112782
0.42653265346720276 -0.03560425434112782
-0.42533109154770116 0.0
-0.35247217757166427 0.2012800015831315
-0.35247217757166427 -0.2012800015831315
-0.25590713301004364 0.3183571913868568
-0.25590713301004364 -0.3183571913868568
-0.21278961713874764 0.34575198239682065
-0.21278961713874764 -0.34575198239682065
-0.2665642933157446 0.3088740102044408
-0.2665642933157446 -0.3088740102044408
0.41507038698258303 0.08983666523418309
0.41507038698258303 -0.08983666523418309
-0.4105989791285237 0.07954832391343837
-0.4105989791285237 -0.07954832391343837
-0.28329406070756247 0.279405584158318
-0.28329406070756247 -0.279405584158318
0.08041055022826614 0.4091105665672433
0.08041055022826614 -0.4091105665672433
0.22094303100041313 0.3196853733776162
0.22094303100041313 -0.3196853733776162
0.3002885485298422 0.24574798170964804
0.3002885485298422 -0.24574798170964804
-0.08718915960046233 0.4050967826838143
-0.08718915960046233 -0.4050967826838143
0.27657044034113176 0.263037020617019
0.27657044034113176 -0.263037020617019
-0.39833250541895876 0.08702898972201009
-0.39833250541895876 -0.08702898972201009
-0.13958671721493368 0.37759293913003966
-0.13958671721493368 -0.37759293913003966
-0.005386528759614345 0.4014249461840432
-0.005386528759614345 -0.4014249461840432
-0.3870835734348589 0.028523713923618733
-0.3870835734348589 -0.028523713923618733
-0.3624902540398479 0.1258818463107814
-0.3624902540398479 -0.1258818463107814
-0.2982865393411228 0.21222053124409043
-0.2982865393411228 -0.21222053124409043
-0.37278124625385467 0.0
0.13651218004373317 0.37019531744509165
0.13651218004373317 -0.37019531744509165
-0.2472811192549493 0.25982601807567646
-0.2472811192549493 -0.25982601807567646
0.3588160576161382 0.1617159412759657
0.3588160576161382 -0.1617159412759657
0.17415892900940405 0.33454924763229765
0.17415892900940405 -0.33454924763229765
0.05038804236220613 0.36937642598342235
0.05038804236220613 -0.36937642598342235
-0.0830217473230887 0.35508725193723845
-0.0830217473230887 -0.35508725193723845
0.21670009404169382 0.291987396888346
0.21670009404169382 -0.291987396888346
0.31379405296192087 0.2033720135156543
0.31379405296192087 -0.2033720135156543
-0.13191472566923146 0.32182395490381366
-0.13191472566923146 -0.32182395490381366
0.10008462337832197 0.33289661421194955
0.10008462337832197 -0.33289661421194955
0.3117862198446409 0.1822968860822417
0.3117862198446409 -0.1822968860822417
0.3626231666686236 0.07771926137487185
0.3626231666686236 -0.07771926137487185
0.24576218364997196 0.24584767022725476
0.24576218364997196 -0.24584767022725476
-0.0300469980773117 0.3573816938744495
-0.0300469980773117 -0.3573816938744495
0.2780125955899119 0.20527140354046214
0.2780125955899119 -0.20527140354046214
-0.17195807378580358 0.27276062133052015
-0.17195807378580358 -0.27276062133052015
0.3367298600748654 0.08439150252717924
0.3367298600748654 -0.08439150252717924
0.34908013668948856 0.01297159417009147
0.34908013668948856 -0.01297159417009147
0.31224525988687557 0.09960750058820249
0.31224525988687557 -0.09960750058820249
-0.2781159378608583 0.13860072120956468
-0.2781159378608583 -0.13860072120956468
-0.3369550521373926 0.056635857971057774
-0.3369550521373926 -0.056635857971057774
-0.19471874268152406 0.24568296959989283
-0.19471874268152406 -0.24568296959989283
-0.24568599235755767 0.18234804268946886
-0.24568599235755767 -0.18234804268946886
0.13966257780925317 0.2823761212945749
0.13966257780925317 -0.2823761212945749
-0.3399230873767328 0.0
0.2162084428801474 0.2110131797691819
0.2162084428801474 -0.2110131797691819
0.2632288758142019 0.14242272325420705
0.2632288758142019 -0.14242272325420705
-0.24690382096524122 0.14833217827622852
-0.24690382096524122 -0.14833217827622852
0.04269622084463349 0.31338128587760244
0.04269622084463349 -0.31338128587760244
-0.028069550268549973 0.3157110883008689
-0.028069550268549973 -0.3157110883008689
-0.08176466509619543 0.2973561982341178
-0.08176466509619543 -0.2973561982341178
0.29382260054236453 0.04235740234518717
0.29382260054236453 -0.04235740234518717
-0.2981784867341555 0.07215278944059939
-0.2981784867341555 -0.07215278944059939
-0.2885470201467237 0.0
-0.2571133099107127 0.09862073851300808
-0.2571133099107127 -0.09862073851300808
-0.13142479424651451 0.2442607864403316
-0.13142479424651451 -0.2442607864403316
-0.15503176695271595 0.20823310664318623
-0.15503176695271595 -0.20823310664318623
0.1558627104133319 0.22443059896363077
0.1558627104133319 -0.22443059896363077
0.21972021746543102 0.1538436940040838
0.21972021746543102 -0.1538436940040838
0.1381470018576768 0.23485353554792177
0.1381470018576768 -0.23485353554792177
0.25322663102966775 0.0469830646930279
0.25322663102966775 -0.0469830646930279
0.05151679459683117 0.2682216354350054
0.05151679459683117 -0.2682216354350054
-0.10361553778271959 0.23189705000304986
-0.10361553778271959 -0.23189705000304986
0.24584995289467082 0.0
-0.24564089342096923 0.0
-0.17202058045488533 0.1321417000436541
-0.17202058045488533 -0.1321417000436541
0.03109142929411704 0.24554412793366476
0.03109142929411704 -0.24554412793366476
-0.0654223459620403 0.2272703401617585
-0.0654223459620403 -0.2272703401617585
-0.03151657045917995 0.23810760712386023
-0.03151657045917995 -0.23810760712386023
0.1592555731757878 0.15696296277683872
0.1592555731757878 -0.15696296277683872
-0.21109226784217316 0.032671725472216175
-0.21109226784217316 -0.032671725472216175
0.19098024318099663 0.10399028785333492
0.19098024318099663 -0.10399028785333492
0.1354821088582578 0.1659256733550913
0.1354821088582578 -0.1659256733550913
0.08647674254795766 0.19339018743748834
0.08647674254795766 -0.19339018743748834
-0.019750089946821314 0.2030547133816894
-0.019750089946821314 -0.2030547133816894
0.19615141159137994 0.043011524232486865
0.19615141159137994 -0.043011524232486865
-0.19000727383174065 0.02456745994715626
-0.19000727383174065 -0.02456745994715626
-0.10024899466933068 0.12209777038347767
-0.10024899466933068 -0.12209777038347767
-0.037253100464823795 0.1536531835191381
-0.037253100464823795 -0.1536531835191381
0.132971128380522 0.1000075660168686
0.132971128380522 -0.1000075660168686
0.14724755916083024 0.0
0.1497812476392247 0.05423516367604028
0.1497812476392247 -0.05423516367604028
0.025927464753364618 0.1634606123376276
0.025927464753364618 -0.1634606123376276
-0.14890936608718836 0.043730880348495926
-0.14890936608718836 -0.043730880348495926
0.05044799005283986 0.15196071156967364
0.05044799005283986 -0.15196071156967364
0.010290998782672992 0.15191729696219983
0.010290998782672992 -0.15191729696219983
-0.07627129422670928 0.087612519265135
-0.07627129422670928 -0.087612519265135
0.07648157930081756 0.06989438033701133
0.07648157930081756 -0.06989438033701133
-0.12244154466600947 0.0
-0.050810616770786576 0.11334692164099802
-0.050810616770786576 -0.11334692164099802
-0.015111538794286068 0.1030369959446526
-0.015111538794286068 -0.1030369959446526
0.05765218438272617 0.0
-0.09939336871992682 0.01531346439754224
-0.09939336871992682 -0.01531346439754224
0.040823822266828756 0.06816710388105908
0.040823822266828756 -0.06816710388105908
0.002096402753724049 0.05506218255371923
0.002096402753724049 -0.05506218255371923
-0.009303996807104378 0.0
-0.015340451664744226 0.0
