0.8525440721598491 2.828291575430301
0.8525440721598491 -2.828291575430301
-1.5218053186033709 0.46858326357864094
-1.5218053186033709 -0.46858326357864094
0.8857903984290815 0.716891222807847
0.8857903984290815 -0.716891222807847
-0.9296336012060373 0.46558438742060126
-0.9296336012060373 -0.46558438742060126
-0.8530698147354309 0.5884129176846125
-0.8530698147354309 -0.5884129176846125
-1.0248463840054336 0.0
-0.9734028242904995 0.27675921803495107
-0.9734028242904995 -0.27675921803495107
-0.9192247158281339 0.36859118850459516
-0.9192247158281339 -0.36859118850459516
0.1921893771493643 1.0281390146715874
0.1921893771493643 -1.0281390146715874
-0.9797332703156951 0.06287298441545174
-0.9797332703156951 -0.06287298441545174
-0.7121345715295471 0.6926846836344981
-0.7121345715295471 -0.6926846836344981
-0.9477396855797826 0.2090739603826194
-0.9477396855797826 -0.2090739603826194
-0.6539703065379858 0.7375955664998579
-0.6539703065379858 -0.7375955664998579
-0.8162484480936596 0.5216260525067155
-0.8162484480936596 -0.5216260525067155
-0.42678362251863494 0.9160840693533306
-0.42678362251863494 -0.9160840693533306
-0.5376559671317258 0.8296800543813432
-0.5376559671317258 -0.8296800543813432
-0.8306766484328895 0.4636050347782411
-0.8306766484328895 -0.4636050347782411
-0.6969581070244479 0.6342317213437006
-0.6969581070244479 -0.6342317213437006
-0.6451329786502842 0.6936281198292077
-0.6451329786502842 -0.6936281198292077
-0.5627802370047348 0.7753278171539038
-0.5627802370047348 -0.7753278171539038
-0.3445630647784177 0.9350054843099129
-0.3445630647784177 -0.9350054843099129
-0.04903733908979069 0.9932039211490516
-0.04903733908979069 -0.9932039211490516
-0.2406853078716726 0.9583615394525737
-0.2406853078716726 -0.9583615394525737
0.11347771184930194 0.9914093551349465
0.11347771184930194 -0.9914093551349465
0.9161062501924546 0.4745367843394946
0.9161062501924546 -0.4745367843394946
-0.4261309866176166 0.8537486671379615
-0.4261309866176166 -0.8537486671379615
0.28205065166698085 0.96014018636215
0.28205065166698085 -0.96014018636215
0.8031967673133034 0.5974271818138102
0.8031967673133034 -0.5974271818138102
0.6190010987123467 0.7812757835571911
0.6190010987123467 -0.7812757835571911
0.6699494430454871 0.7359000877382
0.6699494430454871 -0.7359000877382
0.8246223726458661 0.5443970024787308
0.8246223726458661 -0.5443970024787308
0.9799902870107149 0.23965888701337554
0.9799902870107149 -0.23965888701337554
0.987143106610078 0.0
0.9463685900359766 0.3231973826372664
0.9463685900359766 -0.3231973826372664
-0.1183506963796451 0.9555610698196277
-0.1183506963796451 -0.9555610698196277
0.6616906438458896 0.7128136466210994
0.6616906438458896 -0.7128136466210994
0.3802030047066711 0.9091406155641808
0.3802030047066711 -0.9091406155641808
0.582367298295211 0.7687793128473371
0.582367298295211 -0.7687793128473371
0.8690993474206428 0.41440982900605045
0.8690993474206428 -0.41440982900605045
0.46282209126557283 0.8466873919094609
0.46282209126557283 -0.8466873919094609
0.9753603427601034 0.09119546867838277
0.9753603427601034 -0.09119546867838277
0.807391815052864 0.4930785555474085
0.807391815052864 -0.4930785555474085
0.9126530931159867 0.2765719763788177
0.9126530931159867 -0.2765719763788177
-0.26600954832051926 0.916181494971727
-0.26600954832051926 -0.916181494971727
0.4033394073853306 0.8617219109462414
0.4033394073853306 -0.8617219109462414
0.4272684982960836 0.8482796453192468
0.4272684982960836 -0.8482796453192468
0.9296329637052363 0.20800801073398784
0.9296329637052363 -0.20800801073398784
0.9523719660791767 0.046622867006788304
0.9523719660791767 -0.046622867006788304
0.6792234734078268 0.6376531200084327
0.6792234734078268 -0.6376531200084327
0.6252797449452581 0.6996027742137394
0.6252797449452581 -0.6996027742137394
-0.006988421212728246 0.9474630872134422
-0.006988421212728246 -0.9474630872134422
-0.14102757496800591 0.9383790614300069
-0.14102757496800591 -0.9383790614300069
0.2736673552963079 0.8991749072922994
0.2736673552963079 -0.8991749072922994
-0.4906307128206361 0.7947079441778913
-0.4906307128206361 -0.7947079441778913
-0.9131101550928529 0.2581098624539418
-0.9131101550928529 -0.2581098624539418
-0.7376672393154735 0.5503013982109606
-0.7376672393154735 -0.5503013982109606
-0.8585456349917695 0.3839753537076353
-0.8585456349917695 -0.3839753537076353
-0.9493829560522298 0.0
-0.9396518825335048 0.09195572238285282
-0.9396518825335048 -0.09195572238285282
0.8487382735295999 0.3705668371816123
0.8487382735295999 -0.3705668371816123
-0.5528605633563676 0.7251080139178315
-0.5528605633563676 -0.7251080139178315
-0.8355734205794976 0.3963536484465711
-0.8355734205794976 -0.3963536484465711
0.823558440330608 0.39946387201436856
0.823558440330608 -0.39946387201436856
-0.17469029331109298 0.9129980380893677
-0.17469029331109298 -0.9129980380893677
-0.683393736911302 0.5775848432904798
-0.683393736911302 -0.5775848432904798
-0.5177569765383246 0.7388763663471375
-0.5177569765383246 -0.7388763663471375
0.06907574269318101 0.9319627996328451
0.06907574269318101 -0.9319627996328451
0.5379845140314092 0.736823345955469
0.5379845140314092 -0.736823345955469
-0.04395354727501344 0.9258307917066759
-0.04395354727501344 -0.9258307917066759
0.7290298223955511 0.5221119681150095
0.7290298223955511 -0.5221119681150095
0.182677471570123 0.9055030432871524
0.182677471570123 -0.9055030432871524
-0.7821960953538942 0.4380044483519961
-0.7821960953538942 -0.4380044483519961
0.6692655295579806 0.5833089141693788
0.6692655295579806 -0.5833089141693788
0.1187711375508579 0.9142211754575151
0.1187711375508579 -0.9142211754575151
0.5880895207897414 0.6739163885125425
0.5880895207897414 -0.6739163885125425
0.9106726306327069 0.0
-0.2280925477083028 0.8909126678813067
-0.2280925477083028 -0.8909126678813067
0.8608499002399683 0.2842562745689113
0.8608499002399683 -0.2842562745689113
-0.3288269925951688 0.85256525914663
-0.3288269925951688 -0.85256525914663
0.7903459399383543 0.42864961713143596
0.7903459399383543 -0.42864961713143596
0.23612420219011035 0.8871804092379241
0.23612420219011035 -0.8871804092379241
-0.6486940278446056 0.5845623546699276
-0.6486940278446056 -0.5845623546699276
-0.8531450462924013 0.32831819121389827
-0.8531450462924013 -0.32831819121389827
0.32491844309487283 0.8473888984307122
0.32491844309487283 -0.8473888984307122
0.6751952916461481 0.5598016211424636
0.6751952916461481 -0.5598016211424636
-0.6106785778271931 0.6090445746176564
-0.6106785778271931 -0.6090445746176564
0.1559904796677369 0.8945381880259554
0.1559904796677369 -0.8945381880259554
-0.9102736789158523 0.012182325633865754
-0.9102736789158523 -0.012182325633865754
0.8879724913020889 0.1705201582137364
0.8879724913020889 -0.1705201582137364
0.6078344416413934 0.6150351845852274
0.6078344416413934 -0.6150351845852274
-0.8777482356086527 0.15406873408625046
-0.8777482356086527 -0.15406873408625046
0.8346640361829214 0.30156634816710476
0.8346640361829214 -0.30156634816710476
0.8910084694277194 0.051565733903398546
0.8910084694277194 -0.051565733903398546
0.00919374773641149 0.8976459348924232
0.00919374773641149 -0.8976459348924232
0.33358465051622443 0.8221597645725475
0.33358465051622443 -0.8221597645725475
0.4552985359002031 0.7483179726448695
0.4552985359002031 -0.7483179726448695
-0.13528919798686706 0.8800453340097891
-0.13528919798686706 -0.8800453340097891
-0.2922587682007408 0.837692977341617
-0.2922587682007408 -0.837692977341617
-0.6756611445557923 0.5268546353583002
-0.6756611445557923 -0.5268546353583002
-0.4893598416335163 0.7210968572851217
-0.4893598416335163 -0.7210968572851217
0.5288646833048936 0.684238797660105
0.5288646833048936 -0.684238797660105
-0.47418748419512863 0.7224765901767347
-0.47418748419512863 -0.7224765901767347
-0.410260123226167 0.7701154697721612
-0.410260123226167 -0.7701154697721612
0.8747392463632832 0.11195546979173125
0.8747392463632832 -0.11195546979173125
0.2713507667833495 0.8399057122252093
0.2713507667833495 -0.8399057122252093
0.722374459366022 0.4620853584028043
0.722374459366022 -0.4620853584028043
-0.7385642383058755 0.4511816160366756
-0.7385642383058755 -0.4511816160366756
-0.8758755039236832 0.14723564472812464
-0.8758755039236832 -0.14723564472812464
0.85080701802898 0.19193650298657905
0.85080701802898 -0.19193650298657905
-0.5282181178112109 0.663615791635243
-0.5282181178112109 -0.663615791635243
-0.32151823179593286 0.8018220501618476
-0.32151823179593286 -0.8018220501618476
-0.5784513896383823 0.5934238163410052
-0.5784513896383823 -0.5934238163410052
-0.8643941757130308 0.0
0.36427690386039224 0.7652756212109958
0.36427690386039224 -0.7652756212109958
0.8433720709030738 0.0
0.8062620435544787 0.20076528664730328
0.8062620435544787 -0.20076528664730328
0.8284563543693892 0.07467540800564772
0.8284563543693892 -0.07467540800564772
-0.8562141683592159 0.16606625709040784
-0.8562141683592159 -0.16606625709040784
-0.8169108582438129 0.2806806741760833
-0.8169108582438129 -0.2806806741760833
0.6245775101982133 0.5411097699152935
0.6245775101982133 -0.5411097699152935
0.6503113961278912 0.5061074407381935
0.6503113961278912 -0.5061074407381935
0.4694724913271471 0.6747939122648031
0.4694724913271471 -0.6747939122648031
0.2590212866030154 0.8017426526221271
0.2590212866030154 -0.8017426526221271
0.17504335286556644 0.8305478938052978
0.17504335286556644 -0.8305478938052978
-0.8377315407853523 0.21455187603520579
-0.8377315407853523 -0.21455187603520579
-0.2735120161297802 0.8053505737790301
-0.2735120161297802 -0.8053505737790301
-0.026803411869051996 0.8445823828181824
-0.026803411869051996 -0.8445823828181824
0.5594831664196767 0.5948318054694902
0.5594831664196767 -0.5948318054694902
-0.783689495407756 0.345992445377602
-0.783689495407756 -0.345992445377602
-0.8410228551431516 0.0
-0.19772878777807273 0.8170541337592558
-0.19772878777807273 -0.8170541337592558
-0.718989404873542 0.43140216291306704
-0.718989404873542 -0.43140216291306704
-0.5381676185956448 0.6129445344940586
-0.5381676185956448 -0.6129445344940586
-0.4000134580886311 0.7206848351496867
-0.4000134580886311 -0.7206848351496867
0.038607480664629046 0.8331309951756591
0.038607480664629046 -0.8331309951756591
-0.718588025889277 0.4141467190898814
-0.718588025889277 -0.4141467190898814
-0.32898716375094134 0.7614110998601812
-0.32898716375094134 -0.7614110998601812
-0.650655200287014 0.47401221767978696
-0.650655200287014 -0.47401221767978696
-0.7753950491287779 0.2696581995565402
-0.7753950491287779 -0.2696581995565402
0.3551293576814413 0.7328559834412035
0.3551293576814413 -0.7328559834412035
0.4755797663903858 0.650879823380642
0.4755797663903858 -0.650879823380642
0.7623975601920382 0.2931422524646409
0.7623975601920382 -0.2931422524646409
-0.08588601257267409 0.8137707548818517
-0.08588601257267409 -0.8137707548818517
0.7526353087501809 0.30616967084758284
0.7526353087501809 -0.30616967084758284
0.7957572152962309 0.16525342736070134
0.7957572152962309 -0.16525342736070134
0.8228911718044284 0.0
-0.050738013112642616 0.8127742037462653
-0.050738013112642616 -0.8127742037462653
0.09278838735422036 0.8032511002382922
0.09278838735422036 -0.8032511002382922
-0.333179719742817 0.7262308988100528
-0.333179719742817 -0.7262308988100528
0.6677775961466197 0.4252490006858859
0.6677775961466197 -0.4252490006858859
0.18669312324995882 0.7833834934785286
0.18669312324995882 -0.7833834934785286
-0.5780187356585103 0.5186591342808882
-0.5780187356585103 -0.5186591342808882
-0.5446376853641262 0.5467411778400588
-0.5446376853641262 -0.5467411778400588
-0.6285594056191319 0.44887000873851324
-0.6285594056191319 -0.44887000873851324
-0.20410869715533791 0.7767670339715693
-0.20410869715533791 -0.7767670339715693
-0.40291553015137976 0.6573009795295286
-0.40291553015137976 -0.6573009795295286
0.286159292538851 0.7386255500815258
0.286159292538851 -0.7386255500815258
0.550005132042829 0.5422158510332833
0.550005132042829 -0.5422158510332833
0.36675800756266835 0.676346009911152
0.36675800756266835 -0.676346009911152
0.7829479757795139 0.13298721589590484
0.7829479757795139 -0.13298721589590484
0.057243429809635316 0.7929314436452949
0.057243429809635316 -0.7929314436452949
0.4923802851316241 0.5704957584500874
0.4923802851316241 -0.5704957584500874
0.7886336640812075 0.01358600776159337
0.7886336640812075 -0.01358600776159337
-0.4880702551611884 0.5547073657918454
-0.4880702551611884 -0.5547073657918454
-0.7641192607103113 0.22265119018306936
-0.7641192607103113 -0.22265119018306936
-0.7840455601434633 0.15631196676095035
-0.7840455601434633 -0.15631196676095035
-0.15321372174727688 0.7719119086595282
-0.15321372174727688 -0.7719119086595282
-0.7862807511586489 0.06336218283067215
-0.7862807511586489 -0.06336218283067215
0.4935996959991113 0.547526606525765
0.4935996959991113 -0.547526606525765
-0.5106119001968148 0.5301047846785955
-0.5106119001968148 -0.5301047846785955
-0.7759097378775628 0.12926684673649258
-0.7759097378775628 -0.12926684673649258
-0.7314291481133759 0.2785475961430553
-0.7314291481133759 -0.2785475961430553
0.12924178025199087 0.76070363071347
0.12924178025199087 -0.76070363071347
0.6952065738380238 0.3293702100732051
0.6952065738380238 -0.3293702100732051
-0.104363986759822 0.7616290557889445
-0.104363986759822 -0.7616290557889445
0.18409290924182864 0.7443154443000035
0.18409290924182864 -0.7443154443000035
-0.37435337372170574 0.6531781016021911
-0.37435337372170574 -0.6531781016021911
0.6606157545920922 0.3686198652383707
0.6606157545920922 -0.3686198652383707
0.6885825236036408 0.31316769007821343
0.6885825236036408 -0.31316769007821343
-0.6359354468055403 0.3882087350603405
-0.6359354468055403 -0.3882087350603405
-0.5667182438481102 0.45925686896739165
-0.5667182438481102 -0.45925686896739165
0.7284685908713302 0.18336402476486635
0.7284685908713302 -0.18336402476486635
0.4192883949808639 0.6147246730637427
0.4192883949808639 -0.6147246730637427
-0.657521254367399 0.33622604206224194
-0.657521254367399 -0.33622604206224194
0.3014890486569748 0.6819294505043301
0.3014890486569748 -0.6819294505043301
-0.24473271705119165 0.7037842893234663
-0.24473271705119165 -0.7037842893234663
0.5813137532300147 0.45015279366307653
0.5813137532300147 -0.45015279366307653
0.5441633515640734 0.4960235056190487
0.5441633515640734 -0.4960235056190487
0.35827941773149247 0.638949379939495
0.35827941773149247 -0.638949379939495
0.6033494829583641 0.4110132577471371
0.6033494829583641 -0.4110132577471371
0.19172864469658085 0.7195148423743765
0.19172864469658085 -0.7195148423743765
-0.40502808324308937 0.6043612005042694
-0.40502808324308937 -0.6043612005042694
0.6868136369738616 0.2579993518117508
0.6868136369738616 -0.2579993518117508
-0.7472439121336301 0.020649277662615862
-0.7472439121336301 -0.020649277662615862
-0.7179219436882254 0.20366439068556258
-0.7179219436882254 -0.20366439068556258
0.7197473775510711 0.0
0.4843014201485302 0.4967025954535852
0.4843014201485302 -0.4967025954535852
-0.7289047648004383 0.14731211715345702
-0.7289047648004383 -0.14731211715345702
-0.44534744478072974 0.5436397894290975
-0.44534744478072974 -0.5436397894290975
-0.5588596875776344 0.41936145728358837
-0.5588596875776344 -0.41936145728358837
-0.02251077999400715 0.726939425909087
-0.02251077999400715 -0.726939425909087
0.023888529018030402 0.7231062360866957
0.023888529018030402 -0.7231062360866957
-0.21149353540159216 0.6902904493906311
-0.21149353540159216 -0.6902904493906311
0.7064560540354629 0.1144006920927921
0.7064560540354629 -0.1144006920927921
0.6046125671767835 0.35492129686445956
0.6046125671767835 -0.35492129686445956
0.5388513503096953 0.4366379548940714
0.5388513503096953 -0.4366379548940714
0.6780664910700336 0.13853872818471227
0.6780664910700336 -0.13853872818471227
-0.08130290222806658 0.7195658230872374
-0.08130290222806658 -0.7195658230872374
0.36768048842554557 0.5714336635731055
0.36768048842554557 -0.5714336635731055
0.4605099878177644 0.47475586348616566
0.4605099878177644 -0.47475586348616566
0.22692555228492906 0.6465421550074695
0.22692555228492906 -0.6465421550074695
-0.28270902230519457 0.6552054855416836
-0.28270902230519457 -0.6552054855416836
0.2587284940976182 0.6202733131495956
0.2587284940976182 -0.6202733131495956
0.16592996596544873 0.659116773110914
0.16592996596544873 -0.659116773110914
-0.15172336678930576 0.675412218866048
-0.15172336678930576 -0.675412218866048
-0.32603035182425544 0.6055062726987819
-0.32603035182425544 -0.6055062726987819
-0.6482490205880316 0.2592750233975501
-0.6482490205880316 -0.2592750233975501
-0.5854201281417275 0.34669892929806145
-0.5854201281417275 -0.34669892929806145
-0.699871234710274 0.06468724810408093
-0.699871234710274 -0.06468724810408093
-0.34290629542095463 0.5831918571947614
-0.34290629542095463 -0.5831918571947614
-0.40542069008510706 0.5315622109000097
-0.40542069008510706 -0.5315622109000097
-0.6928137243623367 0.00511833590556203
-0.6928137243623367 -0.00511833590556203
-0.6341561232061081 0.24465991480929866
-0.6341561232061081 -0.24465991480929866
-0.1869790433634254 0.6495774990145251
-0.1869790433634254 -0.6495774990145251
-0.2721819062247904 0.6136533186361948
-0.2721819062247904 -0.6136533186361948
0.6759297116553693 0.07632976238315162
0.6759297116553693 -0.07632976238315162
0.5986125768216966 0.2992817011324042
0.5986125768216966 -0.2992817011324042
0.37783124164089577 0.5362719612523806
0.37783124164089577 -0.5362719612523806
-0.03494156893217255 0.6710020469618672
-0.03494156893217255 -0.6710020469618672
-0.5350813947034716 0.36761527460517845
-0.5350813947034716 -0.36761527460517845
0.1179113568450916 0.6603613560731825
0.1179113568450916 -0.6603613560731825
-0.36018801268948486 0.5334774605456802
-0.36018801268948486 -0.5334774605456802
0.5099459071491099 0.4037420622861079
0.5099459071491099 -0.4037420622861079
0.613952838384888 0.2504791478813108
0.613952838384888 -0.2504791478813108
0.3555853018684246 0.5280117109817308
0.3555853018684246 -0.5280117109817308
0.6433400535944511 0.15009679526158906
0.6433400535944511 -0.15009679526158906
0.5421577368596476 0.3424137649931083
0.5421577368596476 -0.3424137649931083
0.6530064190559945 0.10049729956027431
0.6530064190559945 -0.10049729956027431
0.6299717811558356 0.0
0.05790060211459652 0.6564338435097538
0.05790060211459652 -0.6564338435097538
0.09208462272149717 0.6513413029404027
0.09208462272149717 -0.6513413029404027
-0.6321242360277871 0.1621470362598091
-0.6321242360277871 -0.1621470362598091
-0.6450962153435658 0.09717361848070108
-0.6450962153435658 -0.09717361848070108
0.2907980267288989 0.5406047346644562
0.2907980267288989 -0.5406047346644562
-0.42935847314251163 0.4373521880953947
-0.42935847314251163 -0.4373521880953947
-0.4747313497770845 0.3919810797381095
-0.4747313497770845 -0.3919810797381095
-0.6125529114378008 0.2020675008424615
-0.6125529114378008 -0.2020675008424615
0.2086242743235418 0.6042459407056158
0.2086242743235418 -0.6042459407056158
-0.33456074137844816 0.4943637363156306
-0.33456074137844816 -0.4943637363156306
-0.5071084853266954 0.32669371514375695
-0.5071084853266954 -0.32669371514375695
0.18944066677131818 0.5948023499017031
0.18944066677131818 -0.5948023499017031
0.5994212613236158 0.15578815142855534
0.5994212613236158 -0.15578815142855534
-0.06315668562473103 0.6255125775371595
-0.06315668562473103 -0.6255125775371595
0.5800692057556258 0.21470100278929122
0.5800692057556258 -0.21470100278929122
0.07321956831621537 0.6085265292299652
0.07321956831621537 -0.6085265292299652
-0.163619974245783 0.595203541207192
-0.163619974245783 -0.595203541207192
0.3646594970830404 0.4573748200366476
0.3646594970830404 -0.4573748200366476
-0.20641526794429452 0.5783823548502793
-0.20641526794429452 -0.5783823548502793
-0.22134482251331294 0.5726906550678765
-0.22134482251331294 -0.5726906550678765
0.4774585852444897 0.35040723850321576
0.4774585852444897 -0.35040723850321576
-0.5342785856375794 0.2913292883609297
-0.5342785856375794 -0.2913292883609297
0.6115814346853181 0.0
-0.5112767472287889 0.3073219737179008
-0.5112767472287889 -0.3073219737179008
-0.62020231821293 0.0
-0.572850140563107 0.17849566684897714
-0.572850140563107 -0.17849566684897714
-0.43549209431431446 0.3901690560131413
-0.43549209431431446 -0.3901690560131413
0.4300201586777378 0.39372148215961356
0.4300201586777378 -0.39372148215961356
-0.5996579923692396 0.08735271413463638
-0.5996579923692396 -0.08735271413463638
-0.03638691266956317 0.6046458336997849
-0.03638691266956317 -0.6046458336997849
-0.0796448211560538 0.5957902773490032
-0.0796448211560538 -0.5957902773490032
-0.24654178857115377 0.5272525783233445
-0.24654178857115377 -0.5272525783233445
0.5420446066410156 0.22227540276905233
0.5420446066410156 -0.22227540276905233
0.589527699414362 0.05247439190476261
0.589527699414362 -0.05247439190476261
-0.5911712458744319 0.0
0.02937519852664819 0.5911363509916719
0.02937519852664819 -0.5911363509916719
-0.5105150844538973 0.2518053557726182
-0.5105150844538973 -0.2518053557726182
0.31373350544169387 0.4579447950129873
0.31373350544169387 -0.4579447950129873
0.32998316403244704 0.4462097485128889
0.32998316403244704 -0.4462097485128889
-0.374573646345573 0.4095346034445203
-0.374573646345573 -0.4095346034445203
-0.5756481840582768 0.08628170957774986
-0.5756481840582768 -0.08628170957774986
-0.3109578289899727 0.4565250723968079
-0.3109578289899727 -0.4565250723968079
0.17063766550776022 0.5554237075427437
0.17063766550776022 -0.5554237075427437
0.10585824266513665 0.5672772169710063
0.10585824266513665 -0.5672772169710063
0.35041393086735345 0.4251489085048851
0.35041393086735345 -0.4251489085048851
0.5642739388835372 0.0986195135694069
0.5642739388835372 -0.0986195135694069
-0.09520898601623073 0.5584338428669693
-0.09520898601623073 -0.5584338428669693
-0.5633808037153382 0.0
0.4280803301424635 0.33157509834261056
0.4280803301424635 -0.33157509834261056
0.5175423444117843 0.1806170245873743
0.5175423444117843 -0.1806170245873743
0.536092312666798 0.11764210684341207
0.536092312666798 -0.11764210684341207
0.5339528183084783 0.0
0.5016346442645667 0.21488051296698918
0.5016346442645667 -0.21488051296698918
0.45175105677737754 0.27284544874735106
0.45175105677737754 -0.27284544874735106
0.04398225769070664 0.5579072620334868
0.04398225769070664 -0.5579072620334868
0.366311439580589 0.3616688762087268
0.366311439580589 -0.3616688762087268
0.1527105385067631 0.5200506242991457
0.1527105385067631 -0.5200506242991457
-0.26039299155768436 0.4721868639109683
-0.26039299155768436 -0.4721868639109683
0.07962692475504671 0.5235822021004838
0.07962692475504671 -0.5235822021004838
-0.412641339048163 0.33535909936814956
-0.412641339048163 -0.33535909936814956
-0.2157115752444538 0.4826008624344185
-0.2157115752444538 -0.4826008624344185
-0.042843741700850244 0.5262560977871517
-0.042843741700850244 -0.5262560977871517
0.21208021071290256 0.4758164235312866
0.21208021071290256 -0.4758164235312866
-0.4979468041854431 0.19087922977520938
-0.4979468041854431 -0.19087922977520938
-0.23896193492892823 0.46639801642094625
-0.23896193492892823 -0.46639801642094625
-0.33173475631483906 0.3927148962792817
-0.33173475631483906 -0.3927148962792817
-0.5129306238873542 0.13468077763559202
-0.5129306238873542 -0.13468077763559202
-0.43808466424544873 0.27277541250413373
-0.43808466424544873 -0.27277541250413373
-0.51133969186895 0.03449217665575751
-0.51133969186895 -0.03449217665575751
0.3197710584120004 0.35895596339465985
0.3197710584120004 -0.35895596339465985
0.009561338758286988 0.5043788951269246
0.009561338758286988 -0.5043788951269246
-0.4924094022005904 0.12129704269519204
-0.4924094022005904 -0.12129704269519204
0.18678693619437564 0.4528673875808305
0.18678693619437564 -0.4528673875808305
0.47446434160040096 0.09995135888059398
0.47446434160040096 -0.09995135888059398
-0.42460081125735394 0.2400447941536517
-0.42460081125735394 -0.2400447941536517
0.48005768800979587 0.04183627408860456
0.48005768800979587 -0.04183627408860456
-0.33153930913305824 0.339554488541563
-0.33153930913305824 -0.339554488541563
0.3797910372062555 0.28114854914287435
0.3797910372062555 -0.28114854914287435
0.2273738085507776 0.41508459106280254
0.2273738085507776 -0.41508459106280254
-0.12701802491177894 0.47017670710496534
-0.12701802491177894 -0.47017670710496534
0.14902532170118482 0.45674226373033966
0.14902532170118482 -0.45674226373033966
-0.27222316244944866 0.37334122676681447
-0.27222316244944866 -0.37334122676681447
0.28484254806046994 0.36380963389073284
0.28484254806046994 -0.36380963389073284
-0.3445131513260259 0.2977996712625461
-0.3445131513260259 -0.2977996712625461
0.3955585664244877 0.23097136409305352
0.3955585664244877 -0.23097136409305352
-0.31028476766598584 0.32757138993258644
-0.31028476766598584 -0.32757138993258644
-0.06605176290454678 0.46903145759429354
-0.06605176290454678 -0.46903145759429354
0.45421887389531357 0.13284276650052626
0.45421887389531357 -0.13284276650052626
0.4751484084590837 0.0
0.41916966932599664 0.18240703174676887
0.41916966932599664 -0.18240703174676887
0.4543902433369331 0.0
0.17381479666301275 0.41345565977610244
0.17381479666301275 -0.41345565977610244
0.056399627542579406 0.44412737110009437
0.056399627542579406 -0.44412737110009437
0.4327442850444998 0.12260119476315429
0.4327442850444998 -0.12260119476315429
-0.3891855182554267 0.23416247014397198
-0.3891855182554267 -0.23416247014397198
-0.45042053602449444 0.0
0.3264403822067825 0.2862209094172467
0.3264403822067825 -0.2862209094172467
-0.4298667645421685 0.16182131096968308
-0.4298667645421685 -0.16182131096968308
-0.12067241755177814 0.4272679409695462
-0.12067241755177814 -0.4272679409695462
-0.2188378485133149 0.37410869305958877
-0.2188378485133149 -0.37410869305958877
0.011672749615437492 0.4299131426499979
0.011672749615437492 -0.4299131426499979
-0.1658875856212329 0.39135559861450253
-0.1658875856212329 -0.39135559861450253
-0.38175926448381303 0.19594672411516917
-0.38175926448381303 -0.19594672411516917
-0.424005321174868 0.018755749084124026
-0.424005321174868 -0.018755749084124026
-0.4125206550784323 0.06085199403301647
-0.4125206550784323 -0.06085199403301647
0.08247587011304647 0.40091078707060274
0.08247587011304647 -0.40091078707060274
-0.06473098319464606 0.39570425423612765
-0.06473098319464606 -0.39570425423612765
-0.38387561271740234 0.1355526691571501
-0.38387561271740234 -0.1355526691571501
-0.18954903081918342 0.34661131068273315
-0.18954903081918342 -0.34661131068273315
0.34486491935180363 0.21027103978786396
0.34486491935180363 -0.21027103978786396
0.39192262675583645 0.11120195812060885
0.39192262675583645 -0.11120195812060885
0.13870903149024466 0.3660433439173728
0.13870903149024466 -0.3660433439173728
-0.33183779675779584 0.20013296674021083
-0.33183779675779584 -0.20013296674021083
0.2475647527111296 0.2795176045978264
0.2475647527111296 -0.2795176045978264
0.20728153504428926 0.31050281369068494
0.20728153504428926 -0.31050281369068494
0.37850237788670643 0.0627958826099773
0.37850237788670643 -0.0627958826099773
0.3397950366568864 0.13773211214177059
0.3397950366568864 -0.13773211214177059
-0.38848051370563785 0.0
-0.03384704121404564 0.37420953416753977
-0.03384704121404564 -0.37420953416753977
0.01698947798188992 0.36992371874695507
0.01698947798188992 -0.36992371874695507
0.26009727984240094 0.2500520288368029
0.26009727984240094 -0.2500520288368029
-0.3742955229146869 0.07634130079225485
-0.3742955229146869 -0.07634130079225485
-0.15522979217008528 0.34004938199002643
-0.15522979217008528 -0.34004938199002643
-0.27408903541422036 0.2387814367670893
-0.27408903541422036 -0.2387814367670893
0.3462818243943525 0.08581402750786636
0.3462818243943525 -0.08581402750786636
0.2835399045078357 0.19881877376392199
0.2835399045078357 -0.19881877376392199
-0.08780413483786237 0.33733112476101756
-0.08780413483786237 -0.33733112476101756
0.11266918676581172 0.3278299423776735
0.11266918676581172 -0.3278299423776735
0.35198615171868164 0.02884476173155464
0.35198615171868164 -0.02884476173155464
0.1571991252695461 0.29975313937206916
0.1571991252695461 -0.29975313937206916
-0.128353988672389 0.3109882587079905
-0.128353988672389 -0.3109882587079905
0.030222347165065944 0.33649023941366163
0.030222347165065944 -0.33649023941366163
0.06726833973632482 0.3338844656965831
0.06726833973632482 -0.3338844656965831
-0.22724126939245423 0.25921909934014953
-0.22724126939245423 -0.25921909934014953
-0.2872195769142569 0.19365985432618024
-0.2872195769142569 -0.19365985432618024
-0.24008155676526877 0.2401026735445087
-0.24008155676526877 -0.2401026735445087
-0.3365927247031648 0.08044812204340762
-0.3365927247031648 -0.08044812204340762
0.30451065506828084 0.10877443456941997
0.30451065506828084 -0.10877443456941997
-0.3168327308344615 0.04258992813134025
-0.3168327308344615 -0.04258992813134025
0.18477193652913082 0.24963418219805236
0.18477193652913082 -0.24963418219805236
0.23624895197857104 0.20275718137483772
0.23624895197857104 -0.20275718137483772
-0.3163336002716945 0.0
-0.29115573557519814 0.11168739259993431
-0.29115573557519814 -0.11168739259993431
-0.11144727420962172 0.2960810084043917
-0.11144727420962172 -0.2960810084043917
-0.2029921522676966 0.22674152889847726
-0.2029921522676966 -0.22674152889847726
-0.1564477045495678 0.2597627224884578
-0.1564477045495678 -0.2597627224884578
0.263419550838104 0.138622988306108
0.263419550838104 -0.138622988306108
0.10319961637898314 0.2735163004311081
0.10319961637898314 -0.2735163004311081
0.15760402417513503 0.23892451557255573
0.15760402417513503 -0.23892451557255573
0.300979109589493 0.013590119919873944
0.300979109589493 -0.013590119919873944
-0.012624808153390954 0.30320823915902506
-0.012624808153390954 -0.30320823915902506
0.12439521816609089 0.2505937753262671
0.12439521816609089 -0.2505937753262671
0.21754953406250166 0.1514962670705227
0.21754953406250166 -0.1514962670705227
0.03735982557527649 0.28576481443173524
0.03735982557527649 -0.28576481443173524
-0.29514254165662784 0.0
0.2491431167597527 0.10619333755748035
0.2491431167597527 -0.10619333755748035
-0.2609487778562413 0.08622341949576882
-0.2609487778562413 -0.08622341949576882
0.24688738282254705 0.0
-0.15594047181783544 0.20706720663507028
-0.15594047181783544 -0.20706720663507028
0.16948284328160884 0.184051547953371
0.16948284328160884 -0.184051547953371
-0.24786836839517717 0.09251214060655756
-0.24786836839517717 -0.09251214060655756
-0.21222141464926964 0.150663087737386
-0.21222141464926964 -0.150663087737386
-0.2361732874851552 0.10731332750833919
-0.2361732874851552 -0.10731332750833919
-0.004661845316229124 0.2436555676601732
-0.004661845316229124 -0.2436555676601732
0.22153297923353632 0.04310427709178923
0.22153297923353632 -0.04310427709178923
0.10852308579142539 0.2059221623447365
0.10852308579142539 -0.2059221623447365
0.02005073589914768 0.23289021429723442
0.02005073589914768 -0.23289021429723442
0.21316920785798255 0.0
0.051889110274722774 0.2250182260416839
0.051889110274722774 -0.2250182260416839
-0.04564443422615928 0.23106480360461631
-0.04564443422615928 -0.23106480360461631
0.18389956862672444 0.12146865685448481
0.18389956862672444 -0.12146865685448481
-0.2360466936118893 0.012410016399814497
-0.2360466936118893 -0.012410016399814497
-0.1913323693114407 0.1352770336055526
-0.1913323693114407 -0.1352770336055526
-0.08539318650701838 0.2026447626536974
-0.08539318650701838 -0.2026447626536974
0.1370642866543602 0.1474168390591843
0.1370642866543602 -0.1474168390591843
0.17797444194457956 0.04824532537084758
0.17797444194457956 -0.04824532537084758
0.0712161178243768 0.1738108464009659
0.0712161178243768 -0.1738108464009659
-0.060222409910191815 0.18799949692477214
-0.060222409910191815 -0.18799949692477214
-0.11756232986083269 0.1672960577323969
-0.11756232986083269 -0.1672960577323969
0.10803778195247815 0.15119909473705312
0.10803778195247815 -0.15119909473705312
-0.13422932977429344 0.14188313594136617
-0.13422932977429344 -0.14188313594136617
-0.18772740948199315 0.054947391691794786
-0.18772740948199315 -0.054947391691794786
-0.18069628375469526 0.03725986958079785
-0.18069628375469526 -0.03725986958079785
-0.13746230776476942 0.12415881838948402
-0.13746230776476942 -0.12415881838948402
0.16228267331179402 0.08542812370598499
0.16228267331179402 -0.08542812370598499
-0.13906499537748046 0.11154511242799994
-0.13906499537748046 -0.11154511242799994
0.019679776161363245 0.17422312868876247
0.019679776161363245 -0.17422312868876247
0.17538052467137075 0.016833362538565773
0.17538052467137075 -0.016833362538565773
-0.01951632873367382 0.16642093479127526
-0.01951632873367382 -0.16642093479127526
-0.04574314184754935 0.1581920225315369
-0.04574314184754935 -0.1581920225315369
-0.15051089514596208 0.0
-0.049348282767856286 0.15452263877165098
-0.049348282767856286 -0.15452263877165098
0.1528751765789174 0.07138570849778543
0.1528751765789174 -0.07138570849778543
-0.14328368971442848 0.0479244044230673
-0.14328368971442848 -0.0479244044230673
0.13114212249062204 0.0841777680401326
0.13114212249062204 -0.0841777680401326
0.09541670058248983 0.12836945059807103
0.09541670058248983 -0.12836945059807103
-0.086407790386124 0.11889934593142962
-0.086407790386124 -0.11889934593142962
0.10430263800220824 0.11153755026202754
0.10430263800220824 -0.11153755026202754
-0.11770746615829106 0.07405132619852282
-0.11770746615829106 -0.07405132619852282
0.0828902201636254 0.1217260488411513
0.0828902201636254 -0.1217260488411513
0.1464652936764077 0.013445672650639286
0.1464652936764077 -0.013445672650639286
0.13017953781311092 0.02435570155545304
0.13017953781311092 -0.02435570155545304
0.12769855914341746 0.0
0.1066019224013619 0.07256357214012439
0.1066019224013619 -0.07256357214012439
0.05820851354228947 0.12157162118839651
0.05820851354228947 -0.12157162118839651
-0.13693029159986458 0.011503655669385935
-0.13693029159986458 -0.011503655669385935
-0.04321245204476118 0.13019578656583083
-0.04321245204476118 -0.13019578656583083
0.013983056358417397 0.13642744224482145
0.013983056358417397 -0.13642744224482145
-0.11982094249355822 0.0657608540941783
-0.11982094249355822 -0.0657608540941783
0.03456198274228857 0.12357066090672013
0.03456198274228857 -0.12357066090672013
0.004196697222391237 0.12474378079435343
0.004196697222391237 -0.12474378079435343
-0.11460613673454051 0.04317551144161809
-0.11460613673454051 -0.04317551144161809
-0.05337857639991656 0.10419985944460837
-0.05337857639991656 -0.10419985944460837
-0.09357003878207172 0.07082733097967119
-0.09357003878207172 -0.07082733097967119
0.0005673274838670726 0.11794179193663343
0.0005673274838670726 -0.11794179193663343
0.10728428780166666 0.03515744684076936
0.10728428780166666 -0.03515744684076936
0.08835184617976474 0.07421456389045401
0.08835184617976474 -0.07421456389045401
-0.0178050976656631 0.11900946075043284
-0.0178050976656631 -0.11900946075043284
0.04426065464722233 0.10103363523008767
0.04426065464722233 -0.10103363523008767
-0.08125736106341191 0.07544970181829817
-0.08125736106341191 -0.07544970181829817
-0.04692480476729792 0.0987348515141639
-0.04692480476729792 -0.0987348515141639
0.08401206856860335 0.05767994300380465
0.08401206856860335 -0.05767994300380465
-0.09704318216824193 0.03362958620935591
-0.09704318216824193 -0.03362958620935591
-0.09759226565330166 0.0160774410575156
-0.09759226565330166 -0.0160774410575156
0.0143210962135174 0.0976826713193648
0.0143210962135174 -0.0976826713193648
0.0921735703957821 0.0
0.08622813783071714 0.030469457160800833
0.08622813783071714 -0.030469457160800833
-0.01714448508654943 0.09168031690024332
-0.01714448508654943 -0.09168031690024332
-0.034485069756582845 0.08677036123373219
-0.034485069756582845 -0.08677036123373219
0.04882260801763493 0.08000833620454788
0.04882260801763493 -0.08000833620454788
-0.05479123585908058 0.07437508107460895
-0.05479123585908058 -0.07437508107460895
-0.08913998045154255 0.010286443557344056
-0.08913998045154255 -0.010286443557344056
-0.07430236200889578 0.05711564150129492
-0.07430236200889578 -0.05711564150129492
-0.0736690123916484 0.04387817363183522
-0.0736690123916484 -0.04387817363183522
-0.06255173219016533 0.06036443685394097
-0.06255173219016533 -0.06036443685394097
0.04396813645747434 0.07158522624458592
0.04396813645747434 -0.07158522624458592
0.06025609941024529 0.055088910406107985
0.06025609941024529 -0.055088910406107985
0.018356329773631823 0.08111085098860618
0.018356329773631823 -0.08111085098860618
-0.06311268854911818 0.0
-0.03978922852175333 0.05821043659448313
-0.03978922852175333 -0.05821043659448313
-0.06357503171062769 0.021624090047019276
-0.06357503171062769 -0.021624090047019276
-0.009607028209109508 0.061055160389671397
-0.009607028209109508 -0.061055160389671397
0.02406290282200449 0.06564201555937806
0.02406290282200449 -0.06564201555937806
0.06974385885967924 0.02410863701443435
0.06974385885967924 -0.02410863701443435
0.07136104971774698 0.003289740557498368
0.07136104971774698 -0.003289740557498368
0.06427081819535252 0.02877493384004644
0.06427081819535252 -0.02877493384004644
0.06460733330384315 0.0
-0.050724535007425464 0.03561888604907472
-0.050724535007425464 -0.03561888604907472
0.04651555081794573 0.045834646455909255
0.04651555081794573 -0.045834646455909255
0.017486127223576224 0.05641890974891038
0.017486127223576224 -0.05641890974891038
0.03581898296929256 0.04427016159216836
0.03581898296929256 -0.04427016159216836
0.05477849045174339 0.025423290192516
0.05477849045174339 -0.025423290192516
-0.020991814807263445 0.053255902894882134
-0.020991814807263445 -0.053255902894882134
-0.04620153552029482 0.03189225673277221
-0.04620153552029482 -0.03189225673277221
0.04722714550036937 0.030331370839046037
0.04722714550036937 -0.030331370839046037
0.006645012571113329 0.05501530014129087
0.006645012571113329 -0.05501530014129087
-0.054645026030606905 0.008950082273083582
-0.054645026030606905 -0.008950082273083582
0.031609312931991256 0.032872432336619434
0.031609312931991256 -0.032872432336619434
0.04986209551497357 0.0
-0.019437500418905705 0.04145109804156051
-0.019437500418905705 -0.04145109804156051
-0.0071217796674394864 0.044916691069887646
-0.0071217796674394864 -0.044916691069887646
-0.041043483899807574 0.006411067224956242
-0.041043483899807574 -0.006411067224956242
0.017410619533749755 0.035973007890539345
0.017410619533749755 -0.035973007890539345
-0.030066419044714895 0.027627932802275712
-0.030066419044714895 -0.027627932802275712
-0.03842476931025986 0.0
0.037755144973769084 0.0
-0.03184567792942136 0.015109943171147274
-0.03184567792942136 -0.015109943171147274
0.030830388710028443 0.0
-0.0049209739313519005 0.03320968054861825
-0.0049209739313519005 -0.03320968054861825
0.011337084979678794 0.024835653081608785
0.011337084979678794 -0.024835653081608785
0.0208285610345895 0.014494050088621388
0.0208285610345895 -0.014494050088621388
-0.0013204443466286802 0.02397313618630988
-0.0013204443466286802 -0.02397313618630988
-0.00809322979152343 0.020157771556987635
-0.00809322979152343 -0.020157771556987635
0.018769017595014984 0.007625856003327571
0.018769017595014984 -0.007625856003327571
0.00560310578111886 0.0
-0.011323608034433922 0.0059420227679025436
-0.011323608034433922 -0.0059420227679025436
-0.002874524839792653 0.007854051112231848
-0.002874524839792653 -0.007854051112231848
-0.014004544401915082 0.0
