0.5833430983547236 1.3746155683579009
0.5833430983547236 -1.3746155683579009
-1.1996397417387434 0.0
-0.09166425909778833 1.087838246625048
-0.09166425909778833 -1.087838246625048
-1.0197987603579488 0.14707885616214827
-1.0197987603579488 -0.14707885616214827
-0.48907583003115507 0.9136588078521796
-0.48907583003115507 -0.9136588078521796
-0.7542380155616728 0.6665764584158199
-0.7542380155616728 -0.6665764584158199
-0.2906914485028714 0.9587923608498733
-0.2906914485028714 -0.9587923608498733
1.025567699604077 0.12581651659974372
1.025567699604077 -0.12581651659974372
0.31385530453934174 0.9599573129186507
0.31385530453934174 -0.9599573129186507
0.5030495483854538 0.867228014518581
0.5030495483854538 -0.867228014518581
0.844849630737045 0.42572920001724457
0.844849630737045 -0.42572920001724457
-0.8954145962514142 0.0
-0.5065248722017923 0.7427807936470706
-0.5065248722017923 -0.7427807936470706
0.9240110271758316 0.0
0.720253049977826 0.5397897874548223
0.720253049977826 -0.5397897874548223
-0.7259190146105907 0.49889551071809646
-0.7259190146105907 -0.49889551071809646
0.8837488356565681 0.0
0.7841835581946024 0.3392933085901996
0.7841835581946024 -0.3392933085901996
0.07656689903753337 0.8422664037845616
0.07656689903753337 -0.8422664037845616
0.4271938923068252 0.7333761448928745
0.4271938923068252 -0.7333761448928745
0.5645897613723045 0.6292585229651003
0.5645897613723045 -0.6292585229651003
0.5729684979574126 0.5955261233248984
0.5729684979574126 -0.5955261233248984
0.7721694603445867 0.14267541306511167
0.7721694603445867 -0.14267541306511167
-0.7095840895073695 0.394005180080483
-0.7095840895073695 -0.394005180080483
-0.58568154883725 0.5650354953484034
-0.58568154883725 -0.5650354953484034
-0.776823035728281 0.14299352680661426
-0.776823035728281 -0.14299352680661426
-0.22114942106958954 0.7574696577650308
-0.22114942106958954 -0.7574696577650308
0.2955878338931154 0.7202500597211734
0.2955878338931154 -0.7202500597211734
-0.5211472910348077 0.5801959281283747
-0.5211472910348077 -0.5801959281283747
-0.7708374976034074 0.014117173496472896
-0.7708374976034074 -0.014117173496472896
0.38139715705105304 0.667920294322172
0.38139715705105304 -0.667920294322172
0.01665529417305142 0.7332269482738097
0.01665529417305142 -0.7332269482738097
-0.4323466569060157 0.5771586815974659
-0.4323466569060157 -0.5771586815974659
-0.09711929402241506 0.7093324215102944
-0.09711929402241506 -0.7093324215102944
-0.6535207237396305 0.2531469713576236
-0.6535207237396305 -0.2531469713576236
0.6628417208712205 0.22348534397733794
0.6628417208712205 -0.22348534397733794
-0.6513211894928381 0.2047487700352854
-0.6513211894928381 -0.2047487700352854
0.6031762095616414 0.3199138810216243
0.6031762095616414 -0.3199138810216243
0.6496597687707282 0.18313717499945015
0.6496597687707282 -0.18313717499945015
0.07371669753635751 0.6643936844836195
0.07371669753635751 -0.6643936844836195
0.30957879695480983 0.5791066879604831
0.30957879695480983 -0.5791066879604831
-0.05397676232686508 0.6447049172950708
-0.05397676232686508 -0.6447049172950708
-0.6334469967439542 0.0
0.47535656005705174 0.44275827780853616
0.47535656005705174 -0.44275827780853616
-0.3350688175389836 0.5465130617298539
-0.3350688175389836 -0.5465130617298539
-0.522511873538457 0.3686348749722854
-0.522511873538457 -0.3686348749722854
-0.361464192865552 0.49384122638028227
-0.361464192865552 -0.49384122638028227
0.6166004178037264 0.0
-0.40494958045057916 0.44434272383357776
-0.40494958045057916 -0.44434272383357776
-0.21804445254299115 0.558948781947648
-0.21804445254299115 -0.558948781947648
0.23484373383832163 0.5569724040914386
0.23484373383832163 -0.5569724040914386
-0.5779135824344594 0.0
0.4816592425338102 0.33575263000609595
0.4816592425338102 -0.33575263000609595
0.37768642337622327 0.43721240243801424
0.37768642337622327 -0.43721240243801424
-0.5351957765200601 0.19770316640780922
-0.5351957765200601 -0.19770316640780922
0.5518896657361961 0.12217289221112661
0.5518896657361961 -0.12217289221112661
-0.08428200776468359 0.5452405415148017
-0.08428200776468359 -0.5452405415148017
-0.2125397596869841 0.5072545499379918
-0.2125397596869841 -0.5072545499379918
0.27046471067107913 0.4775587042966759
0.27046471067107913 -0.4775587042966759
0.50563653509845 0.0
0.4472023112961841 0.27631538114257187
0.4472023112961841 -0.27631538114257187
-0.37722138415047457 0.35702997400234565
-0.37722138415047457 -0.35702997400234565
0.3089872040377815 0.40846337820349404
0.3089872040377815 -0.40846337820349404
0.15910224785200436 0.48167183681757303
0.15910224785200436 -0.48167183681757303
-0.47908720643857294 0.15174126572258356
-0.47908720643857294 -0.15174126572258356
-0.021130713292424372 0.4835805375550782
-0.021130713292424372 -0.4835805375550782
-0.43363156134501324 0.2130568859968649
-0.43363156134501324 -0.2130568859968649
0.44250017231920136 0.18951230943464026
0.44250017231920136 -0.18951230943464026
-0.4693050668355927 0.05337406418385376
-0.4693050668355927 -0.05337406418385376
-0.1708036049420853 0.43094594699125754
-0.1708036049420853 -0.43094594699125754
0.4479349419404127 0.06679047063916435
0.4479349419404127 -0.06679047063916435
0.3265628680326357 0.3158364810539762
0.3265628680326357 -0.3158364810539762
0.36860077052577067 0.24145536123260575
0.36860077052577067 -0.24145536123260575
-0.2545397546078786 0.3687972402403734
-0.2545397546078786 -0.3687972402403734
0.40073826997723605 0.17245089980737058
0.40073826997723605 -0.17245089980737058
0.2384965989846948 0.37010801543555377
0.2384965989846948 -0.37010801543555377
0.11887321906696902 0.42108940366967046
0.11887321906696902 -0.42108940366967046
0.04787837705025909 0.43621849401461765
0.04787837705025909 -0.43621849401461765
-0.2576971226176112 0.3459940905078032
-0.2576971226176112 -0.3459940905078032
-0.4237807695771614 0.11361668237359897
-0.4237807695771614 -0.11361668237359897
-0.1834846145789498 0.38659369145525146
-0.1834846145789498 -0.38659369145525146
0.004446119032969126 0.4282966713577399
0.004446119032969126 -0.4282966713577399
-0.3490195536787235 0.24526696290487807
-0.3490195536787235 -0.24526696290487807
-0.11705611367142489 0.40550948634076855
-0.11705611367142489 -0.40550948634076855
0.17176941205643378 0.37819719012548625
0.17176941205643378 -0.37819719012548625
0.25137253427296313 0.3261996813374802
0.25137253427296313 -0.3261996813374802
0.2773802318226278 0.29902628466052755
0.2773802318226278 -0.29902628466052755
-0.0645950011995666 0.4040601232145651
-0.0645950011995666 -0.4040601232145651
-0.32735346592841713 0.24861947869877932
-0.32735346592841713 -0.24861947869877932
-0.07025633016992663 0.39560850392724944
-0.07025633016992663 -0.39560850392724944
0.39181922681228404 0.0
0.39122783349684104 0.046540416491302014
0.39122783349684104 -0.046540416491302014
-0.2847817930816325 0.27352189362859713
-0.2847817930816325 -0.27352189362859713
0.37949033977469326 0.10501188310333102
0.37949033977469326 -0.10501188310333102
-0.358677251494221 0.16504214048549345
-0.358677251494221 -0.16504214048549345
-0.3701123486222431 0.12391747436516222
-0.3701123486222431 -0.12391747436516222
-0.38261140235304375 0.07971491964901328
-0.38261140235304375 -0.07971491964901328
0.36696635982305004 0.11204541869622556
0.36696635982305004 -0.11204541869622556
0.38024930854846534 0.0
0.3481819449070695 0.15018221346123184
0.3481819449070695 -0.15018221346123184
0.10233674612896103 0.37385916912939143
0.10233674612896103 -0.37385916912939143
-0.3017663031065442 0.2224082508067154
-0.3017663031065442 -0.2224082508067154
0.05981848373854812 0.3721225637555318
0.05981848373854812 -0.3721225637555318
-0.3742526821912771 0.0
-0.007685079226325987 0.3755174223837139
-0.007685079226325987 -0.3755174223837139
0.10965418318222003 0.35638133644994474
0.10965418318222003 -0.35638133644994474
-0.23826635334034596 0.27798169914473686
-0.23826635334034596 -0.27798169914473686
-0.3637756515334093 0.0
0.2855759992048026 0.23219936501912714
0.2855759992048026 -0.23219936501912714
0.244574086481951 0.26758565049147703
0.244574086481951 -0.26758565049147703
-0.10001694093228497 0.3495605812347949
-0.10001694093228497 -0.3495605812347949
-0.34884328812468934 0.08487683126499873
-0.34884328812468934 -0.08487683126499873
-0.16136272985387812 0.31137361027430915
-0.16136272985387812 -0.31137361027430915
-0.12514284351660335 0.3275382742767165
-0.12514284351660335 -0.3275382742767165
0.34922987611770373 0.02069684162659458
0.34922987611770373 -0.02069684162659458
-0.23396823961418162 0.255124687173968
-0.23396823961418162 -0.255124687173968
-0.26486999861505445 0.22074762197831632
-0.26486999861505445 -0.22074762197831632
0.3376775920523659 0.0
0.3330855173835434 0.07887996615813855
0.3330855173835434 -0.07887996615813855
-0.27480634234100987 0.20457394237673635
-0.27480634234100987 -0.20457394237673635
-0.18954064533943868 0.27299611014419545
-0.18954064533943868 -0.27299611014419545
0.029563863599535112 0.34458954923553436
0.029563863599535112 -0.34458954923553436
-0.13497030276005106 0.3038604477948844
-0.13497030276005106 -0.3038604477948844
-0.3400221868123884 0.06908020129729174
-0.3400221868123884 -0.06908020129729174
-0.04478741084108454 0.3275517840807663
-0.04478741084108454 -0.3275517840807663
0.07601845112430083 0.3316839783718784
0.07601845112430083 -0.3316839783718784
0.1915603618636218 0.2925709361391276
0.1915603618636218 -0.2925709361391276
-0.01754989907614342 0.32955309894331397
-0.01754989907614342 -0.32955309894331397
-0.33553786510303096 0.040506211328496446
-0.33553786510303096 -0.040506211328496446
-0.27649031361665133 0.1846392835627089
-0.27649031361665133 -0.1846392835627089
0.24317381232447102 0.24073013434943533
0.24317381232447102 -0.24073013434943533
0.29968466067324423 0.15672230156084188
0.29968466067324423 -0.15672230156084188
0.1288567463503255 0.3117499711275401
0.1288567463503255 -0.3117499711275401
-0.3311753183273204 0.01838319579033625
-0.3311753183273204 -0.01838319579033625
0.16542252589233503 0.29321087926175315
0.16542252589233503 -0.29321087926175315
0.2941840727485182 0.16367848131023327
0.2941840727485182 -0.16367848131023327
0.12157280794037192 0.31123495430356574
0.12157280794037192 -0.31123495430356574
-0.27996501342877567 0.1709878371550158
-0.27996501342877567 -0.1709878371550158
-0.311209450677447 0.10192511161667607
-0.311209450677447 -0.10192511161667607
0.260742276405696 0.20240366039856306
0.260742276405696 -0.20240366039856306
0.29954819204901184 0.1292042469657974
0.29954819204901184 -0.1292042469657974
-0.29532480498917674 0.12781469437154158
-0.29532480498917674 -0.12781469437154158
0.20440689848804783 0.25021516944033734
0.20440689848804783 -0.25021516944033734
0.1806981180275663 0.2647969287354898
0.1806981180275663 -0.2647969287354898
0.22801491879043634 0.22332553774640132
0.22801491879043634 -0.22332553774640132
0.24285133696588307 0.20523607385116968
0.24285133696588307 -0.20523607385116968
-0.27942763831131223 0.12848346395923205
-0.27942763831131223 -0.12848346395923205
-0.30402744702894485 0.041711703800489455
-0.30402744702894485 -0.041711703800489455
-0.2944345424615844 0.08708921454411987
-0.2944345424615844 -0.08708921454411987
-0.20741018888363688 0.2233353331439105
-0.20741018888363688 -0.2233353331439105
-0.07857797541051462 0.30343537821314404
-0.07857797541051462 -0.30343537821314404
-0.12861879915579216 0.2777524186739339
-0.12861879915579216 -0.2777524186739339
-0.06642615389192366 0.2975289993552962
-0.06642615389192366 -0.2975289993552962
0.053988711076466384 0.30955952757620503
0.053988711076466384 -0.30955952757620503
0.14003245110268725 0.27678195549737555
0.14003245110268725 -0.27678195549737555
0.3159518354581902 0.03968659395985493
0.3159518354581902 -0.03968659395985493
0.18537005384024868 0.24819065796039932
0.18537005384024868 -0.24819065796039932
0.29897445055423594 0.1014736133776568
0.29897445055423594 -0.1014736133776568
0.11655633458339378 0.2699230308769421
0.11655633458339378 -0.2699230308769421
0.270043663597545 0.1446691939937144
0.270043663597545 -0.1446691939937144
0.30264628289231194 0.0
0.29485107617337214 0.07522240968393396
0.29485107617337214 -0.07522240968393396
0.2931123634146661 0.06369007966704122
0.2931123634146661 -0.06369007966704122
0.22369774696153039 0.18284171068741276
0.22369774696153039 -0.18284171068741276
0.21022588361680328 0.20005012002525452
0.21022588361680328 -0.20005012002525452
0.10072114339905086 0.28628692885084445
0.10072114339905086 -0.28628692885084445
0.04723511649386494 0.2976778700081471
0.04723511649386494 -0.2976778700081471
0.06838271734914528 0.2849880517657269
0.06838271734914528 -0.2849880517657269
-0.2999201647606018 0.0
-0.03238185634865663 0.2982844901746532
-0.03238185634865663 -0.2982844901746532
-0.019113529869490824 0.29523934141432967
-0.019113529869490824 -0.29523934141432967
-0.2873599504327239 0.05856892797842933
-0.2873599504327239 -0.05856892797842933
-0.2393532075118517 0.17907884893070053
-0.2393532075118517 -0.17907884893070053
-0.18712280236306508 0.231614456646553
-0.18712280236306508 -0.231614456646553
-0.22084195435887477 0.19434284821894418
-0.22084195435887477 -0.19434284821894418
-0.24413310366006072 0.16481261219873966
-0.24413310366006072 -0.16481261219873966
-0.10313446883639917 0.27739189468843445
-0.10313446883639917 -0.27739189468843445
-0.16543473393677283 0.24923742611441985
-0.16543473393677283 -0.24923742611441985
-0.1501454176793524 0.2526482678149191
-0.1501454176793524 -0.2526482678149191
0.27447237006678415 0.0938543350290885
0.27447237006678415 -0.0938543350290885
-0.11314574741118044 0.26852361517621254
-0.11314574741118044 -0.26852361517621254
-0.17498996520140475 0.23344373550576353
-0.17498996520140475 -0.23344373550576353
-0.25151482775090683 0.1324796187456446
-0.25151482775090683 -0.1324796187456446
-0.19132381307938226 0.2073651434001618
-0.19132381307938226 -0.2073651434001618
-0.005737683166694126 0.286471992386315
-0.005737683166694126 -0.286471992386315
0.23853608029663165 0.1596975871805801
0.23853608029663165 -0.1596975871805801
0.26646718378316847 0.10333708637429137
0.26646718378316847 -0.10333708637429137
0.2803241181072885 0.05419961348768083
0.2803241181072885 -0.05419961348768083
0.19169665984438872 0.20815091080019849
0.19169665984438872 -0.20815091080019849
0.023318484166469575 0.28151724878269974
0.023318484166469575 -0.28151724878269974
0.0695347740657797 0.2720518272453294
0.0695347740657797 -0.2720518272453294
0.24457600789389317 0.13695014975430211
0.24457600789389317 -0.13695014975430211
-0.27279656434530924 0.07193059020370483
-0.27279656434530924 -0.07193059020370483
-0.28010387248012003 0.0
0.27780360252674546 0.0
0.21398114564461834 0.17722960516348235
0.21398114564461834 -0.17722960516348235
-0.2551213380425094 0.11194027536731253
-0.2551213380425094 -0.11194027536731253
-0.21543107215497415 0.1733553017292165
-0.21543107215497415 -0.1733553017292165
-0.04497406780597491 0.27356566181109215
-0.04497406780597491 -0.27356566181109215
0.2748919274755923 0.03797269850495109
0.2748919274755923 -0.03797269850495109
0.2098745903418044 0.1716456544922448
0.2098745903418044 -0.1716456544922448
0.11796014601472174 0.24729475258780229
0.11796014601472174 -0.24729475258780229
0.15081362814198757 0.21823876011167617
0.15081362814198757 -0.21823876011167617
0.014351102477880101 0.27224473394954335
0.014351102477880101 -0.27224473394954335
0.08230320016830459 0.25701934347588706
0.08230320016830459 -0.25701934347588706
-0.16365066049978327 0.21574419170579925
-0.16365066049978327 -0.21574419170579925
-0.13542160202914372 0.23382083510157228
-0.13542160202914372 -0.23382083510157228
-0.19612764884164674 0.1796810233457308
-0.19612764884164674 -0.1796810233457308
-0.11368444695356404 0.24486145437911785
-0.11368444695356404 -0.24486145437911785
-0.21105706952134762 0.16044956340974986
-0.21105706952134762 -0.16044956340974986
-0.07305416832899571 0.2583958374337404
-0.07305416832899571 -0.2583958374337404
-0.11957859681089747 0.23826228427438442
-0.11957859681089747 -0.23826228427438442
0.25416135121759287 0.07430647598500617
0.25416135121759287 -0.07430647598500617
0.26360929524145293 0.01911231496445612
0.26360929524145293 -0.01911231496445612
-0.2681195412542421 0.0
0.22453130948483951 0.13794736156860937
0.22453130948483951 -0.13794736156860937
-0.05892559250721026 0.2602813122514917
-0.05892559250721026 -0.2602813122514917
-0.2409552896075467 0.10870512732891735
-0.2409552896075467 -0.10870512732891735
-0.25215545206323575 0.08121633706855655
-0.25215545206323575 -0.08121633706855655
0.04266990422345039 0.2630448165200969
0.04266990422345039 -0.2630448165200969
0.17255154336853773 0.1992111799610567
0.17255154336853773 -0.1992111799610567
-0.25311441887241426 0.06713439202722984
-0.25311441887241426 -0.06713439202722984
-0.25924949516343987 0.038950206987368736
-0.25924949516343987 -0.038950206987368736
0.0988458353692313 0.24048454780292128
0.0988458353692313 -0.24048454780292128
-0.25925643098442025 0.007572724293374464
-0.25925643098442025 -0.007572724293374464
0.15558493597062645 0.2046892590749962
0.15558493597062645 -0.2046892590749962
0.12783380261011676 0.22205169541161582
0.12783380261011676 -0.22205169541161582
-0.08821056669330957 0.2429556309354693
-0.08821056669330957 -0.2429556309354693
0.25976410701891794 0.0
0.2555103011520106 0.03465792971920028
0.2555103011520106 -0.03465792971920028
0.2369180339749915 0.09406266061067645
0.2369180339749915 -0.09406266061067645
0.2008771756352507 0.15750001209227332
0.2008771756352507 -0.15750001209227332
0.183302930182777 0.1764897510533246
0.183302930182777 -0.1764897510533246
0.11023989505173959 0.23091938206624832
0.11023989505173959 -0.23091938206624832
0.011905371345017686 0.2586240961997315
0.011905371345017686 -0.2586240961997315
-0.025706325671957117 0.25697566385280307
-0.025706325671957117 -0.25697566385280307
-0.2521500170212474 0.0
-0.23190205857312401 0.10438804634154415
-0.23190205857312401 -0.10438804634154415
-0.04358579229079218 0.2508857546204479
-0.04358579229079218 -0.2508857546204479
-0.19573918451146405 0.1527131475660563
-0.19573918451146405 -0.1527131475660563
-0.2044162639795084 0.14033541839936858
-0.2044162639795084 -0.14033541839936858
-0.24630628248032616 0.058328701921128205
-0.24630628248032616 -0.058328701921128205
0.2241367724039771 0.11473118360549865
0.2241367724039771 -0.11473118360549865
-0.1683369377804163 0.18056022759684526
-0.1683369377804163 -0.18056022759684526
-0.016223882792678997 0.25051885142281183
-0.016223882792678997 -0.25051885142281183
0.05993985232518446 0.2415026946942789
0.05993985232518446 -0.2415026946942789
0.1349256072776106 0.206178977115884
0.1349256072776106 -0.206178977115884
-0.1277886135187158 0.20647908604647425
-0.1277886135187158 -0.20647908604647425
-0.11528635056673772 0.21459091993498472
-0.11528635056673772 -0.21459091993498472
0.15114370155305318 0.1906122163116654
0.15114370155305318 -0.1906122163116654
0.06784104580141584 0.23706292776164756
0.06784104580141584 -0.23706292776164756
-0.24337657966743403 0.03918401847018699
-0.24337657966743403 -0.03918401847018699
0.21090810147867817 0.11739811427907774
0.21090810147867817 -0.11739811427907774
0.23841545509394613 0.0528381260480951
0.23841545509394613 -0.0528381260480951
-0.1486945858425271 0.18914948883312566
-0.1486945858425271 -0.18914948883312566
-0.24236605761625019 0.0
0.004768438593483624 0.2469061548804733
0.004768438593483624 -0.2469061548804733
0.2300101368726642 0.07672887849348697
0.2300101368726642 -0.07672887849348697
-0.09075758872863068 0.22483525267284743
-0.09075758872863068 -0.22483525267284743
-0.1311873090776299 0.1979383629773078
-0.1311873090776299 -0.1979383629773078
-0.18005256206034492 0.14723148915914738
-0.18005256206034492 -0.14723148915914738
-0.19583372710902475 0.12373559076627313
-0.19583372710902475 -0.12373559076627313
0.1639350781309935 0.16270604762669288
0.1639350781309935 -0.16270604762669288
0.025456656635667332 0.24143806697768472
0.025456656635667332 -0.24143806697768472
0.17580162204422956 0.14966016283181172
0.17580162204422956 -0.14966016283181172
-0.2322040113191333 0.04470374879978381
-0.2322040113191333 -0.04470374879978381
-0.2219405635559853 0.08749620041274071
-0.2219405635559853 -0.08749620041274071
-0.22249470017013628 0.08304578851750276
-0.22249470017013628 -0.08304578851750276
-0.05749200187664657 0.23010347781304874
-0.05749200187664657 -0.23010347781304874
-0.012714080789819303 0.23889535447821128
-0.012714080789819303 -0.23889535447821128
0.19226269850381716 0.12597205394510486
0.19226269850381716 -0.12597205394510486
0.23337307621149517 0.0
0.227983949657737 0.054895805364863895
0.227983949657737 -0.054895805364863895
0.2120335559957376 0.09394695494472294
0.2120335559957376 -0.09394695494472294
0.1181698555934532 0.19742792504240922
0.1181698555934532 -0.19742792504240922
0.056722554124037095 0.22372850048595974
0.056722554124037095 -0.22372850048595974
-0.21439159892064577 0.0861368324964995
-0.21439159892064577 -0.0861368324964995
0.13984543370980002 0.17480525565719066
0.13984543370980002 -0.17480525565719066
-0.08316475274928234 0.21368328356515742
-0.08316475274928234 -0.21368328356515742
0.08041045589921607 0.21164865766779153
0.08041045589921607 -0.21164865766779153
-0.045091121812344065 0.22578101008396498
-0.045091121812344065 -0.22578101008396498
-0.19216659672954092 0.11425929137114275
-0.19216659672954092 -0.11425929137114275
-0.1661275179510431 0.15311058761267882
-0.1661275179510431 -0.15311058761267882
0.22967081167125486 0.02791643913872698
0.22967081167125486 -0.02791643913872698
-0.12560366583458937 0.1867676557444424
-0.12560366583458937 -0.1867676557444424
-0.0077390035973476795 0.22888856597437077
-0.0077390035973476795 -0.22888856597437077
-0.15788962758464786 0.15500149351828765
-0.15788962758464786 -0.15500149351828765
0.21838280504788316 0.061907449362422415
0.21838280504788316 -0.061907449362422415
0.21039682959830153 0.0803016831749165
0.21039682959830153 -0.0803016831749165
-0.13653492020184865 0.17295949941620592
-0.13653492020184865 -0.17295949941620592
-0.22459253190752126 0.0
0.11078222361677308 0.19352164406306868
0.11078222361677308 -0.19352164406306868
0.1609315104662007 0.14924613865547418
0.1609315104662007 -0.14924613865547418
0.1517950067362151 0.15989304063110682
0.1517950067362151 -0.15989304063110682
-0.1628159623123241 0.14147527788923306
-0.1628159623123241 -0.14147527788923306
-0.11560640779783468 0.1805786467650003
-0.11560640779783468 -0.1805786467650003
0.21769628510960293 0.01699455617581707
0.21769628510960293 -0.01699455617581707
0.1916465226061395 0.09427218841127079
0.1916465226061395 -0.09427218841127079
0.017025158553574143 0.2209761564919106
0.017025158553574143 -0.2209761564919106
0.2157665688907613 0.0
-0.21242648160476763 0.06472850469296286
-0.21242648160476763 -0.06472850469296286
0.037157112771002546 0.2157253707699842
0.037157112771002546 -0.2157253707699842
-0.22266971178888761 0.01686204196121021
-0.22266971178888761 -0.01686204196121021
0.10073066110773046 0.1909460477660688
0.10073066110773046 -0.1909460477660688
-0.17528981578073688 0.11679672969895907
-0.17528981578073688 -0.11679672969895907
-0.0297138613679333 0.21658178462770175
-0.0297138613679333 -0.21658178462770175
-0.06504069129779905 0.2062723491085212
-0.06504069129779905 -0.2062723491085212
0.06740377369100461 0.20448109167410208
0.06740377369100461 -0.20448109167410208
-0.1982109092260309 0.08903867180282349
-0.1982109092260309 -0.08903867180282349
-0.08948182887310313 0.19399384298420852
-0.08948182887310313 -0.19399384298420852
-0.21872746738289447 0.0
-0.19076001274847199 0.06811767549245008
-0.19076001274847199 -0.06811767549245008
0.049590691021796474 0.2069964070406883
0.049590691021796474 -0.2069964070406883
0.17634460036055993 0.11301682712826545
0.17634460036055993 -0.11301682712826545
-0.14843932542518373 0.1349247041133209
-0.14843932542518373 -0.1349247041133209
0.1814606525707109 0.10013982267139436
0.1814606525707109 -0.10013982267139436
0.21178348978090591 0.007194053874060871
0.21178348978090591 -0.007194053874060871
-0.061981628508337175 0.19537795367892005
-0.061981628508337175 -0.19537795367892005
0.19803525826448087 0.05882716316979623
0.19803525826448087 -0.05882716316979623
-0.11765702433744096 0.16399777099672622
-0.11765702433744096 -0.16399777099672622
-0.08927121275452019 0.18271843740588098
-0.08927121275452019 -0.18271843740588098
0.15888060700445822 0.12793687691439076
0.15888060700445822 -0.12793687691439076
0.2027605322573644 0.029264631179529488
0.2027605322573644 -0.029264631179529488
0.1291880994446926 0.1598501171615935
0.1291880994446926 -0.1598501171615935
0.0896631934984096 0.18433450117997566
0.0896631934984096 -0.18433450117997566
0.004313634506325742 0.20438382521753076
0.004313634506325742 -0.20438382521753076
0.0740081748375217 0.18962821310875724
0.0740081748375217 -0.18962821310875724
0.11102984864305583 0.16923163997970914
0.11102984864305583 -0.16923163997970914
-0.099839825855044 0.17065009183874752
-0.099839825855044 -0.17065009183874752
0.13341702338313316 0.14525095663219073
0.13341702338313316 -0.14525095663219073
0.19902458096790113 0.0
-0.03846128184419886 0.19201132111729838
-0.03846128184419886 -0.19201132111729838
0.17656641672327697 0.08037390055528243
0.17656641672327697 -0.08037390055528243
0.14516454252952027 0.12787499782683007
0.14516454252952027 -0.12787499782683007
0.19230111887265686 0.03752481042607541
0.19230111887265686 -0.03752481042607541
0.08690814321482407 0.17148655517843106
0.08690814321482407 -0.17148655517843106
-0.18728007689462364 0.05520240640459829
-0.18728007689462364 -0.05520240640459829
-0.17181382595909353 0.0877534430352636
-0.17181382595909353 -0.0877534430352636
-0.13944085570845927 0.12873938302663365
-0.13944085570845927 -0.12873938302663365
0.18747458918745102 0.0
-0.02674930649198157 0.19084966524135544
-0.02674930649198157 -0.19084966524135544
-0.11300593334444374 0.14849701759124292
-0.11300593334444374 -0.14849701759124292
0.014511983028007365 0.19082120153611704
0.014511983028007365 -0.19082120153611704
0.0020787801952338453 0.19201279846272018
0.0020787801952338453 -0.19201279846272018
0.17834554782569756 0.0589886866771057
0.17834554782569756 -0.0589886866771057
-0.19471775900562432 0.0
-0.18924928412004094 0.0318635043859376
-0.18924928412004094 -0.0318635043859376
-0.18519883841047438 0.04434380322667493
-0.18519883841047438 -0.04434380322667493
-0.16389379597466025 0.09194990576318833
-0.16389379597466025 -0.09194990576318833
-0.05016302747447951 0.17983789435015404
-0.05016302747447951 -0.17983789435015404
0.049519797619628735 0.18108053796857507
0.049519797619628735 -0.18108053796857507
-0.06939022397893185 0.1703594733190827
-0.06939022397893185 -0.1703594733190827
-0.11811039480089647 0.13828256548020368
-0.11811039480089647 -0.13828256548020368
0.1779403522328526 0.04399332315341076
0.1779403522328526 -0.04399332315341076
0.15346858020385623 0.08960995229379676
0.15346858020385623 -0.08960995229379676
0.06634300085321299 0.16773533495216347
0.06634300085321299 -0.16773533495216347
0.15815938308517058 0.07858501695776891
0.15815938308517058 -0.07858501695776891
-0.08191901765118995 0.1571938153102633
-0.08191901765118995 -0.1571938153102633
0.16807335451502736 0.06255818263341557
0.16807335451502736 -0.06255818263341557
0.13729407119996148 0.10977748894932428
0.13729407119996148 -0.10977748894932428
-0.038615666718493605 0.17412590181351978
-0.038615666718493605 -0.17412590181351978
-0.18536558001432268 0.01578103638301427
-0.18536558001432268 -0.01578103638301427
-0.16656434865600858 0.0701541900976561
-0.16656434865600858 -0.0701541900976561
-0.15933684019733815 0.08215121118658095
-0.15933684019733815 -0.08215121118658095
-0.10487813052651926 0.14015293020208644
-0.10487813052651926 -0.14015293020208644
-0.12614505619299618 0.12212716387503203
-0.12614505619299618 -0.12212716387503203
-0.08674321458606918 0.14976932196793857
-0.08674321458606918 -0.14976932196793857
0.16913495568638057 0.0
0.09674475876163646 0.14609325062961062
0.09674475876163646 -0.14609325062961062
0.07257783382647315 0.1578947365026785
0.07257783382647315 -0.1578947365026785
-0.14265520063665502 0.09865326124122434
-0.14265520063665502 -0.09865326124122434
0.11644354126256623 0.12981571618878882
0.11644354126256623 -0.12981571618878882
0.14296932406217394 0.09014791741011866
0.14296932406217394 -0.09014791741011866
-0.17757581535157763 0.031321047914671475
-0.17757581535157763 -0.031321047914671475
0.08026211950444515 0.1453442966827369
0.08026211950444515 -0.1453442966827369
0.1494119183612643 0.07196550764883737
0.1494119183612643 -0.07196550764883737
0.12113559080336604 0.11130271641634099
0.12113559080336604 -0.11130271641634099
-0.149834293846775 0.07941041381888547
-0.149834293846775 -0.07941041381888547
-0.05375541648430905 0.16167551428198518
-0.05375541648430905 -0.16167551428198518
0.03604701164038172 0.1672533570372301
0.03604701164038172 -0.1672533570372301
0.053499735420736896 0.16102697781049988
0.053499735420736896 -0.16102697781049988
0.019646507256027426 0.17074086314555162
0.019646507256027426 -0.17074086314555162
0.1271442462316083 0.09202915586058492
0.1271442462316083 -0.09202915586058492
-0.01908835503917531 0.16884153804362068
-0.01908835503917531 -0.16884153804362068
-0.09241043756436204 0.12576775792250042
-0.09241043756436204 -0.12576775792250042
0.163745890740069 0.03363607579065791
0.163745890740069 -0.03363607579065791
0.16540448128209487 0.018484380939402394
0.16540448128209487 -0.018484380939402394
-0.17184531086932653 0.0029967729552310657
-0.17184531086932653 -0.0029967729552310657
-0.005116517353773518 0.16720549089778539
-0.005116517353773518 -0.16720549089778539
0.006585661131252453 0.16736517570199738
0.006585661131252453 -0.16736517570199738
-0.1624875477905066 0.03795996914401291
-0.1624875477905066 -0.03795996914401291
-0.1680034311890672 0.018676561989794286
-0.1680034311890672 -0.018676561989794286
0.14173560689462653 0.06648094549127534
0.14173560689462653 -0.06648094549127534
-0.14909849498139865 0.06774369368181622
-0.14909849498139865 -0.06774369368181622
-0.16637040288371555 0.0
0.14388862654130236 0.04541571593219163
0.14388862654130236 -0.04541571593219163
0.10556402766103623 0.11181939282567761
0.10556402766103623 -0.11181939282567761
-0.027976196285846685 0.15427310529517488
-0.027976196285846685 -0.15427310529517488
-0.15763568611411188 0.0
-0.13221077281275673 0.0855512534834469
-0.13221077281275673 -0.0855512534834469
-0.08613230617043918 0.12970636362931068
-0.08613230617043918 -0.12970636362931068
0.01818784702156714 0.15539003506723056
0.01818784702156714 -0.15539003506723056
-0.13739047604787893 0.07275323279042743
-0.13739047604787893 -0.07275323279042743
0.09460316651529799 0.11765490732767936
0.09460316651529799 -0.11765490732767936
0.0663597927242496 0.13696315350290722
0.0663597927242496 -0.13696315350290722
-0.10435582875988378 0.10711234062401588
-0.10435582875988378 -0.10711234062401588
-0.08931503021914769 0.12022070398280024
-0.08931503021914769 -0.12022070398280024
0.08086928930198928 0.1234525309302688
0.08086928930198928 -0.1234525309302688
-0.11449743359589246 0.09430393580876884
-0.11449743359589246 -0.09430393580876884
0.00041479249147017075 0.15166648870431326
0.00041479249147017075 -0.15166648870431326
0.06053755072128472 0.1340720928995802
0.06053755072128472 -0.1340720928995802
-0.07727280550166778 0.12064732265700094
-0.07727280550166778 -0.12064732265700094
0.14754683843772076 0.0
0.10467108847565418 0.09254389719040562
0.10467108847565418 -0.09254389719040562
0.11618928161307607 0.0774385207438928
0.11618928161307607 -0.0774385207438928
0.029101145773492477 0.13877468041968224
0.029101145773492477 -0.13877468041968224
-0.03881369404261059 0.13597048212970556
-0.03881369404261059 -0.13597048212970556
0.13311636327620602 0.04380132471809564
0.13311636327620602 -0.04380132471809564
-0.04306592574949457 0.13270935770286774
-0.04306592574949457 -0.13270935770286774
0.006138389265007423 0.14197847214966863
0.006138389265007423 -0.14197847214966863
-0.14407148688976695 0.030419239050948496
-0.14407148688976695 -0.030419239050948496
-0.11232153080487978 0.0773081788315836
-0.11232153080487978 -0.0773081788315836
0.1359029800236493 0.027197774410557544
0.1359029800236493 -0.027197774410557544
0.12270678593315143 0.05599213801519885
0.12270678593315143 -0.05599213801519885
0.13502272186791228 0.0
0.06799270137687291 0.11616439282419883
0.06799270137687291 -0.11616439282419883
-0.08316616100499058 0.10302243015035083
-0.08316616100499058 -0.10302243015035083
0.026300160694380063 0.13417928162483211
0.026300160694380063 -0.13417928162483211
-0.12007852198931221 0.054582596859010096
-0.12007852198931221 -0.054582596859010096
-0.017571340184865177 0.13762592815062383
-0.017571340184865177 -0.13762592815062383
0.0787762095011625 0.10263983223001728
0.0787762095011625 -0.10263983223001728
-0.06462125657787154 0.11020373532117764
-0.06462125657787154 -0.11020373532117764
-0.14201627785440343 0.00881346877356665
-0.14201627785440343 -0.00881346877356665
-0.00624104096348083 0.13383306782683754
-0.00624104096348083 -0.13383306782683754
-0.024461234268064777 0.1318938030563567
-0.024461234268064777 -0.1318938030563567
-0.13557233538122385 0.0
-0.11100637339319376 0.0632167813160149
-0.11100637339319376 -0.0632167813160149
-0.12464332845313521 0.026215834773303692
-0.12464332845313521 -0.026215834773303692
-0.08239438283859508 0.08728222397305876
-0.08239438283859508 -0.08728222397305876
-0.11104831410459352 0.05170893241086852
-0.11104831410459352 -0.05170893241086852
-0.1132498680306078 0.04179593166746986
-0.1132498680306078 -0.04179593166746986
0.1290015625132817 0.011948415652317785
0.1290015625132817 -0.011948415652317785
-0.08470115843848676 0.07995612014339402
-0.08470115843848676 -0.07995612014339402
0.11065264252890869 0.0546998573270107
0.11065264252890869 -0.0546998573270107
0.12177185544645466 0.021298603119287298
0.12177185544645466 -0.021298603119287298
-0.049020661633536716 0.10341505167080749
-0.049020661633536716 -0.10341505167080749
0.02424096631592281 0.11971920640645456
0.02424096631592281 -0.11971920640645456
0.09305783254427137 0.07163959852837253
0.09305783254427137 -0.07163959852837253
0.08030490398959216 0.08546028655984726
0.08030490398959216 -0.08546028655984726
0.0024107769697697193 0.12033817658020302
0.0024107769697697193 -0.12033817658020302
0.08409989301799677 0.08025759863159661
0.08409989301799677 -0.08025759863159661
0.06728303455105616 0.0973486512848516
0.06728303455105616 -0.0973486512848516
0.04081229259373957 0.10862823372675318
0.04081229259373957 -0.10862823372675318
-0.00551999113940058 0.11212752684139725
-0.00551999113940058 -0.11212752684139725
0.056303075049994655 0.09608672788214792
0.056303075049994655 -0.09608672788214792
0.020104520617685858 0.1095540983903128
0.020104520617685858 -0.1095540983903128
0.1036041909194566 0.03299920145490541
0.1036041909194566 -0.03299920145490541
0.10832601777691625 0.006333445409970136
0.10832601777691625 -0.006333445409970136
-0.0453997755774079 0.09982042047602434
-0.0453997755774079 -0.09982042047602434
-0.06065387307123947 0.08735849732782562
-0.06065387307123947 -0.08735849732782562
0.09738796223419946 0.034688205571130885
0.09738796223419946 -0.034688205571130885
-0.03448438317284884 0.09938386086992096
-0.03448438317284884 -0.09938386086992096
-0.015069083493809528 0.10498403960578537
-0.015069083493809528 -0.10498403960578537
-0.08731053469941641 0.0545413572197094
-0.08731053469941641 -0.0545413572197094
-0.06844090544670964 0.07236799967878035
-0.06844090544670964 -0.07236799967878035
-0.10362234241968536 0.011201162391176491
-0.10362234241968536 -0.011201162391176491
0.04790890121806761 0.08532989833206253
0.04790890121806761 -0.08532989833206253
0.034295554048053505 0.09299655276354941
0.034295554048053505 -0.09299655276354941
0.08838621815882457 0.04167083594877598
0.08838621815882457 -0.04167083594877598
-0.09732776781691392 0.027216983477288122
-0.09732776781691392 -0.027216983477288122
0.07853282236100584 0.04695095346224786
0.07853282236100584 -0.04695095346224786
0.06117525598169524 0.06529292255610127
0.06117525598169524 -0.06529292255610127
-0.06158330328665071 0.06321214230723186
-0.06158330328665071 -0.06321214230723186
0.09826381779180221 0.007046885452051018
0.09826381779180221 -0.007046885452051018
-0.02557605771557735 0.09020033113989159
-0.02557605771557735 -0.09020033113989159
0.03219743310291047 0.0899060791844088
0.03219743310291047 -0.0899060791844088
0.0865265982915164 0.026197433157817064
0.0865265982915164 -0.026197433157817064
-0.09658346411846115 0.0
0.05120912604744671 0.07296968105178651
0.05120912604744671 -0.07296968105178651
-0.08875002112662708 0.03034850173930715
-0.08875002112662708 -0.03034850173930715
0.07321505854510053 0.04430260405369827
0.07321505854510053 -0.04430260405369827
-0.08419026921059154 0.038779362880029145
-0.08419026921059154 -0.038779362880029145
0.006562930846014766 0.08833620420367243
0.006562930846014766 -0.08833620420367243
-0.03874162366911495 0.07730855147617977
-0.03874162366911495 -0.07730855147617977
-0.08788958242478542 0.0
0.08241530054247276 0.008550393326660983
0.08241530054247276 -0.008550393326660983
0.02352837850155061 0.07935048806791539
0.02352837850155061 -0.07935048806791539
0.01995817312128344 0.0804099665074872
0.01995817312128344 -0.0804099665074872
0.06274800784139015 0.04185125227894002
0.06274800784139015 -0.04185125227894002
0.06139812306142972 0.03001245703606396
0.06139812306142972 -0.03001245703606396
-0.04012981424284971 0.06419208664596188
-0.04012981424284971 -0.06419208664596188
-0.05980838805153928 0.0444185423408643
-0.05980838805153928 -0.0444185423408643
-0.08043948843166934 0.010887316362120108
-0.08043948843166934 -0.010887316362120108
-0.0733690779242177 0.0
-0.0047803090772321425 0.07152415614543267
-0.0047803090772321425 -0.07152415614543267
0.04199324234756683 0.04891708731673885
0.04199324234756683 -0.04891708731673885
-0.06379768178008693 0.025808367411010377
-0.06379768178008693 -0.025808367411010377
0.03726305036003368 0.04632001597643307
0.03726305036003368 -0.04632001597643307
-0.0392257067272308 0.043809815473657934
-0.0392257067272308 -0.043809815473657934
-0.012970391905165678 0.05703232827325836
-0.012970391905165678 -0.05703232827325836
-0.021817441208369343 0.052409392417615365
-0.021817441208369343 -0.052409392417615365
-0.031894029632203065 0.04394406409549569
-0.031894029632203065 -0.04394406409549569
0.010042407231535544 0.05069550066744153
0.010042407231535544 -0.05069550066744153
-0.05369178766875287 0.028095860931910317
-0.05369178766875287 -0.028095860931910317
-0.055671989908078284 0.009632378775313566
-0.055671989908078284 -0.009632378775313566
0.03019015686507083 0.03679196019315262
0.03019015686507083 -0.03679196019315262
0.04803341559456493 0.012958534199904606
0.04803341559456493 -0.012958534199904606
0.050920582183225205 0.005399956912173219
0.050920582183225205 -0.005399956912173219
-0.05867876986539027 0.0
-0.011912672512822488 0.042044766652287596
-0.011912672512822488 -0.042044766652287596
-0.04306035289815423 0.0
0.029954148714456598 0.025710469985248986
0.029954148714456598 -0.025710469985248986
0.001221063237580573 0.037771059149507936
0.001221063237580573 -0.037771059149507936
0.03826935096139607 0.0
-0.03597688752569366 0.0
0.020699671702863583 0.008471833382423062
0.020699671702863583 -0.008471833382423062
0.015107701048559607 0.0
-0.026732235124653045 0.0218358627872468
-0.026732235124653045 -0.0218358627872468
-0.0005535012771244515 0.02308914312234764
-0.0005535012771244515 -0.02308914312234764
-0.0037744772541117547 0.009506485527039444
-0.0037744772541117547 -0.009506485527039444
0.005760326658162295 0.0
-0.014848826066134434 0.0
