0.26516621134622853 1.3868355624795956
0.26516621134622853 -1.3868355624795956
0.8262333747283626 0.7113993011034578
0.8262333747283626 -0.7113993011034578
1.0545619890307605 0.05004880828075987
1.0545619890307605 -0.05004880828075987
0.5604971694625864 0.8889114474718971
0.5604971694625864 -0.8889114474718971
1.0284476530812081 0.14863822203354743
1.0284476530812081 -0.14863822203354743
0.7329858634825173 0.7102416379439025
0.7329858634825173 -0.7102416379439025
-1.0539313980292773 0.0
-1.0358519922264886 0.23827435981954376
-1.0358519922264886 -0.23827435981954376
0.7297859168421794 0.6759320108018481
0.7297859168421794 -0.6759320108018481
0.8541477931088419 0.5056708492340378
0.8541477931088419 -0.5056708492340378
0.9795529843112283 0.2189282450438209
0.9795529843112283 -0.2189282450438209
0.5137248943678032 0.8626250963235755
0.5137248943678032 -0.8626250963235755
0.8463118579258946 0.4822929055988597
0.8463118579258946 -0.4822929055988597
0.9056349978468166 0.3760978561778793
0.9056349978468166 -0.3760978561778793
0.9513660099910732 0.2637806083182406
0.9513660099910732 -0.2637806083182406
0.6773363770685583 0.7010554856885112
0.6773363770685583 -0.7010554856885112
-0.0328816973624885 1.037576515038655
-0.0328816973624885 -1.037576515038655
0.6313176489240191 0.7373469442603837
0.6313176489240191 -0.7373469442603837
-0.7963369987291017 0.6879694866993558
-0.7963369987291017 -0.6879694866993558
0.4017155928586247 0.9153436034651082
0.4017155928586247 -0.9153436034651082
0.32934115620011967 0.9497272048052837
0.32934115620011967 -0.9497272048052837
-0.382059805409664 0.9427171019027452
-0.382059805409664 -0.9427171019027452
-0.5233289566555877 0.8768811524687397
-0.5233289566555877 -0.8768811524687397
-1.022173998195515 0.03768925857966311
-1.022173998195515 -0.03768925857966311
-0.16526037382109776 0.9863139939078122
-0.16526037382109776 -0.9863139939078122
-0.9619898637716046 0.32003017765551617
-0.9619898637716046 -0.32003017765551617
0.21906351273349128 0.9679374749785479
0.21906351273349128 -0.9679374749785479
-0.6929220033721954 0.7173951977384614
-0.6929220033721954 -0.7173951977384614
-0.5126385947971991 0.8498395908517402
-0.5126385947971991 -0.8498395908517402
-0.7107456412357969 0.6943245869791984
-0.7107456412357969 -0.6943245869791984
-0.874448741433827 0.4879968467283571
-0.874448741433827 -0.4879968467283571
0.09771794260718 0.9792798061905804
0.09771794260718 -0.9792798061905804
-0.46088913187927216 0.8561258581419372
-0.46088913187927216 -0.8561258581419372
-0.7737090930372517 0.6018171746299003
-0.7737090930372517 -0.6018171746299003
-0.8164850435553206 0.5450166100073214
-0.8164850435553206 -0.5450166100073214
0.15367213093591034 0.9582863240450202
0.15367213093591034 -0.9582863240450202
0.31905518210186223 0.9138657766312451
0.31905518210186223 -0.9138657766312451
-0.5724560285477553 0.7756785246547182
-0.5724560285477553 -0.7756785246547182
-0.8808668437197769 0.4150421682804049
-0.8808668437197769 -0.4150421682804049
-0.7197470189072696 0.6153852395642212
-0.7197470189072696 -0.6153852395642212
-0.9202306924524418 0.32555293289353276
-0.9202306924524418 -0.32555293289353276
-0.6549862001095701 0.6750009643720967
-0.6549862001095701 -0.6750009643720967
-0.6085229221532639 0.7127928867523882
-0.6085229221532639 -0.7127928867523882
-0.8393910861483291 0.45386238361775993
-0.8393910861483291 -0.45386238361775993
0.4615074061787068 0.8402761577958272
0.4615074061787068 -0.8402761577958272
-0.2429966674144564 0.9488315609216359
-0.2429966674144564 -0.9488315609216359
0.21392875043496512 0.9372659457500784
0.21392875043496512 -0.9372659457500784
0.37928850028356087 0.8780920902096083
0.37928850028356087 -0.8780920902096083
0.5713166511163225 0.7512313802717788
0.5713166511163225 -0.7512313802717788
-0.11242384083549155 0.9582811653562272
-0.11242384083549155 -0.9582811653562272
-0.6720925380984233 0.6574730243585787
-0.6720925380984233 -0.6574730243585787
0.5276760964373722 0.7763155028056683
0.5276760964373722 -0.7763155028056683
-0.4623385609538936 0.8277212476160438
-0.4623385609538936 -0.8277212476160438
-0.5552005764928325 0.74494263213282
-0.5552005764928325 -0.74494263213282
0.8712676734604314 0.37681704442962055
0.8712676734604314 -0.37681704442962055
0.806016549571336 0.4774728765429931
0.806016549571336 -0.4774728765429931
0.8345197597839225 0.4334623897386838
0.8345197597839225 -0.4334623897386838
-0.39595933212206325 0.8596426721042981
-0.39595933212206325 -0.8596426721042981
-0.7053578237586327 0.6047282941464616
-0.7053578237586327 -0.6047282941464616
0.66702267401079 0.6389876851840194
0.66702267401079 -0.6389876851840194
-0.3278127968330783 0.8914226651153435
-0.3278127968330783 -0.8914226651153435
0.9414439480150869 0.16865866171354668
0.9414439480150869 -0.16865866171354668
0.5846464659912269 0.7113586021069378
0.5846464659912269 -0.7113586021069378
0.4261124703781812 0.8335792389694845
0.4261124703781812 -0.8335792389694845
0.7151986135140136 0.5797329927494848
0.7151986135140136 -0.5797329927494848
0.1084669124178438 0.9465066577684947
0.1084669124178438 -0.9465066577684947
-0.07814910771111513 0.9506466202243661
-0.07814910771111513 -0.9506466202243661
-0.9461462783097712 0.16217475278559865
-0.9461462783097712 -0.16217475278559865
-0.9548226582422346 0.07744419738411856
-0.9548226582422346 -0.07744419738411856
0.7057037690390178 0.585177616474183
0.7057037690390178 -0.585177616474183
-0.7827557351224446 0.4925219998939943
-0.7827557351224446 -0.4925219998939943
-0.26547194197356333 0.9127401511084415
-0.26547194197356333 -0.9127401511084415
-0.6464493109006391 0.6519775502183295
-0.6464493109006391 -0.6519775502183295
-0.8680714072871255 0.3726286513266873
-0.8680714072871255 -0.3726286513266873
-0.5515125933383989 0.7139634966599268
-0.5515125933383989 -0.7139634966599268
0.9481029583275917 0.043443572419052
0.9481029583275917 -0.043443572419052
0.9025781495516497 0.28449363066848893
0.9025781495516497 -0.28449363066848893
0.7349138348760655 0.5374896404982479
0.7349138348760655 -0.5374896404982479
-0.7281742919762022 0.5294688434071491
-0.7281742919762022 -0.5294688434071491
-0.9246358360238718 0.19642149055137745
-0.9246358360238718 -0.19642149055137745
-0.41538969872944387 0.8234547608854703
-0.41538969872944387 -0.8234547608854703
-0.9151766784200448 0.21115206280710716
-0.9151766784200448 -0.21115206280710716
-0.9334792482813594 0.02022215207569806
-0.9334792482813594 -0.02022215207569806
-0.8753658705517846 0.28390067840149436
-0.8753658705517846 -0.28390067840149436
-0.7886213318592449 0.4308504200710892
-0.7886213318592449 -0.4308504200710892
0.4331820471550544 0.8104399745095897
0.4331820471550544 -0.8104399745095897
0.07571418354022902 0.927974396577076
0.07571418354022902 -0.927974396577076
0.3873376421571496 0.834117648186284
0.3873376421571496 -0.834117648186284
0.25086175728958965 0.8883942995721642
0.25086175728958965 -0.8883942995721642
-0.16937051381881307 0.9184080015113896
-0.16937051381881307 -0.9184080015113896
-0.2749415975279719 0.8891877864237079
-0.2749415975279719 -0.8891877864237079
0.9107430923866922 0.19150486337063563
0.9107430923866922 -0.19150486337063563
-0.22336010718505567 0.8996480494217224
-0.22336010718505567 -0.8996480494217224
0.7926867126347805 0.4308733864678569
0.7926867126347805 -0.4308733864678569
0.9242077204120991 0.007140875534476625
0.9242077204120991 -0.007140875534476625
0.5737727805129142 0.673071667199974
0.5737727805129142 -0.673071667199974
0.8864814587438947 0.25569257904214737
0.8864814587438947 -0.25569257904214737
0.3038795324626988 0.8678674878418212
0.3038795324626988 -0.8678674878418212
0.8545082954809833 0.32503117347182253
0.8545082954809833 -0.32503117347182253
-0.41627565067168665 0.7864922413449914
-0.41627565067168665 -0.7864922413449914
-0.0053385826831787025 0.919101505922686
-0.0053385826831787025 -0.919101505922686
-0.16070648118926892 0.9088324919689569
-0.16070648118926892 -0.9088324919689569
-0.28893832828338506 0.8725005482012737
-0.28893832828338506 -0.8725005482012737
0.6594247917988258 0.5717702965591901
0.6594247917988258 -0.5717702965591901
-0.8911166579129138 0.21002902137414775
-0.8911166579129138 -0.21002902137414775
-0.9135467068604848 0.06929194275309972
-0.9135467068604848 -0.06929194275309972
-0.5937178502011718 0.6138751498594051
-0.5937178502011718 -0.6138751498594051
0.608624700595743 0.6194840868686441
0.608624700595743 -0.6194840868686441
-0.5338751692410907 0.6733696629209385
-0.5338751692410907 -0.6733696629209385
0.029017456228794286 0.9124412735113491
0.029017456228794286 -0.9124412735113491
0.257553309340139 0.8684026006734922
0.257553309340139 -0.8684026006734922
0.11410747706933255 0.9022708203441752
0.11410747706933255 -0.9022708203441752
0.7362479745132555 0.47210909225144715
0.7362479745132555 -0.47210909225144715
0.9029443064568485 0.10893185653956268
0.9029443064568485 -0.10893185653956268
-0.0740331894414426 0.906592426416215
-0.0740331894414426 -0.906592426416215
0.802770516899372 0.39497343108104443
0.802770516899372 -0.39497343108104443
-0.3462427695644883 0.8326910569212735
-0.3462427695644883 -0.8326910569212735
-0.8664618001958466 0.24230566968159603
-0.8664618001958466 -0.24230566968159603
-0.889690035391453 0.0
-0.7924461463246976 0.3860145567669795
-0.7924461463246976 -0.3860145567669795
-0.807464136538073 0.3587217445220071
-0.807464136538073 -0.3587217445220071
0.3832088159547197 0.7815030113239063
0.3832088159547197 -0.7815030113239063
-0.7139669552701653 0.48559861198476184
-0.7139669552701653 -0.48559861198476184
0.4744809991325755 0.7167344913742888
0.4744809991325755 -0.7167344913742888
0.8916532433507331 0.08079095453853996
0.8916532433507331 -0.08079095453853996
-0.32511438477374266 0.816567998286693
-0.32511438477374266 -0.816567998286693
0.8631404185928002 0.19616494863665696
0.8631404185928002 -0.19616494863665696
-0.82835696747836 0.3039500438153285
-0.82835696747836 -0.3039500438153285
0.718695697640382 0.4767617699401646
0.718695697640382 -0.4767617699401646
0.8731386270619352 0.14861666033006043
0.8731386270619352 -0.14861666033006043
-0.4857082102585548 0.6929939619817516
-0.4857082102585548 -0.6929939619817516
-0.8358819279223076 0.2546448093507899
-0.8358819279223076 -0.2546448093507899
0.42993649796116906 0.7438723955827751
0.42993649796116906 -0.7438723955827751
0.12678078095578937 0.8461252156518411
0.12678078095578937 -0.8461252156518411
-0.641220042337481 0.5486284959109007
-0.641220042337481 -0.5486284959109007
0.39064362387494983 0.7569734827083124
0.39064362387494983 -0.7569734827083124
0.8693555501403524 0.043373771641888714
0.8693555501403524 -0.043373771641888714
0.8139744176572815 0.26679417775920583
0.8139744176572815 -0.26679417775920583
-0.7638244164053394 0.37471161620345567
-0.7638244164053394 -0.37471161620345567
-0.22020778028918608 0.8323949739585377
-0.22020778028918608 -0.8323949739585377
-0.8573620031965956 0.10190052768067548
-0.8573620031965956 -0.10190052768067548
-0.4332905129318639 0.7221800864503578
-0.4332905129318639 -0.7221800864503578
0.512774403299123 0.6471356297956206
0.512774403299123 -0.6471356297956206
-0.5083109319640142 0.6546115522104092
-0.5083109319640142 -0.6546115522104092
-0.664071379469993 0.5019364822067747
-0.664071379469993 -0.5019364822067747
0.803839325489792 0.2786462540595183
0.803839325489792 -0.2786462540595183
0.7439276703376803 0.3910532514849215
0.7439276703376803 -0.3910532514849215
0.7927190653039884 0.2994966097745145
0.7927190653039884 -0.2994966097745145
-0.7228347963540716 0.42298277632155623
-0.7228347963540716 -0.42298277632155623
-0.38856885960443205 0.7411294745605981
-0.38856885960443205 -0.7411294745605981
-0.5750975625832159 0.5800952412796018
-0.5750975625832159 -0.5800952412796018
-0.02931473215586787 0.8555684216518267
-0.02931473215586787 -0.8555684216518267
0.06318079363839926 0.8493593386964882
0.06318079363839926 -0.8493593386964882
0.04104351316950834 0.842749958214261
0.04104351316950834 -0.842749958214261
0.27604180975821563 0.7941657910451804
0.27604180975821563 -0.7941657910451804
0.4748856861656206 0.6722836666062498
0.4748856861656206 -0.6722836666062498
0.718543265124609 0.4204171195600594
0.718543265124609 -0.4204171195600594
0.6401360537849352 0.5139197511997231
0.6401360537849352 -0.5139197511997231
0.5570496677051803 0.5911825637180159
0.5570496677051803 -0.5911825637180159
0.5786091842970942 0.57151933074732
0.5786091842970942 -0.57151933074732
0.4830158557735419 0.6514994501376263
0.4830158557735419 -0.6514994501376263
-0.8318274321180158 0.0
-0.8179414612251441 0.16910450896907725
-0.8179414612251441 -0.16910450896907725
-0.2696544887343718 0.7853866101551422
-0.2696544887343718 -0.7853866101551422
-0.804871465068043 0.22226327407300292
-0.804871465068043 -0.22226327407300292
-0.11513036168880894 0.8248066961419617
-0.11513036168880894 -0.8248066961419617
-0.1784617926462676 0.8085771221540888
-0.1784617926462676 -0.8085771221540888
0.8154271707679119 0.184111791675059
0.8154271707679119 -0.184111791675059
0.2212288214813494 0.7988930943978322
0.2212288214813494 -0.7988930943978322
-0.6069815884051684 0.5081999396079065
-0.6069815884051684 -0.5081999396079065
0.45065396538284114 0.6596276915836827
0.45065396538284114 -0.6596276915836827
-0.7398311902272698 0.3541037530072113
-0.7398311902272698 -0.3541037530072113
0.8034299265300342 0.20636484733189617
0.8034299265300342 -0.20636484733189617
0.2787728732490414 0.7708630254056372
0.2787728732490414 -0.7708630254056372
-0.07290186751005592 0.8203131865174742
-0.07290186751005592 -0.8203131865174742
-0.7529741573552504 0.29980952322131377
-0.7529741573552504 -0.29980952322131377
-0.2930182159200847 0.7556896930532743
-0.2930182159200847 -0.7556896930532743
-0.812291916145007 0.07458737718568964
-0.812291916145007 -0.07458737718568964
-0.03759386507447787 0.8192086604152244
-0.03759386507447787 -0.8192086604152244
-0.8066368964955042 0.0
0.02604294139582014 0.8128263867287973
0.02604294139582014 -0.8128263867287973
0.811015802698691 0.13797122064922068
0.811015802698691 -0.13797122064922068
-0.7792899395839618 0.17883940132048098
-0.7792899395839618 -0.17883940132048098
-0.3256955639966182 0.7185738222682959
-0.3256955639966182 -0.7185738222682959
0.8149098187655587 0.01389816384817123
0.8149098187655587 -0.01389816384817123
0.38116285633688396 0.6899531247346963
0.38116285633688396 -0.6899531247346963
0.6898256026302372 0.40948823930204414
0.6898256026302372 -0.40948823930204414
0.2337458044964431 0.7611219768529689
0.2337458044964431 -0.7611219768529689
0.7537072086668526 0.27266030906598265
0.7537072086668526 -0.27266030906598265
0.6298297929517753 0.47028031959058014
0.6298297929517753 -0.47028031959058014
-0.21627546555773117 0.7655739890300514
-0.21627546555773117 -0.7655739890300514
0.6437631679050355 0.44868795059001393
0.6437631679050355 -0.44868795059001393
0.7242414299285004 0.31846566132459614
0.7242414299285004 -0.31846566132459614
0.06874303764680065 0.7909477797996646
0.06874303764680065 -0.7909477797996646
-0.7948173522545539 0.058649223382868564
-0.7948173522545539 -0.058649223382868564
-0.20656622930470703 0.7592615340258112
-0.20656622930470703 -0.7592615340258112
-0.643569563889816 0.4295529306846656
-0.643569563889816 -0.4295529306846656
-0.43405031140959627 0.6310165237394673
-0.43405031140959627 -0.6310165237394673
-0.7450312748697971 0.23228612416819105
-0.7450312748697971 -0.23228612416819105
0.31346223533398426 0.714118655200324
0.31346223533398426 -0.714118655200324
0.41241700096575123 0.6544335598718476
0.41241700096575123 -0.6544335598718476
0.7703488602713805 0.04347729509385356
0.7703488602713805 -0.04347729509385356
-0.7265258761988502 0.27314674562937286
-0.7265258761988502 -0.27314674562937286
-0.7498861412952877 0.20210695626921538
-0.7498861412952877 -0.20210695626921538
-0.46652881173915806 0.5933780139749708
-0.46652881173915806 -0.5933780139749708
-0.3693958785686566 0.6629276044339818
-0.3693958785686566 -0.6629276044339818
-0.10640258309327477 0.758796377314591
-0.10640258309327477 -0.758796377314591
0.12010745114004343 0.7620671720261714
0.12010745114004343 -0.7620671720261714
0.30477223320417945 0.7044929733729327
0.30477223320417945 -0.7044929733729327
0.5535312207755403 0.5169083348355912
0.5535312207755403 -0.5169083348355912
0.5727067082938704 0.4945754559700284
0.5727067082938704 -0.4945754559700284
-0.4157192570637337 0.6224609167094417
-0.4157192570637337 -0.6224609167094417
0.4646800646257015 0.5749927506334617
0.4646800646257015 -0.5749927506334617
-0.7698217538333516 0.08583888687436791
-0.7698217538333516 -0.08583888687436791
0.4930343219226072 0.5692805189717791
0.4930343219226072 -0.5692805189717791
0.15637803657098015 0.7488714773981601
0.15637803657098015 -0.7488714773981601
0.10033056951727762 0.7578786128405441
0.10033056951727762 -0.7578786128405441
-0.3369709189360365 0.6674897576801448
-0.3369709189360365 -0.6674897576801448
-0.4876439580819003 0.558541764541066
-0.4876439580819003 -0.558541764541066
-0.614261558068696 0.4217623768939651
-0.614261558068696 -0.4217623768939651
-0.562418806545419 0.4805621017225711
-0.562418806545419 -0.4805621017225711
-0.7557573946829588 0.15653152360434222
-0.7557573946829588 -0.15653152360434222
-0.5394685127920936 0.49538993012147414
-0.5394685127920936 -0.49538993012147414
-0.43630992341263514 0.5869727758184213
-0.43630992341263514 -0.5869727758184213
-0.06233107065446242 0.7537578071704766
-0.06233107065446242 -0.7537578071704766
0.42662319471384313 0.5934700275194401
0.42662319471384313 -0.5934700275194401
0.6686055131914237 0.32888687061210625
0.6686055131914237 -0.32888687061210625
0.7521214203259932 0.0923560733909255
0.7521214203259932 -0.0923560733909255
0.19336128504547367 0.7280569180915142
0.19336128504547367 -0.7280569180915142
0.7607320184451191 0.006639004099333258
0.7607320184451191 -0.006639004099333258
-0.6557414930680112 0.33982112941548154
-0.6557414930680112 -0.33982112941548154
0.7043017141167458 0.23686690060176954
0.7043017141167458 -0.23686690060176954
0.5116500973576911 0.49000697835112705
0.5116500973576911 -0.49000697835112705
0.7468520830088741 0.05718657246193649
0.7468520830088741 -0.05718657246193649
0.34705462538103304 0.6499157296538612
0.34705462538103304 -0.6499157296538612
-0.14434598517710098 0.7249313586140159
-0.14434598517710098 -0.7249313586140159
-0.09850877690544735 0.7338847029121098
-0.09850877690544735 -0.7338847029121098
-0.3229217296368061 0.6473939575573829
-0.3229217296368061 -0.6473939575573829
0.06603327420016748 0.728774505127886
0.06603327420016748 -0.728774505127886
-0.02328529640894368 0.7283197460346577
-0.02328529640894368 -0.7283197460346577
-0.609921389035408 0.3821761510043417
-0.609921389035408 -0.3821761510043417
-0.7073970410654262 0.17997015156631818
-0.7073970410654262 -0.17997015156631818
-0.2580586491932704 0.6691559965727634
-0.2580586491932704 -0.6691559965727634
-0.732490432576995 0.0
-0.7261296642050207 0.0
0.7068736070079273 0.1737982899896074
0.7068736070079273 -0.1737982899896074
-0.4287878170568543 0.5587399538835573
-0.4287878170568543 -0.5587399538835573
-0.5707364339001064 0.41410087698750125
-0.5707364339001064 -0.41410087698750125
0.5304027305967529 0.46395876987322493
0.5304027305967529 -0.46395876987322493
-0.529221660228679 0.45985979038868546
-0.529221660228679 -0.45985979038868546
0.6191037457738358 0.3328706608870093
0.6191037457738358 -0.3328706608870093
-0.47460065367076376 0.5066024180637513
-0.47460065367076376 -0.5066024180637513
0.5743410880096328 0.3984005915803887
0.5743410880096328 -0.3984005915803887
0.6543188129503372 0.26400823038654864
0.6543188129503372 -0.26400823038654864
0.26314894108267073 0.6524705746657993
0.26314894108267073 -0.6524705746657993
0.598648924781837 0.35284034878629117
0.598648924781837 -0.35284034878629117
-0.6467586575940574 0.2757422134141548
-0.6467586575940574 -0.2757422134141548
0.6652616984498824 0.225942990047587
0.6652616984498824 -0.225942990047587
-0.5491810401241919 0.38765791891057616
-0.5491810401241919 -0.38765791891057616
-0.48088901347414725 0.4584983054154953
-0.48088901347414725 -0.4584983054154953
-0.41264590186277095 0.5198861230890572
-0.41264590186277095 -0.5198861230890572
0.2917866564993564 0.6303928154652376
0.2917866564993564 -0.6303928154652376
0.35651438581210515 0.5950904017585645
0.35651438581210515 -0.5950904017585645
0.16859268850657352 0.6820253010510342
0.16859268850657352 -0.6820253010510342
0.05853290927287558 0.7005220334779543
0.05853290927287558 -0.7005220334779543
0.4574635640117282 0.5080447131721448
0.4574635640117282 -0.5080447131721448
0.62453999735601 0.2937651327786853
0.62453999735601 -0.2937651327786853
-0.1964062628983428 0.6622735615086778
-0.1964062628983428 -0.6622735615086778
0.19823672126058162 0.6655688463455646
0.19823672126058162 -0.6655688463455646
0.5546589776651611 0.38105906741414924
0.5546589776651611 -0.38105906741414924
0.6812386636102274 0.1278809101955751
0.6812386636102274 -0.1278809101955751
0.6839612286967967 0.07726757354386346
0.6839612286967967 -0.07726757354386346
-0.1248099830076786 0.674380356905555
-0.1248099830076786 -0.674380356905555
0.2570183725434997 0.6287736193887898
0.2570183725434997 -0.6287736193887898
0.6560654094167653 0.0188799785944974
0.6560654094167653 -0.0188799785944974
0.6097483734080609 0.22689464988529823
0.6097483734080609 -0.22689464988529823
-0.061964847859079415 0.6706579498885489
-0.061964847859079415 -0.6706579498885489
0.12330319260281006 0.6563977795695063
0.12330319260281006 -0.6563977795695063
0.48427323614799345 0.4278705674964984
0.48427323614799345 -0.4278705674964984
0.3492827854387251 0.5559350474768778
0.3492827854387251 -0.5559350474768778
-0.6524601792032887 0.2064986703951774
-0.6524601792032887 -0.2064986703951774
-0.21290152894247608 0.6179116508821344
-0.21290152894247608 -0.6179116508821344
-0.675188562914335 0.07692833775641045
-0.675188562914335 -0.07692833775641045
-0.5799646040874858 0.3167775096106243
-0.5799646040874858 -0.3167775096106243
-0.32587875107676967 0.5582565421847566
-0.32587875107676967 -0.5582565421847566
-0.5046090029376575 0.40634065118197527
-0.5046090029376575 -0.40634065118197527
-0.3123776495979207 0.5648049286193076
-0.3123776495979207 -0.5648049286193076
-0.5490656057419802 0.35000196343947027
-0.5490656057419802 -0.35000196343947027
-0.6582643572894602 0.14496416670608112
-0.6582643572894602 -0.14496416670608112
0.4337403751607837 0.47681932758567575
0.4337403751607837 -0.47681932758567575
-0.6627694097471839 0.032334256671275374
-0.6627694097471839 -0.032334256671275374
0.3806667954427263 0.5222520094994056
0.3806667954427263 -0.5222520094994056
0.2819234887954112 0.580779642814057
0.2819234887954112 -0.580779642814057
-0.5826811559076208 0.2726988813919302
-0.5826811559076208 -0.2726988813919302
-0.6387194399055831 0.15754712470422436
-0.6387194399055831 -0.15754712470422436
-0.618143882383567 0.20844396361824633
-0.618143882383567 -0.20844396361824633
0.02366519181116173 0.655620009037632
0.02366519181116173 -0.655620009037632
-0.12658359545256753 0.6447691238343475
-0.12658359545256753 -0.6447691238343475
0.5905107588072633 0.2618446451074708
0.5905107588072633 -0.2618446451074708
0.6448665993249945 0.09140649748385526
0.6448665993249945 -0.09140649748385526
-0.3427809971960979 0.530630810575507
-0.3427809971960979 -0.530630810575507
-0.4788216146234983 0.3980813729505936
-0.4788216146234983 -0.3980813729505936
0.07211888377968481 0.6399627854854734
0.07211888377968481 -0.6399627854854734
0.4787414045207151 0.39657469328505046
0.4787414045207151 -0.39657469328505046
0.3396286712259005 0.5120749587171232
0.3396286712259005 -0.5120749587171232
-0.6369257752900803 0.0
-0.40416899329702466 0.4496289812399546
-0.40416899329702466 -0.4496289812399546
-0.5149210680414693 0.32712321525476507
-0.5149210680414693 -0.32712321525476507
0.6117200044386013 0.16744587848349812
0.6117200044386013 -0.16744587848349812
-0.6308221749578278 0.092454509458717
-0.6308221749578278 -0.092454509458717
0.4898455966052624 0.3497639856144708
0.4898455966052624 -0.3497639856144708
0.6329358417443307 0.040357051857645744
0.6329358417443307 -0.040357051857645744
-0.2502361320270405 0.5686497586380261
-0.2502361320270405 -0.5686497586380261
-0.6145592785316756 0.09395407629254471
-0.6145592785316756 -0.09395407629254471
-0.60549661714842 0.16177031643926515
-0.60549661714842 -0.16177031643926515
-0.6050059386860859 0.051736625992205625
-0.6050059386860859 -0.051736625992205625
-0.35641770761624547 0.471861283224413
-0.35641770761624547 -0.471861283224413
-0.4272384514685847 0.3929402788014884
-0.4272384514685847 -0.3929402788014884
-0.013437223693940915 0.6261081916324709
-0.013437223693940915 -0.6261081916324709
0.16220196954494748 0.5974352493457249
0.16220196954494748 -0.5974352493457249
-0.15134320701872997 0.590830090840278
-0.15134320701872997 -0.590830090840278
0.11219551965634234 0.6092423512889624
0.11219551965634234 -0.6092423512889624
-0.20261150787722654 0.5505015918920583
-0.20261150787722654 -0.5505015918920583
0.2733040727399336 0.5316231805563769
0.2733040727399336 -0.5316231805563769
0.05266730561310476 0.6025645461255389
0.05266730561310476 -0.6025645461255389
0.3773870542919696 0.443795330040216
0.3773870542919696 -0.443795330040216
0.5112272461012022 0.30060283420404715
0.5112272461012022 -0.30060283420404715
0.5822341667335472 0.1461819107702916
0.5822341667335472 -0.1461819107702916
-0.013759777266490816 0.5991579628181593
-0.013759777266490816 -0.5991579628181593
0.5249787644409007 0.26914493023922237
0.5249787644409007 -0.26914493023922237
0.5548754421763723 0.20335081368819172
0.5548754421763723 -0.20335081368819172
0.5975336499516587 0.03862224375210499
0.5975336499516587 -0.03862224375210499
0.4575192881964384 0.34650284641219875
0.4575192881964384 -0.34650284641219875
-0.06705093883384365 0.5885158606536831
-0.06705093883384365 -0.5885158606536831
0.549550975439036 0.1731757660368852
0.549550975439036 -0.1731757660368852
0.2281457997771671 0.5329779946301609
0.2281457997771671 -0.5329779946301609
-0.2651956190671887 0.5079151150706639
-0.2651956190671887 -0.5079151150706639
-0.5733814746082981 0.14278424172933354
-0.5733814746082981 -0.14278424172933354
-0.4540863204986431 0.348124201912884
-0.4540863204986431 -0.348124201912884
-0.5308802057510851 0.21864968138927388
-0.5308802057510851 -0.21864968138927388
-0.4441411620378458 0.35421565989883363
-0.4441411620378458 -0.35421565989883363
-0.3420314280560255 0.4415638685136585
-0.3420314280560255 -0.4415638685136585
0.4653686833987627 0.31481258645044957
0.4653686833987627 -0.31481258645044957
-0.2739339852764303 0.48161195348759955
-0.2739339852764303 -0.48161195348759955
0.1216941251473522 0.5700022200960028
0.1216941251473522 -0.5700022200960028
-0.08989311585131181 0.5694609082550364
-0.08989311585131181 -0.5694609082550364
0.13612692231248738 0.5562622182514261
0.13612692231248738 -0.5562622182514261
0.5629152070336967 0.03327598717006858
0.5629152070336967 -0.03327598717006858
0.41208046721146574 0.34076921540489374
0.41208046721146574 -0.34076921540489374
-0.1573903068865537 0.5416857302448381
-0.1573903068865537 -0.5416857302448381
0.355839408358218 0.39182283542264906
0.355839408358218 -0.39182283542264906
-0.4775389842950176 0.26985252931766024
-0.4775389842950176 -0.26985252931766024
-0.5267441274656963 0.17554399509090193
-0.5267441274656963 -0.17554399509090193
0.5490903979670163 0.0769660119034988
0.5490903979670163 -0.0769660119034988
-0.31998924261420575 0.4272494700248427
-0.31998924261420575 -0.4272494700248427
-0.5350724681709562 0.08389987908688643
-0.5350724681709562 -0.08389987908688643
-0.5398428901370776 0.037141028971240025
-0.5398428901370776 -0.037141028971240025
-0.5426037886012495 0.0
0.5140301458302624 0.17750835689256228
0.5140301458302624 -0.17750835689256228
-0.42265588491715794 0.3025831762587851
-0.42265588491715794 -0.3025831762587851
-0.35864852367381933 0.36306110434401223
-0.35864852367381933 -0.36306110434401223
0.542227754231116 0.0
0.4645364925190636 0.24864646968453505
0.4645364925190636 -0.24864646968453505
0.3302278560412005 0.4167302770161838
0.3302278560412005 -0.4167302770161838
0.06215561861669673 0.5338764303743426
0.06215561861669673 -0.5338764303743426
0.4782589732988752 0.20427592030190614
0.4782589732988752 -0.20427592030190614
-0.031287930809725785 0.5365525645660846
-0.031287930809725785 -0.5365525645660846
0.4343063320379603 0.2734404737915135
0.4343063320379603 -0.2734404737915135
0.3061266850678476 0.4254089059362714
0.3061266850678476 -0.4254089059362714
0.2434724054654211 0.462735572373406
0.2434724054654211 -0.462735572373406
-0.05223512257720776 0.5366143435204439
-0.05223512257720776 -0.5366143435204439
0.2067743428401055 0.4711835038211102
0.2067743428401055 -0.4711835038211102
0.3532454731312543 0.3513455767206792
0.3532454731312543 -0.3513455767206792
0.2631870424091141 0.43005248877001667
0.2631870424091141 -0.43005248877001667
0.028607290023166136 0.5272038685040488
0.028607290023166136 -0.5272038685040488
-0.4390179574933853 0.25286972121873286
-0.4390179574933853 -0.25286972121873286
-0.10254858144271445 0.5119444910597303
-0.10254858144271445 -0.5119444910597303
0.1413505222414717 0.49840960264610346
0.1413505222414717 -0.49840960264610346
-0.5047940963231123 0.15249084054670256
-0.5047940963231123 -0.15249084054670256
-0.17320014062562006 0.48766825836532357
-0.17320014062562006 -0.48766825836532357
0.5074556061118147 0.0
0.45936638110597405 0.14214012783161128
0.45936638110597405 -0.14214012783161128
0.24481222562676422 0.42249001364277955
0.24481222562676422 -0.42249001364277955
0.37292220084250105 0.28531275046056276
0.37292220084250105 -0.28531275046056276
0.45581783934779974 0.05331844345438019
0.45581783934779974 -0.05331844345438019
0.4181182106951775 0.1985435862274301
0.4181182106951775 -0.1985435862274301
0.2840934218310435 0.3720883530637948
0.2840934218310435 -0.3720883530637948
0.16023916786128817 0.45704007977672767
0.16023916786128817 -0.45704007977672767
0.05521268382604219 0.483963901501605
0.05521268382604219 -0.483963901501605
-0.02489277666189224 0.48980033841681375
-0.02489277666189224 -0.48980033841681375
-0.49665769074263644 0.05251945499272275
-0.49665769074263644 -0.05251945499272275
-0.21023377225467765 0.4492843620166453
-0.21023377225467765 -0.4492843620166453
-0.3837119930042903 0.2920654119147735
-0.3837119930042903 -0.2920654119147735
-0.09784800729289876 0.46680653275574674
-0.09784800729289876 -0.46680653275574674
-0.29283427936972106 0.38230891172792486
-0.29283427936972106 -0.38230891172792486
-0.45715940531764965 0.11270876042624418
-0.45715940531764965 -0.11270876042624418
-0.4419809112094235 0.15731448146599436
-0.4419809112094235 -0.15731448146599436
-0.4272873367918427 0.18835158434716046
-0.4272873367918427 -0.18835158434716046
0.0952427110956551 0.45406000729207585
0.0952427110956551 -0.45406000729207585
-0.385419784444054 0.2472412196486456
-0.385419784444054 -0.2472412196486456
-0.234166747863299 0.39890584688722136
-0.234166747863299 -0.39890584688722136
-0.2783420160892739 0.35561328054089886
-0.2783420160892739 -0.35561328054089886
-0.20163842583221558 0.4097597007992235
-0.20163842583221558 -0.4097597007992235
0.43890279632983004 0.08723903051718339
0.43890279632983004 -0.08723903051718339
0.3427567099775397 0.2754227952977186
0.3427567099775397 -0.2754227952977186
-0.15137417796637878 0.41906891500481447
-0.15137417796637878 -0.41906891500481447
0.1293467443659691 0.41897610894898857
0.1293467443659691 -0.41897610894898857
0.043255553523429406 0.4369345223673889
0.043255553523429406 -0.4369345223673889
0.39664429912436994 0.16965934520960424
0.39664429912436994 -0.16965934520960424
-0.4307382266614244 0.0
-0.4287504232893613 0.039583622461141554
-0.4287504232893613 -0.039583622461141554
0.4142710688373913 0.12130363116503332
0.4142710688373913 -0.12130363116503332
0.2518584889373822 0.3406205774149103
0.2518584889373822 -0.3406205774149103
-0.31798123889884894 0.2722064127564692
-0.31798123889884894 -0.2722064127564692
-0.3745793382792513 0.18697018304836724
-0.3745793382792513 -0.18697018304836724
0.3784105461468708 0.16695584291792454
0.3784105461468708 -0.16695584291792454
0.31412396452215074 0.24750630926721978
0.31412396452215074 -0.24750630926721978
0.16838922319125832 0.38110333239796845
0.16838922319125832 -0.38110333239796845
0.2808618328468477 0.2738471269768928
0.2808618328468477 -0.2738471269768928
-0.28971029032561413 0.2908233122645917
-0.28971029032561413 -0.2908233122645917
-0.2059522035338806 0.35428661431411335
-0.2059522035338806 -0.35428661431411335
0.14032472850752253 0.38512544365734885
0.14032472850752253 -0.38512544365734885
-0.3466057291895258 0.18336252161942174
-0.3466057291895258 -0.18336252161942174
-0.14106816220573626 0.38351469192438387
-0.14106816220573626 -0.38351469192438387
-0.21640878711177203 0.32383885883099733
-0.21640878711177203 -0.32383885883099733
-0.0968639580965581 0.3962140561008675
-0.0968639580965581 -0.3962140561008675
-0.40120149101453173 0.054126683453774166
-0.40120149101453173 -0.054126683453774166
0.01566385162463023 0.4044248107314454
0.01566385162463023 -0.4044248107314454
0.37815801734142884 0.09603864099804447
0.37815801734142884 -0.09603864099804447
0.3887502364188619 0.050999477923479905
0.3887502364188619 -0.050999477923479905
0.18513844458545936 0.3255871763812969
0.18513844458545936 -0.3255871763812969
0.0914856665077781 0.3711787022491006
0.0914856665077781 -0.3711787022491006
0.06138490004679601 0.37374503950520166
0.06138490004679601 -0.37374503950520166
-0.07331596080509392 0.3791919980675257
-0.07331596080509392 -0.3791919980675257
-0.36176552168625076 0.12222524691243666
-0.36176552168625076 -0.12222524691243666
-0.1314014383274249 0.35556741876278997
-0.1314014383274249 -0.35556741876278997
0.369378139923885 0.0
0.31972603818619316 0.16618870706076075
0.31972603818619316 -0.16618870706076075
0.0041875855670049505 0.36687064263799685
0.0041875855670049505 -0.36687064263799685
-0.2338908598911924 0.2775756525512544
-0.2338908598911924 -0.2775756525512544
-0.33915466764492963 0.12723350400205266
-0.33915466764492963 -0.12723350400205266
-0.2655983769152036 0.24266814683571974
-0.2655983769152036 -0.24266814683571974
-0.040390652331843205 0.35430692678695713
-0.040390652331843205 -0.35430692678695713
0.2852761691887052 0.19230568516854346
0.2852761691887052 -0.19230568516854346
0.0652965058836308 0.34431328225783664
0.0652965058836308 -0.34431328225783664
-0.3551268215465383 0.05775282478871805
-0.3551268215465383 -0.05775282478871805
0.20026583082221866 0.2539629258358049
0.20026583082221866 -0.2539629258358049
-0.13693406613900017 0.31175140419584196
-0.13693406613900017 -0.31175140419584196
0.33907130134639296 0.009695592069199952
0.33907130134639296 -0.009695592069199952
0.24366773136939918 0.21696550229705489
0.24366773136939918 -0.21696550229705489
-0.2790976378465394 0.16540297114304736
-0.2790976378465394 -0.16540297114304736
0.3036957051925753 0.09712918928250835
0.3036957051925753 -0.09712918928250835
-0.18689033669435906 0.2681396802519945
-0.18689033669435906 -0.2681396802519945
-0.32999157848769833 0.051011079867306526
-0.32999157848769833 -0.051011079867306526
-0.2539213847493051 0.19474865912509576
-0.2539213847493051 -0.19474865912509576
0.15018904466888566 0.2822267142992884
0.15018904466888566 -0.2822267142992884
-0.3159778547463142 0.0
-0.2991448916530065 0.09317330009448804
-0.2991448916530065 -0.09317330009448804
0.25648464324162074 0.15725034510805197
0.25648464324162074 -0.15725034510805197
-0.1269146165729277 0.2590908786797746
-0.1269146165729277 -0.2590908786797746
0.0727091220946866 0.29727298932811674
0.0727091220946866 -0.29727298932811674
-0.08613232861111247 0.29382379917863843
-0.08613232861111247 -0.29382379917863843
-0.29537934022034845 0.0
0.019350796283239033 0.3065135544114061
0.019350796283239033 -0.3065135544114061
0.2720860442216861 0.05411437230758037
0.2720860442216861 -0.05411437230758037
0.2466557805413413 0.1294223226405317
0.2466557805413413 -0.1294223226405317
0.26287035531660824 0.0
-0.048244337462701375 0.28959033806464035
-0.048244337462701375 -0.28959033806464035
0.1439919824056187 0.2361159006627597
0.1439919824056187 -0.2361159006627597
0.08166743269901497 0.26188126745592544
0.08166743269901497 -0.26188126745592544
-0.22533472452356362 0.14979881455363134
-0.22533472452356362 -0.14979881455363134
0.20345583771771192 0.17820138449463446
0.20345583771771192 -0.17820138449463446
-0.23397471206128023 0.10812878960827593
-0.23397471206128023 -0.10812878960827593
0.16723172071658593 0.20063907959958474
0.16723172071658593 -0.20063907959958474
-0.17745551607210047 0.192270499127055
-0.17745551607210047 -0.192270499127055
-0.10238865109094164 0.24122536832535726
-0.10238865109094164 -0.24122536832535726
-0.2594268000030707 0.0
0.22836101966818212 0.0867719113063821
0.22836101966818212 -0.0867719113063821
0.21408097362113926 0.09971082129828755
0.21408097362113926 -0.09971082129828755
-0.020962007850012503 0.2577696176231004
-0.020962007850012503 -0.2577696176231004
0.008949780842965969 0.25113984111350446
0.008949780842965969 -0.25113984111350446
-0.1744550959296019 0.14950259345307762
-0.1744550959296019 -0.14950259345307762
-0.09670463291732749 0.20632313663993046
-0.09670463291732749 -0.20632313663993046
-0.19430274438501843 0.07585693618886427
-0.19430274438501843 -0.07585693618886427
0.05775439606315251 0.21571203488755158
0.05775439606315251 -0.21571203488755158
0.1537535614138566 0.1481909251517674
0.1537535614138566 -0.1481909251517674
0.23019678561038828 0.0
0.224853881863036 0.0
-0.14256193680176127 0.15044385683355102
-0.14256193680176127 -0.15044385683355102
-0.023090044479192037 0.19887052141718725
-0.023090044479192037 -0.19887052141718725
0.10181864610798491 0.17016182123327717
0.10181864610798491 -0.17016182123327717
0.18140312565949882 0.0
0.11666099977968233 0.1329257093589159
0.11666099977968233 -0.1329257093589159
-0.1821007025535201 0.0
-0.16013331098688738 0.03302745839373784
-0.16013331098688738 -0.03302745839373784
-0.008223744841890633 0.16750072246573497
-0.008223744841890633 -0.16750072246573497
-0.08333981525669182 0.11860297898867779
-0.08333981525669182 -0.11860297898867779
0.14850065567504364 0.04303566203042101
0.14850065567504364 -0.04303566203042101
-0.0005407382653585049 0.14389905816635104
-0.0005407382653585049 -0.14389905816635104
0.1156055076321722 0.06223614358333756
0.1156055076321722 -0.06223614358333756
-0.12511834696026325 0.09777373061848521
-0.12511834696026325 -0.09777373061848521
0.034048121545008275 0.11383535241876133
0.034048121545008275 -0.11383535241876133
-0.01790277440544201 0.10747354261499491
-0.01790277440544201 -0.10747354261499491
0.06074667850895906 0.05767443146353222
0.06074667850895906 -0.05767443146353222
-0.11242978912660931 0.03571091941289652
-0.11242978912660931 -0.03571091941289652
-0.08155600393145043 0.06685100484022798
-0.08155600393145043 -0.06685100484022798
0.08141407066152906 0.013076131052134355
0.08141407066152906 -0.013076131052134355
-0.1020614010810416 0.03631434079075436
-0.1020614010810416 -0.03631434079075436
0.02045440844251767 0.04121213705043172
0.02045440844251767 -0.04121213705043172
-0.055734686617312186 0.0
0.016383242190658738 0.0
