-1.1293749442910754 1.3174067356043553
-1.1293749442910754 -1.3174067356043553
1.1278763244126 0.8159577040754651
1.1278763244126 -0.8159577040754651
1.3756785783914909 0.0
-1.280614573304176 0.0
0.3477024279060186 1.0432213532453039
0.3477024279060186 -1.0432213532453039
0.9897370819518074 0.19071807312676467
0.9897370819518074 -0.19071807312676467
0.9647842822590924 0.26613774759278674
0.9647842822590924 -0.26613774759278674
0.9905193512182173 0.0976237802602482
0.9905193512182173 -0.0976237802602482
-0.25347891716406823 1.0111511040208636
-0.25347891716406823 -1.0111511040208636
0.8734659553871849 0.49556883655413175
0.8734659553871849 -0.49556883655413175
0.9169415457686722 0.39567178702060474
0.9169415457686722 -0.39567178702060474
-0.4320569589850277 0.9361584799086425
-0.4320569589850277 -0.9361584799086425
0.9151261794883342 0.3699725869064472
0.9151261794883342 -0.3699725869064472
0.4379361736070789 0.9067479742204391
0.4379361736070789 -0.9067479742204391
0.8294827710236534 0.550351157432335
0.8294827710236534 -0.550351157432335
0.593045474747075 0.7992830775243583
0.593045474747075 -0.7992830775243583
-0.08722368193029942 1.0095802199633181
-0.08722368193029942 -1.0095802199633181
0.6924031983180378 0.6906534433104962
0.6924031983180378 -0.6906534433104962
-1.0188011000599806 0.04911312290580405
-1.0188011000599806 -0.04911312290580405
0.6347973869416342 0.7387047301131807
0.6347973869416342 -0.7387047301131807
0.018186265772828197 0.9976460643085532
0.018186265772828197 -0.9976460643085532
0.662359779403186 0.6992628235142376
0.662359779403186 -0.6992628235142376
-0.5676159295826851 0.8341370311409176
-0.5676159295826851 -0.8341370311409176
0.7389912396890423 0.597343142907644
0.7389912396890423 -0.597343142907644
0.8069063244322745 0.5119266942554755
0.8069063244322745 -0.5119266942554755
0.33552800554818263 0.9215340403669472
0.33552800554818263 -0.9215340403669472
-0.7265100155179989 0.6993906697927645
-0.7265100155179989 -0.6993906697927645
0.5101610890753303 0.8190870895599176
0.5101610890753303 -0.8190870895599176
-0.9712082495998304 0.2715344271908835
-0.9712082495998304 -0.2715344271908835
-0.8093808527443109 0.5768201791799402
-0.8093808527443109 -0.5768201791799402
0.6194506648268607 0.71505142265019
0.6194506648268607 -0.71505142265019
-0.6487758126782572 0.7413151219121173
-0.6487758126782572 -0.7413151219121173
-0.9415516478000907 0.3154869003547155
-0.9415516478000907 -0.3154869003547155
-0.3269238985125669 0.9318433276110208
-0.3269238985125669 -0.9318433276110208
-0.9712421867523295 0.16350579358683817
-0.9712421867523295 -0.16350579358683817
-0.48013520148493527 0.8438812793386816
-0.48013520148493527 -0.8438812793386816
0.5479492812341935 0.7745981721991212
0.5479492812341935 -0.7745981721991212
-0.7165011748895338 0.6444045712186266
-0.7165011748895338 -0.6444045712186266
-0.6866890931302985 0.6722519157638268
-0.6866890931302985 -0.6722519157638268
-0.8613918966832348 0.44585776338586025
-0.8613918966832348 -0.44585776338586025
-0.8189290946905117 0.5016299017491733
-0.8189290946905117 -0.5016299017491733
-0.41991659759109334 0.8770253266335766
-0.41991659759109334 -0.8770253266335766
0.09128078542702689 0.9785612338632269
0.09128078542702689 -0.9785612338632269
-0.2679973192652657 0.9413035689738998
-0.2679973192652657 -0.9413035689738998
-0.5461406500612365 0.7672501750639885
-0.5461406500612365 -0.7672501750639885
0.7818759561517653 0.5355020220609099
0.7818759561517653 -0.5355020220609099
-0.7203386807359732 0.5988381431942026
-0.7203386807359732 -0.5988381431942026
-0.8949693012368855 0.3737563505462983
-0.8949693012368855 -0.3737563505462983
0.9703127824989934 0.019436702227660647
0.9703127824989934 -0.019436702227660647
0.8607603739762573 0.42664794159826774
0.8607603739762573 -0.42664794159826774
0.8372076907815181 0.46621641618422666
0.8372076907815181 -0.46621641618422666
0.9397366324163713 0.18499935639387272
0.9397366324163713 -0.18499935639387272
-0.06536349077925059 0.9656444142979167
-0.06536349077925059 -0.9656444142979167
0.2011393798687543 0.9392077596923905
0.2011393798687543 -0.9392077596923905
-0.17146155685287026 0.9448588355552118
-0.17146155685287026 -0.9448588355552118
0.13629812566510902 0.947859469267353
0.13629812566510902 -0.947859469267353
0.5640507279348964 0.7401098933531511
0.5640507279348964 -0.7401098933531511
0.31228523226192734 0.8975413476843817
0.31228523226192734 -0.8975413476843817
0.49117653808486217 0.8013596494869647
0.49117653808486217 -0.8013596494869647
-0.8391554473572644 0.4322826990206947
-0.8391554473572644 -0.4322826990206947
-0.7909715454757533 0.4970047866257705
-0.7909715454757533 -0.4970047866257705
0.45838085928362127 0.8196462485254933
0.45838085928362127 -0.8196462485254933
-0.958293860081606 0.05049797594153777
-0.958293860081606 -0.05049797594153777
-0.5716120813663148 0.7353947578669319
-0.5716120813663148 -0.7353947578669319
-0.956148070926466 0.09252655894357276
-0.956148070926466 -0.09252655894357276
-0.9473986498601673 0.0
-0.6524224901902329 0.6436364525797805
-0.6524224901902329 -0.6436364525797805
-0.49819070141645283 0.7783613101870512
-0.49819070141645283 -0.7783613101870512
-0.9367054455342312 0.16371977790936418
-0.9367054455342312 -0.16371977790936418
0.68270141372481 0.6091918426499665
0.68270141372481 -0.6091918426499665
-0.6276076426713109 0.6653836424456633
-0.6276076426713109 -0.6653836424456633
0.42465652024588363 0.8321573951590687
0.42465652024588363 -0.8321573951590687
0.9437168225104396 0.09119463849396257
0.9437168225104396 -0.09119463849396257
-0.41347830083038645 0.8297913099765858
-0.41347830083038645 -0.8297913099765858
-0.7259636973435976 0.5484293078900332
-0.7259636973435976 -0.5484293078900332
0.7089652344121945 0.5717853144192121
0.7089652344121945 -0.5717853144192121
-0.6752943179378956 0.5998216625714032
-0.6752943179378956 -0.5998216625714032
0.9066601966817125 0.25822645482140577
0.9066601966817125 -0.25822645482140577
0.6364532755139009 0.6433269785572631
0.6364532755139009 -0.6433269785572631
0.3819425005581776 0.8536568260515764
0.3819425005581776 -0.8536568260515764
0.4918337959728889 0.7708351660253157
0.4918337959728889 -0.7708351660253157
-0.5578223364779227 0.7068493359950443
-0.5578223364779227 -0.7068493359950443
-0.9097443528582225 0.21571675390443823
-0.9097443528582225 -0.21571675390443823
-0.5844399425581583 0.6796150277957348
-0.5844399425581583 -0.6796150277957348
-0.8415857893112585 0.3781663018031129
-0.8415857893112585 -0.3781663018031129
-0.7500613894975675 0.4889971940148652
-0.7500613894975675 -0.4889971940148652
-0.2027236585582288 0.9131915291563356
-0.2027236585582288 -0.9131915291563356
-0.43783567591391964 0.7997950537690925
-0.43783567591391964 -0.7997950537690925
0.7379345556570904 0.5038618093662768
0.7379345556570904 -0.5038618093662768
0.24968359297782178 0.8949409595746772
0.24968359297782178 -0.8949409595746772
0.22532510073635742 0.9016379248596228
0.22532510073635742 -0.9016379248596228
-0.13992939873636656 0.9177701235739487
-0.13992939873636656 -0.9177701235739487
0.8534460759936224 0.31556775319386765
0.8534460759936224 -0.31556775319386765
0.9082163498557789 0.1080224404989293
0.9082163498557789 -0.1080224404989293
0.8616136516838528 0.3356345083130282
0.8616136516838528 -0.3356345083130282
0.8252023467575367 0.373856532047452
0.8252023467575367 -0.373856532047452
-0.8805681560525371 0.25336080279478024
-0.8805681560525371 -0.25336080279478024
0.019927245661528873 0.9198051482489091
0.019927245661528873 -0.9198051482489091
-0.9050249982295527 0.12739132372962061
-0.9050249982295527 -0.12739132372962061
-0.8457694786073136 0.3281349529498698
-0.8457694786073136 -0.3281349529498698
-0.37210846743297693 0.8234083104665726
-0.37210846743297693 -0.8234083104665726
-0.5046894271332245 0.7227728006129299
-0.5046894271332245 -0.7227728006129299
0.0033946948274256317 0.9144255537252651
0.0033946948274256317 -0.9144255537252651
-0.7301034528918584 0.4953523715596679
-0.7301034528918584 -0.4953523715596679
-0.8656047676703051 0.25400044847638686
-0.8656047676703051 -0.25400044847638686
-0.09420528086845809 0.9063847425382133
-0.09420528086845809 -0.9063847425382133
-0.2899932012795746 0.8550679545761748
-0.2899932012795746 -0.8550679545761748
0.09633285648017319 0.9010861343601597
0.09633285648017319 -0.9010861343601597
0.14944605054792587 0.8909786064946887
0.14944605054792587 -0.8909786064946887
-0.19436720763976612 0.8849067335631967
-0.19436720763976612 -0.8849067335631967
-0.7784032607087767 0.41797857527864046
-0.7784032607087767 -0.41797857527864046
-0.27598952650768604 0.8480070697579128
-0.27598952650768604 -0.8480070697579128
-0.3518290194024768 0.8105581699571464
-0.3518290194024768 -0.8105581699571464
-0.6461217266846218 0.5686246908302323
-0.6461217266846218 -0.5686246908302323
0.5476491956863121 0.6835425839974988
0.5476491956863121 -0.6835425839974988
0.8846261257812477 0.15439449769917143
0.8846261257812477 -0.15439449769917143
0.8936176651138685 0.035194200511858
0.8936176651138685 -0.035194200511858
0.5821639891677226 0.646166759512992
0.5821639891677226 -0.646166759512992
0.6889070926015182 0.5368895641012855
0.6889070926015182 -0.5368895641012855
-0.8869586655553208 0.15158718082621106
-0.8869586655553208 -0.15158718082621106
-0.4283492413987346 0.7384858431769867
-0.4283492413987346 -0.7384858431769867
0.8503612936076597 0.24432967370171776
0.8503612936076597 -0.24432967370171776
-0.8922433293595012 0.03392072829395777
-0.8922433293595012 -0.03392072829395777
0.7668667536218128 0.4058497162638828
0.7668667536218128 -0.4058497162638828
0.03234850807850373 0.886837699984337
0.03234850807850373 -0.886837699984337
-0.4364120385434941 0.7249889373499662
-0.4364120385434941 -0.7249889373499662
-0.5005034335121832 0.6765978592907125
-0.5005034335121832 -0.6765978592907125
-0.6777743087143492 0.4912431202698804
-0.6777743087143492 -0.4912431202698804
0.3414874535556034 0.7979789092214462
0.3414874535556034 -0.7979789092214462
-0.5367243921127518 0.6370463482475709
-0.5367243921127518 -0.6370463482475709
0.5089412491731065 0.67050507698167
0.5089412491731065 -0.67050507698167
0.2330747978820005 0.8410197251725209
0.2330747978820005 -0.8410197251725209
-0.7736862614981854 0.3839610232272083
-0.7736862614981854 -0.3839610232272083
-0.8187782768625929 0.2865063336515895
-0.8187782768625929 -0.2865063336515895
-0.8168471165892173 0.2217399828256879
-0.8168471165892173 -0.2217399828256879
-0.27291371996122116 0.8131121098273698
-0.27291371996122116 -0.8131121098273698
-0.22067710346701275 0.833518364366774
-0.22067710346701275 -0.833518364366774
-0.14826586530478503 0.854733189697814
-0.14826586530478503 -0.854733189697814
0.14460741591840195 0.8601550242100204
0.14460741591840195 -0.8601550242100204
-0.04043565787585197 0.864490131292812
-0.04043565787585197 -0.864490131292812
0.3823473013906812 0.771652643888994
0.3823473013906812 -0.771652643888994
0.10875066814737636 0.8493902554392209
0.10875066814737636 -0.8493902554392209
0.2735406749407172 0.8095998713721467
0.2735406749407172 -0.8095998713721467
0.783433102730723 0.368591702878514
0.783433102730723 -0.368591702878514
0.3648919704281922 0.7709780948172522
0.3648919704281922 -0.7709780948172522
0.8165825101310074 0.2752953955267407
0.8165825101310074 -0.2752953955267407
0.8670052430834404 0.03376708697049148
0.8670052430834404 -0.03376708697049148
0.4266549376316152 0.7221908735319169
0.4266549376316152 -0.7221908735319169
0.8548650127832242 0.14336720773288644
0.8548650127832242 -0.14336720773288644
0.44501136795879126 0.702544695702084
0.44501136795879126 -0.702544695702084
0.6930626136148228 0.4611708614819882
0.6930626136148228 -0.4611708614819882
0.826199558464177 0.20381933848654044
0.826199558464177 -0.20381933848654044
0.6123458735377454 0.5471482177360716
0.6123458735377454 -0.5471482177360716
0.5680726666642922 0.5849878787712949
0.5680726666642922 -0.5849878787712949
0.7170533369562966 0.41639017051794
0.7170533369562966 -0.41639017051794
0.8434757336546203 0.09910789027539604
0.8434757336546203 -0.09910789027539604
0.7878550028865172 0.29336345929367336
0.7878550028865172 -0.29336345929367336
-0.6562372352783525 0.49372925179003013
-0.6562372352783525 -0.49372925179003013
-0.6379160497849217 0.5145914541463716
-0.6379160497849217 -0.5145914541463716
0.512450955687706 0.6155467207444878
0.512450955687706 -0.6155467207444878
-0.8315723379537785 0.15498906729914538
-0.8315723379537785 -0.15498906729914538
-0.2922235631747315 0.7902854736706262
-0.2922235631747315 -0.7902854736706262
-0.7624300671563022 0.33954574179302754
-0.7624300671563022 -0.33954574179302754
-0.004372512178673245 0.8406538287313332
-0.004372512178673245 -0.8406538287313332
-0.5478033125690414 0.5754680614441757
-0.5478033125690414 -0.5754680614441757
0.6105335523784867 0.5139269880575178
0.6105335523784867 -0.5139269880575178
0.5633809751612985 0.557725217554053
0.5633809751612985 -0.557725217554053
0.17813828657581934 0.8135297739223102
0.17813828657581934 -0.8135297739223102
0.3184373792252294 0.7623698988337139
0.3184373792252294 -0.7623698988337139
-0.8100886025984426 0.17097633539869264
-0.8100886025984426 -0.17097633539869264
0.8140004171088954 0.1592208218120622
0.8140004171088954 -0.1592208218120622
0.7217998506077876 0.37692999500371227
0.7217998506077876 -0.37692999500371227
-0.8265320478617921 0.0
-0.821547651227407 0.06403865460980623
-0.821547651227407 -0.06403865460980623
-0.7346696668391406 0.3389218470663117
-0.7346696668391406 -0.3389218470663117
-0.28379152304588917 0.7735993357328109
-0.28379152304588917 -0.7735993357328109
-0.8122774797651988 0.0
-0.06391362569997971 0.8279665984898142
-0.06391362569997971 -0.8279665984898142
0.36796782644360704 0.7248588229874295
0.36796782644360704 -0.7248588229874295
-0.15707537658296628 0.8096329793347261
-0.15707537658296628 -0.8096329793347261
0.8115109937821918 0.09240753588324341
0.8115109937821918 -0.09240753588324341
-0.10159854834880219 0.8134523145784405
-0.10159854834880219 -0.8134523145784405
0.6403570301046839 0.46954191337143697
0.6403570301046839 -0.46954191337143697
-0.5857302152604804 0.514864940749791
-0.5857302152604804 -0.514864940749791
0.6315143857132288 0.4763121291768897
0.6315143857132288 -0.4763121291768897
0.7365559335182852 0.3152389355028442
0.7365559335182852 -0.3152389355028442
-0.22138765990704518 0.7718230864750614
-0.22138765990704518 -0.7718230864750614
0.47098997126603204 0.620858078102623
0.47098997126603204 -0.620858078102623
0.22424871553984882 0.7664726711265183
0.22424871553984882 -0.7664726711265183
0.16262158500250243 0.786018217015105
0.16262158500250243 -0.786018217015105
0.7683508445809444 0.21346377498636715
0.7683508445809444 -0.21346377498636715
-0.39780413407619397 0.681863470735301
-0.39780413407619397 -0.681863470735301
-0.7917255153124626 0.10084556108130739
-0.7917255153124626 -0.10084556108130739
0.050380392180917694 0.7969629257448904
0.050380392180917694 -0.7969629257448904
0.4328520865080405 0.6405507649234846
0.4328520865080405 -0.6405507649234846
0.6920238398773588 0.3474988291946016
0.6920238398773588 -0.3474988291946016
-0.4841884150462399 0.6077182111115633
-0.4841884150462399 -0.6077182111115633
-0.7397177467589731 0.26409228772518445
-0.7397177467589731 -0.26409228772518445
-0.14726571396552596 0.7851491299521695
-0.14726571396552596 -0.7851491299521695
-0.4253741641751845 0.643558338451016
-0.4253741641751845 -0.643558338451016
-0.6810856029575805 0.36916820895952274
-0.6810856029575805 -0.36916820895952274
0.331565684007851 0.7067771382811527
0.331565684007851 -0.7067771382811527
-0.6408334966573488 0.4133289290493456
-0.6408334966573488 -0.4133289290493456
0.5689463038605633 0.4886148569009311
0.5689463038605633 -0.4886148569009311
0.7875476065914928 0.023068763032562774
0.7875476065914928 -0.023068763032562774
0.7517036852494552 0.19846651099842755
0.7517036852494552 -0.19846651099842755
0.5130143201539451 0.5330359697341687
0.5130143201539451 -0.5330359697341687
0.4825727202008968 0.5633108063423157
0.4825727202008968 -0.5633108063423157
0.05499927149591763 0.7827734878642402
0.05499927149591763 -0.7827734878642402
-0.024920995813399294 0.7840586056797217
-0.024920995813399294 -0.7840586056797217
-0.34321533640209656 0.6954422846006784
-0.34321533640209656 -0.6954422846006784
-0.595885030810804 0.4510741531514755
-0.595885030810804 -0.4510741531514755
-0.44365982496374246 0.6040624670543764
-0.44365982496374246 -0.6040624670543764
-0.6825722858524128 0.3544537144218391
-0.6825722858524128 -0.3544537144218391
-0.5533590617544362 0.49036172921316923
-0.5533590617544362 -0.49036172921316923
-0.7805148263311315 0.030544447900243164
-0.7805148263311315 -0.030544447900243164
-0.7552372771621165 0.16734444243767616
-0.7552372771621165 -0.16734444243767616
-0.08312695434369521 0.7684878403841167
-0.08312695434369521 -0.7684878403841167
0.7636038448293061 0.060396467838080795
0.7636038448293061 -0.060396467838080795
0.7542583726218386 0.10914120941440421
0.7542583726218386 -0.10914120941440421
-0.3480018705976313 0.6729571649400307
-0.3480018705976313 -0.6729571649400307
0.3334282830165878 0.6786048762494961
0.3334282830165878 -0.6786048762494961
0.12343757418499035 0.7526548262623954
0.12343757418499035 -0.7526548262623954
0.35323803730034453 0.6579918599852393
0.35323803730034453 -0.6579918599852393
0.6854280551835266 0.2813417402857189
0.6854280551835266 -0.2813417402857189
0.6423374964213866 0.3496729943519098
0.6423374964213866 -0.3496729943519098
0.5814133009959914 0.43860070829523623
0.5814133009959914 -0.43860070829523623
0.15810691380860759 0.7346857914557993
0.15810691380860759 -0.7346857914557993
-0.7405488307459593 0.14590845116106416
-0.7405488307459593 -0.14590845116106416
-0.4812773623317096 0.5560088212676911
-0.4812773623317096 -0.5560088212676911
0.24407104285186484 0.7016073529312962
0.24407104285186484 -0.7016073529312962
-0.4684766652230328 0.5618401671249572
-0.4684766652230328 -0.5618401671249572
0.2756057267428679 0.680615610372907
0.2756057267428679 -0.680615610372907
-0.6399625650865335 0.35069297652731163
-0.6399625650865335 -0.35069297652731163
-0.7432234730107783 0.012179482234403408
-0.7432234730107783 -0.012179482234403408
0.7326754009266964 0.0
-0.29269796570927975 0.6713947710208333
-0.29269796570927975 -0.6713947710208333
0.18698913723075486 0.7097233633639921
0.18698913723075486 -0.7097233633639921
-0.6837337456320933 0.22466402915108155
-0.6837337456320933 -0.22466402915108155
0.7083145067279102 0.1265997917639555
0.7083145067279102 -0.1265997917639555
-0.6024338126777402 0.3800994100310651
-0.6024338126777402 -0.3800994100310651
0.6753590862061725 0.22565411505107313
0.6753590862061725 -0.22565411505107313
-0.05053865921990696 0.7332994059634693
-0.05053865921990696 -0.7332994059634693
0.012190252952428898 0.7293626472693383
0.012190252952428898 -0.7293626472693383
0.49331511605760214 0.49377176485527907
0.49331511605760214 -0.49377176485527907
0.40266715867262803 0.5722738514235118
0.40266715867262803 -0.5722738514235118
-0.15731859517663654 0.7026541901442553
-0.15731859517663654 -0.7026541901442553
-0.5290373904365626 0.4601360932967273
-0.5290373904365626 -0.4601360932967273
0.3165161720332249 0.628587366163656
0.3165161720332249 -0.628587366163656
0.3566462766326688 0.5980602295716011
0.3566462766326688 -0.5980602295716011
0.5740409544630773 0.3756223624100713
0.5740409544630773 -0.3756223624100713
0.549599021246971 0.4164121054446207
0.549599021246971 -0.4164121054446207
-0.07497523092561849 0.7166267438995261
-0.07497523092561849 -0.7166267438995261
-0.7052014470881023 0.11083572586228045
-0.7052014470881023 -0.11083572586228045
-0.6862608436541371 0.17644218690667854
-0.6862608436541371 -0.17644218690667854
-0.46723185171384884 0.5127103119374147
-0.46723185171384884 -0.5127103119374147
-0.35305871074108963 0.6065672976223097
-0.35305871074108963 -0.6065672976223097
-0.5461262865143568 0.4220356062757047
-0.5461262865143568 -0.4220356062757047
0.5294520828535925 0.42027157254052555
0.5294520828535925 -0.42027157254052555
-0.30655750406880644 0.6273994384142296
-0.30655750406880644 -0.6273994384142296
-0.24137239607885422 0.6559039311708728
-0.24137239607885422 -0.6559039311708728
-0.6148813711189682 0.309616541743142
-0.6148813711189682 -0.309616541743142
-0.7000369330035541 0.08062834328853645
-0.7000369330035541 -0.08062834328853645
-0.17878539473674557 0.6800541822427977
-0.17878539473674557 -0.6800541822427977
0.05659135127231424 0.7001055636837231
0.05659135127231424 -0.7001055636837231
0.26659419488290387 0.6398886316533612
0.26659419488290387 -0.6398886316533612
0.14982913695858754 0.6832733258865678
0.14982913695858754 -0.6832733258865678
0.4097806163441342 0.5206732900570953
0.4097806163441342 -0.5206732900570953
0.5059670127360667 0.42365040048798885
0.5059670127360667 -0.42365040048798885
0.6594074166005335 0.2201103853445695
0.6594074166005335 -0.2201103853445695
0.672587554173421 0.17108247108218866
0.672587554173421 -0.17108247108218866
-0.484484931280228 0.4450913180156238
-0.484484931280228 -0.4450913180156238
0.6974422303689982 0.013626997083745826
0.6974422303689982 -0.013626997083745826
0.6291560766105697 0.2694524164047109
0.6291560766105697 -0.2694524164047109
0.6894961628331229 0.04749400838475383
0.6894961628331229 -0.04749400838475383
-0.18733504119920688 0.6634473553985402
-0.18733504119920688 -0.6634473553985402
0.13990681326224821 0.6732909184547432
0.13990681326224821 -0.6732909184547432
0.22285732564772823 0.6444470636977048
0.22285732564772823 -0.6444470636977048
-0.656223921834223 0.20555318407235626
-0.656223921834223 -0.20555318407235626
-0.23787415582038596 0.6394303187168875
-0.23787415582038596 -0.6394303187168875
0.5999461863922133 0.28470692349091564
0.5999461863922133 -0.28470692349091564
-0.6271639600621465 0.25811585454785063
-0.6271639600621465 -0.25811585454785063
-0.30979102641029843 0.6028576505108838
-0.30979102641029843 -0.6028576505108838
0.021978985856084474 0.6819249987363826
0.021978985856084474 -0.6819249987363826
0.36357617340990744 0.5413789793880294
0.36357617340990744 -0.5413789793880294
-0.5915201642665362 0.31279978605940023
-0.5915201642665362 -0.31279978605940023
-0.5617195179001093 0.34729527322726705
-0.5617195179001093 -0.34729527322726705
-0.3884183387823471 0.5316698411495295
-0.3884183387823471 -0.5316698411495295
0.542743694463425 0.3462038387643635
0.542743694463425 -0.3462038387643635
-0.09653576687297094 0.6722343653224155
-0.09653576687297094 -0.6722343653224155
-0.34361671041678865 0.5505511898032546
-0.34361671041678865 -0.5505511898032546
-0.4928857511818433 0.4028754405914314
-0.4928857511818433 -0.4028754405914314
-0.03831980433479781 0.669860666753009
-0.03831980433479781 -0.669860666753009
-0.6595941424368079 0.0363931157603013
-0.6595941424368079 -0.0363931157603013
0.10878424723949479 0.6509298998187982
0.10878424723949479 -0.6509298998187982
0.23926319111719724 0.5989029405473651
0.23926319111719724 -0.5989029405473651
-0.4392728869150022 0.4427693978630931
-0.4392728869150022 -0.4427693978630931
-0.3750220931974021 0.4960986025122546
-0.3750220931974021 -0.4960986025122546
0.5552481636291584 0.31312274249662964
0.5552481636291584 -0.31312274249662964
-0.29145420613092254 0.5580802340779775
-0.29145420613092254 -0.5580802340779775
-0.03121397131986209 0.6358074543116612
-0.03121397131986209 -0.6358074543116612
-0.10598862268374697 0.6293341467657079
-0.10598862268374697 -0.6293341467657079
-0.25792996025815135 0.5724263563796143
-0.25792996025815135 -0.5724263563796143
0.32154453355901735 0.5346948392058072
0.32154453355901735 -0.5346948392058072
0.42032929732588364 0.45605087288751245
0.42032929732588364 -0.45605087288751245
0.6327206391444844 0.10603504375990298
0.6327206391444844 -0.10603504375990298
-0.16411146546577285 0.6109350129949839
-0.16411146546577285 -0.6109350129949839
0.6314073239365434 0.024909756973554933
0.6314073239365434 -0.024909756973554933
0.605290379295726 0.18626757047944878
0.605290379295726 -0.18626757047944878
0.584183022036709 0.22452365666163043
0.584183022036709 -0.22452365666163043
0.6157316735316076 0.13917159561762013
0.6157316735316076 -0.13917159561762013
-0.6429581679357409 0.07927609617748917
-0.6429581679357409 -0.07927609617748917
-0.5258028370932453 0.32576796159847043
-0.5258028370932453 -0.32576796159847043
0.43879842400654906 0.42543411691952193
0.43879842400654906 -0.42543411691952193
-0.5879493170398044 0.2146462589927406
-0.5879493170398044 -0.2146462589927406
-0.6218714098105278 0.09713497434676666
-0.6218714098105278 -0.09713497434676666
-0.6259164628161171 0.04884989999164294
-0.6259164628161171 -0.04884989999164294
0.14836714343461363 0.5979544778736945
0.14836714343461363 -0.5979544778736945
-0.6001122464706466 0.1624036365918295
-0.6001122464706466 -0.1624036365918295
-0.5492875928133125 0.2633495798120295
-0.5492875928133125 -0.2633495798120295
0.5916017381013963 0.18073558886515695
0.5916017381013963 -0.18073558886515695
0.4401343183408648 0.4031146119607994
0.4401343183408648 -0.4031146119607994
-0.6136444365590302 0.0
0.19465745390214928 0.5745987579131744
0.19465745390214928 -0.5745987579131744
0.3516609306026056 0.48446741244784197
0.3516609306026056 -0.48446741244784197
0.07055222845780199 0.6019684549465295
0.07055222845780199 -0.6019684549465295
-0.33819382285644395 0.48992220990726354
-0.33819382285644395 -0.48992220990726354
-0.3852032804591412 0.43813654701199833
-0.3852032804591412 -0.43813654701199833
0.2723868526846092 0.5298849736753224
0.2723868526846092 -0.5298849736753224
0.5219518967516998 0.2716438458330328
0.5219518967516998 -0.2716438458330328
-0.09227068154295959 0.5993644517876461
-0.09227068154295959 -0.5993644517876461
-0.21370239684507125 0.5605258632745499
-0.21370239684507125 -0.5605258632745499
0.5973677123734 0.1066144959238756
0.5973677123734 -0.1066144959238756
0.4628764392785446 0.3547495580661366
0.4628764392785446 -0.3547495580661366
0.4192032512097482 0.39963614727003843
0.4192032512097482 -0.39963614727003843
0.11409857976072627 0.5844938326205354
0.11409857976072627 -0.5844938326205354
-0.580575347332722 0.1554836501227019
-0.580575347332722 -0.1554836501227019
-0.18039007904225635 0.5680036253121634
-0.18039007904225635 -0.5680036253121634
-0.5463527702779005 0.2240858994189638
-0.5463527702779005 -0.2240858994189638
0.31988577816936603 0.45729142097763315
0.31988577816936603 -0.45729142097763315
-0.042981751202551155 0.5939674523313865
-0.042981751202551155 -0.5939674523313865
-0.367177333790386 0.40711037064340894
-0.367177333790386 -0.40711037064340894
0.5875448985104662 0.0
0.5625293200623861 0.0
0.5663214323664911 0.07811167134798273
0.5663214323664911 -0.07811167134798273
0.5206565515829342 0.2402248577183784
0.5206565515829342 -0.2402248577183784
0.24084329381865494 0.5190734551081463
0.24084329381865494 -0.5190734551081463
-0.5678908131656542 0.12039847389741899
-0.5678908131656542 -0.12039847389741899
0.5357671749224606 0.16618362592576827
0.5357671749224606 -0.16618362592576827
0.030647928366026006 0.570462431993369
0.030647928366026006 -0.570462431993369
-0.07260179188984532 0.5655883485875145
-0.07260179188984532 -0.5655883485875145
0.4456941703692072 0.3111700140236569
0.4456941703692072 -0.3111700140236569
0.1704764779202723 0.5269768940211605
0.1704764779202723 -0.5269768940211605
0.3402466388241322 0.42591619784595
0.3402466388241322 -0.42591619784595
-0.32782523487230075 0.44497037516989535
-0.32782523487230075 -0.44497037516989535
0.10287502592600742 0.5418745134426058
0.10287502592600742 -0.5418745134426058
-0.2848368138670909 0.46986005961641614
-0.2848368138670909 -0.46986005961641614
-0.43158062621198673 0.3315188078125659
-0.43158062621198673 -0.3315188078125659
-0.48755525245536446 0.2638340001603185
-0.48755525245536446 -0.2638340001603185
-0.40099375789584535 0.35123477706981315
-0.40099375789584535 -0.35123477706981315
0.29825100274723315 0.4419733244135129
0.29825100274723315 -0.4419733244135129
-0.4833031787794342 0.24668269303401025
-0.4833031787794342 -0.24668269303401025
-0.46618807800564216 0.26085338733223185
-0.46618807800564216 -0.26085338733223185
0.36988511768230026 0.3808621171850827
0.36988511768230026 -0.3808621171850827
-0.5456453295637103 0.0700621976869851
-0.5456453295637103 -0.0700621976869851
-0.2173792905531255 0.4771586210825241
-0.2173792905531255 -0.4771586210825241
-0.2404400795942994 0.4664684912058946
-0.2404400795942994 -0.4664684912058946
0.5295296307260529 0.10359794138668002
0.5295296307260529 -0.10359794138668002
0.5221073406567995 0.1449716142488621
0.5221073406567995 -0.1449716142488621
-0.5427503475608749 0.0
-0.16569710441340102 0.5087773741616518
-0.16569710441340102 -0.5087773741616518
-0.5076621307832816 0.17103208746323056
-0.5076621307832816 -0.17103208746323056
-0.42194205282201436 0.28859196072032295
-0.42194205282201436 -0.28859196072032295
-0.3327079436222622 0.3822865009965225
-0.3327079436222622 -0.3822865009965225
-0.10600296960220283 0.5151105118833932
-0.10600296960220283 -0.5151105118833932
0.48373297980056285 0.19641812160883193
0.48373297980056285 -0.19641812160883193
0.3177522598261164 0.36282577166769164
0.3177522598261164 -0.36282577166769164
0.5043761286099246 0.04835728755647361
0.5043761286099246 -0.04835728755647361
0.23346005223883487 0.44634023163044534
0.23346005223883487 -0.44634023163044534
0.4115298688428789 0.2678438164284055
0.4115298688428789 -0.2678438164284055
0.04692826951044446 0.5102797726835583
0.04692826951044446 -0.5102797726835583
-0.16321990914900542 0.4844096651775427
-0.16321990914900542 -0.4844096651775427
0.4152820017904646 0.23180936776592814
0.4152820017904646 -0.23180936776592814
0.12359640188633819 0.47796316572053665
0.12359640188633819 -0.47796316572053665
0.1787549037634996 0.4489786037692363
0.1787549037634996 -0.4489786037692363
0.453963046837469 0.11747524696261191
0.453963046837469 -0.11747524696261191
-0.054991598901019206 0.5021571105841335
-0.054991598901019206 -0.5021571105841335
0.36895716853850835 0.2795770805495799
0.36895716853850835 -0.2795770805495799
-0.5010911705206258 0.11056630063533213
-0.5010911705206258 -0.11056630063533213
0.1006301793150138 0.4685121829621991
0.1006301793150138 -0.4685121829621991
0.3223948756802428 0.31970307342870385
0.3223948756802428 -0.31970307342870385
0.009178491656680735 0.47909627189949855
0.009178491656680735 -0.47909627189949855
-0.4299015018685963 0.20956834848092365
-0.4299015018685963 -0.20956834848092365
-0.4971808828520865 0.011701512680866095
-0.4971808828520865 -0.011701512680866095
-0.02833648810665336 0.474018960745776
-0.02833648810665336 -0.474018960745776
-0.2770531937981675 0.365319919988681
-0.2770531937981675 -0.365319919988681
-0.3289583634728377 0.30957251807077873
-0.3289583634728377 -0.30957251807077873
-0.4565593075629574 0.1377763720584959
-0.4565593075629574 -0.1377763720584959
-0.24009301178787443 0.3871037571373876
-0.24009301178787443 -0.3871037571373876
-0.09369358187537323 0.4561295120254101
-0.09369358187537323 -0.4561295120254101
-0.4574754130728961 0.11303518291446414
-0.4574754130728961 -0.11303518291446414
-0.4598866676635224 0.09177973562079131
-0.4598866676635224 -0.09177973562079131
0.40491765883999276 0.18605638104678304
0.40491765883999276 -0.18605638104678304
-0.39239329619267704 0.2113192893603747
-0.39239329619267704 -0.2113192893603747
0.1953529567454128 0.39427295369984433
0.1953529567454128 -0.39427295369984433
0.23409533714627512 0.3719254520573589
0.23409533714627512 -0.3719254520573589
0.4449081078682717 0.0
0.447946960424437 0.07985566564603545
0.447946960424437 -0.07985566564603545
0.3314869013474843 0.2666693587528406
0.3314869013474843 -0.2666693587528406
-0.3499850882077655 0.25818525410068416
-0.3499850882077655 -0.25818525410068416
-0.45636363587296813 0.024660411997432168
-0.45636363587296813 -0.024660411997432168
-0.2112117538085166 0.3798674765057957
-0.2112117538085166 -0.3798674765057957
-0.15385566906293996 0.41887372547295193
-0.15385566906293996 -0.41887372547295193
-0.2962433565925915 0.2953781868254961
-0.2962433565925915 -0.2953781868254961
-0.1688025373060122 0.39893432732270195
-0.1688025373060122 -0.39893432732270195
0.1165463566262981 0.41670757030199534
0.1165463566262981 -0.41670757030199534
0.1586631153247296 0.3978914510428073
0.1586631153247296 -0.3978914510428073
0.03422278516664706 0.42764237881259665
0.03422278516664706 -0.42764237881259665
-0.42596327566613706 0.0
0.2358762184267568 0.3433778360977025
0.2358762184267568 -0.3433778360977025
0.3977108813278285 0.06117165150824627
0.3977108813278285 -0.06117165150824627
0.3631662099650723 0.16231864273793173
0.3631662099650723 -0.16231864273793173
-0.04481564319666556 0.4184159390408049
-0.04481564319666556 -0.4184159390408049
0.29669363496759893 0.25698679309682504
0.29669363496759893 -0.25698679309682504
0.3696033554797774 0.11960113642950876
0.3696033554797774 -0.11960113642950876
0.3300619164576428 0.20191507255903962
0.3300619164576428 -0.20191507255903962
-0.39238180674237494 0.14524702803519626
-0.39238180674237494 -0.14524702803519626
0.05464896015407383 0.4013547562775221
0.05464896015407383 -0.4013547562775221
0.3942991477124694 0.0
0.16850397931698416 0.3487576355277907
0.16850397931698416 -0.3487576355277907
-0.3071779618495638 0.25512072563170873
-0.3071779618495638 -0.25512072563170873
0.24260614170788325 0.28746447152539883
0.24260614170788325 -0.28746447152539883
-0.38482809253654965 0.0
-0.3361032007613802 0.1999623853037332
-0.3361032007613802 -0.1999623853037332
-0.3892431253437706 0.05929868841292225
-0.3892431253437706 -0.05929868841292225
-0.1496790838411493 0.34868346953857987
-0.1496790838411493 -0.34868346953857987
-0.11302092515881196 0.3568113318288693
-0.11302092515881196 -0.3568113318288693
-0.1852371942289066 0.31682742447071405
-0.1852371942289066 -0.31682742447071405
-0.33501073990994984 0.16242786658517003
-0.33501073990994984 -0.16242786658517003
-0.06603184009500673 0.3605551976601546
-0.06603184009500673 -0.3605551976601546
0.20389410906199557 0.2834639174065813
0.20389410906199557 -0.2834639174065813
-0.20927607068798437 0.28263824291368145
-0.20927607068798437 -0.28263824291368145
-0.3393148609505344 0.1119823578559129
-0.3393148609505344 -0.1119823578559129
0.26056446506864017 0.22810211445957412
0.26056446506864017 -0.22810211445957412
0.2838980562018454 0.18200507910834327
0.2838980562018454 -0.18200507910834327
0.08706001397213908 0.33748377796704837
0.08706001397213908 -0.33748377796704837
-0.3197408909881012 0.1373782215050749
-0.3197408909881012 -0.1373782215050749
0.22973938458238824 0.2479459692984195
0.22973938458238824 -0.2479459692984195
-0.26211116815975277 0.20307369887617516
-0.26211116815975277 -0.20307369887617516
0.35723298955731275 0.0
0.3463549608826428 0.0
0.30424856370118386 0.1384374233918672
0.30424856370118386 -0.1384374233918672
-0.017160585752606206 0.3334010162939817
-0.017160585752606206 -0.3334010162939817
0.08407687311131588 0.32291273008289795
0.08407687311131588 -0.32291273008289795
-0.24929628770221307 0.1756956853720789
-0.24929628770221307 -0.1756956853720789
0.330637138605961 0.06540907878206795
0.330637138605961 -0.06540907878206795
0.037492769972043594 0.33019483936959515
0.037492769972043594 -0.33019483936959515
-0.18444278257623192 0.22405632904608264
-0.18444278257623192 -0.22405632904608264
0.1841529565706833 0.2231283478478533
0.1841529565706833 -0.2231283478478533
-0.2845164699335527 0.1097490111072898
-0.2845164699335527 -0.1097490111072898
-0.29577373715258937 0.06277994084299865
-0.29577373715258937 -0.06277994084299865
-0.28048126103008975 0.0
0.12185166719883114 0.28188980453593115
0.12185166719883114 -0.28188980453593115
0.02494410804006816 0.30307379856943056
0.02494410804006816 -0.30307379856943056
-0.15528253494746558 0.2400703876925555
-0.15528253494746558 -0.2400703876925555
0.2905983874268798 0.0733394583393448
0.2905983874268798 -0.0733394583393448
0.02752742071310125 0.2912959293688582
0.02752742071310125 -0.2912959293688582
0.3055555936602731 0.020882412870985263
0.3055555936602731 -0.020882412870985263
-0.22832364936734956 0.14298746077965865
-0.22832364936734956 -0.14298746077965865
-0.09402706370895822 0.2635326908123787
-0.09402706370895822 -0.2635326908123787
-0.26077534845609873 0.07990850812452102
-0.26077534845609873 -0.07990850812452102
-0.024640327700121187 0.2750284165856638
-0.024640327700121187 -0.2750284165856638
0.22286478750581928 0.12805385064780545
0.22286478750581928 -0.12805385064780545
-0.0850189683906108 0.24954665488837685
-0.0850189683906108 -0.24954665488837685
0.19368014475367984 0.16769213434979408
0.19368014475367984 -0.16769213434979408
0.24777707128881493 0.07525657391507228
0.24777707128881493 -0.07525657391507228
0.1035941747596682 0.2364222736054127
0.1035941747596682 -0.2364222736054127
0.2600386705786443 0.0
-0.2493025051935971 0.03195638981374189
-0.2493025051935971 -0.03195638981374189
-0.1771791139988409 0.14555116089041303
-0.1771791139988409 -0.14555116089041303
-0.24533620393877867 0.0
0.07671479253957575 0.2239960459838283
0.07671479253957575 -0.2239960459838283
-0.02710519798569771 0.23740802659325325
-0.02710519798569771 -0.23740802659325325
-0.11094839302176507 0.1785859977776473
-0.11094839302176507 -0.1785859977776473
0.16014014304069207 0.15033545969418383
0.16014014304069207 -0.15033545969418383
0.008929438099810089 0.21984030427700288
0.008929438099810089 -0.21984030427700288
0.11338237859959598 0.16103769054374786
0.11338237859959598 -0.16103769054374786
0.2019520017151408 0.030298614322686282
0.2019520017151408 -0.030298614322686282
0.18438691016233213 0.06126377318275635
0.18438691016233213 -0.06126377318275635
-0.12041661872258469 0.13492374408327357
-0.12041661872258469 -0.13492374408327357
-0.19234642275607539 0.020497970407441897
-0.19234642275607539 -0.020497970407441897
0.14806887418701103 0.046864053282874074
0.14806887418701103 -0.046864053282874074
-0.159218709335343 0.06227005068689035
-0.159218709335343 -0.06227005068689035
-0.0732678908843154 0.1513289703971358
-0.0732678908843154 -0.1513289703971358
0.021976490312391024 0.16674616559466424
0.021976490312391024 -0.16674616559466424
0.08764549852674597 0.13976859358546975
0.08764549852674597 -0.13976859358546975
-0.10257681487200754 0.12348995126804882
-0.10257681487200754 -0.12348995126804882
0.001355403284097851 0.1627992889000601
0.001355403284097851 -0.1627992889000601
0.13413970092547564 0.024433739527858222
0.13413970092547564 -0.024433739527858222
-0.15457416269722724 0.0
0.0593728934812883 0.14597457021619267
0.0593728934812883 -0.14597457021619267
-0.052842344084510565 0.1456567647345208
-0.052842344084510565 -0.1456567647345208
0.0994159299787756 0.051836695592188335
0.0994159299787756 -0.051836695592188335
-0.10567035761328043 0.021796777874514082
-0.10567035761328043 -0.021796777874514082
-0.04763512354919289 0.0739154391172132
-0.04763512354919289 -0.0739154391172132
0.05314617149825136 0.044877573692841434
0.05314617149825136 -0.044877573692841434
0.013792442704767545 0.054996860976707376
0.013792442704767545 -0.054996860976707376
-0.06481106108984847 0.003141178951996629
-0.06481106108984847 -0.003141178951996629
-0.03505401575151733 0.021719647098004013
-0.03505401575151733 -0.021719647098004013
0.05935442820812956 0.0
-0.0030512792213392387 0.0
