0.7714430699591024 0.9116097533063855
0.7714430699591024 -0.9116097533063855
-0.5256522004906776 1.064835750355056
-0.5256522004906776 -1.064835750355056
-0.02640347589484935 1.093065595318968
-0.02640347589484935 -1.093065595318968
1.0447531926876001 0.3128077800142743
1.0447531926876001 -0.3128077800142743
1.0667083432887023 0.0963782010073623
1.0667083432887023 -0.0963782010073623
-0.8629018462600805 0.5816046982208694
-0.8629018462600805 -0.5816046982208694
-0.5197233229688512 0.8558375635322779
-0.5197233229688512 -0.8558375635322779
-0.7775746696586163 0.6196249620920006
-0.7775746696586163 -0.6196249620920006
0.7990022859243633 0.535895215221414
0.7990022859243633 -0.535895215221414
0.312225064036847 0.9104759402057387
0.312225064036847 -0.9104759402057387
-0.9078946622803405 0.21896628961940226
-0.9078946622803405 -0.21896628961940226
-0.24273137891185573 0.9086343395219306
-0.24273137891185573 -0.9086343395219306
-0.32162749634437465 0.8634855310262557
-0.32162749634437465 -0.8634855310262557
-0.9126035332304757 0.0
0.43343113131493055 0.8085030267953596
0.43343113131493055 -0.8085030267953596
-0.6732914766570615 0.5613509238017496
-0.6732914766570615 -0.5613509238017496
0.8631679373371957 0.14224524017711757
0.8631679373371957 -0.14224524017711757
0.5208556047602575 0.7142089563910995
0.5208556047602575 -0.7142089563910995
-0.8540433068122606 0.0
-0.21278911380267418 0.8125562874715182
-0.21278911380267418 -0.8125562874715182
-0.8165701427474208 0.05068167454759492
-0.8165701427474208 -0.05068167454759492
0.10938939100824337 0.819585972337932
0.10938939100824337 -0.819585972337932
-0.6385342956517261 0.4943710011866834
-0.6385342956517261 -0.4943710011866834
0.6221026010301813 0.5462967342800853
0.6221026010301813 -0.5462967342800853
-0.40808857349176564 0.6374620111615737
-0.40808857349176564 -0.6374620111615737
-0.6796598442072386 0.30148751654239264
-0.6796598442072386 -0.30148751654239264
0.7603134829604005 0.0
0.14416106958603825 0.7335031137069312
0.14416106958603825 -0.7335031137069312
0.03181419674636622 0.7368237776498638
0.03181419674636622 -0.7368237776498638
0.6996271337855955 0.25054887686119376
0.6996271337855955 -0.25054887686119376
0.3684202630165695 0.6408690406195862
0.3684202630165695 -0.6408690406195862
0.4470745463221233 0.5875586072411819
0.4470745463221233 -0.5875586072411819
0.608005527552401 0.3862895121597964
0.608005527552401 -0.3862895121597964
0.5735867306994227 0.4329231830931969
0.5735867306994227 -0.4329231830931969
-0.4688274754796242 0.5280636409744266
-0.4688274754796242 -0.5280636409744266
-0.5983588942844755 0.33007153883974427
-0.5983588942844755 -0.33007153883974427
0.44860625373548646 0.4997777473359951
0.44860625373548646 -0.4997777473359951
-0.2277673867955268 0.6227407988816546
-0.2277673867955268 -0.6227407988816546
-0.6459755394635511 0.0
-0.033142499046124235 0.6576438194856455
-0.033142499046124235 -0.6576438194856455
-0.493978650427235 0.42545554424992665
-0.493978650427235 -0.42545554424992665
0.5987054532817079 0.2516068873395888
0.5987054532817079 -0.2516068873395888
-0.6274979767793569 0.12490308902697557
-0.6274979767793569 -0.12490308902697557
0.19677603224450935 0.6111589563410871
0.19677603224450935 -0.6111589563410871
-0.2926514952826261 0.5551497971880426
-0.2926514952826261 -0.5551497971880426
0.5914157374875425 0.17393185909144382
0.5914157374875425 -0.17393185909144382
0.6127426179054316 0.0
0.12877101326646595 0.6012563072073761
0.12877101326646595 -0.6012563072073761
-0.1499918723983742 0.5867328058471847
-0.1499918723983742 -0.5867328058471847
0.015285444186687994 0.5957350741972386
0.015285444186687994 -0.5957350741972386
0.2926958819189593 0.5199329936830341
0.2926958819189593 -0.5199329936830341
0.5905688759813227 0.045929457632418826
0.5905688759813227 -0.045929457632418826
-0.36660594644457245 0.4391314183860835
-0.36660594644457245 -0.4391314183860835
-0.47078120032666837 0.2996516346169949
-0.47078120032666837 -0.2996516346169949
0.49546563500058705 0.21838514993730523
0.49546563500058705 -0.21838514993730523
-0.16491095018009255 0.5064491534526384
-0.16491095018009255 -0.5064491534526384
0.25389182503263974 0.4655177277887221
0.25389182503263974 -0.4655177277887221
0.519924973960899 0.0
-0.507655563640295 0.145419313491454
-0.507655563640295 -0.145419313491454
0.2984822209637429 0.4221622099443442
0.2984822209637429 -0.4221622099443442
0.14468075438642675 0.4999257976326588
0.14468075438642675 -0.4999257976326588
0.43446517266562523 0.2759628549870312
0.43446517266562523 -0.2759628549870312
-0.461655319602359 0.21295092371471802
-0.461655319602359 -0.21295092371471802
-0.49971941116382684 0.031000328379865105
-0.49971941116382684 -0.031000328379865105
0.029086694970475113 0.4963159192374758
0.029086694970475113 -0.4963159192374758
0.4765380196025199 0.14198938210911488
0.4765380196025199 -0.14198938210911488
0.12355633740519922 0.4740274953003912
0.12355633740519922 -0.4740274953003912
-0.25707793409814117 0.40229699100326943
-0.25707793409814117 -0.40229699100326943
-0.47081185935163855 0.0
0.36539532951996223 0.28125545681032765
0.36539532951996223 -0.28125545681032765
0.4606008620388399 0.0
-0.16163544672888203 0.43092337153796756
-0.16163544672888203 -0.43092337153796756
-0.4457735842329038 0.08913282095312201
-0.4457735842329038 -0.08913282095312201
-0.10994326648720829 0.4425282134113574
-0.10994326648720829 -0.4425282134113574
0.3233889687818333 0.3070130150762598
0.3233889687818333 -0.3070130150762598
-0.2743384894091464 0.3531117632541086
-0.2743384894091464 -0.3531117632541086
0.4297934071055187 0.11069018334184998
0.4297934071055187 -0.11069018334184998
-0.3534012042199176 0.26731942500095507
-0.3534012042199176 -0.26731942500095507
0.41178020079514344 0.1605290523989682
0.41178020079514344 -0.1605290523989682
0.059886676735384226 0.4372603828844517
0.059886676735384226 -0.4372603828844517
0.17815886610400222 0.39764355145007396
0.17815886610400222 -0.39764355145007396
-0.3832854145650597 0.19527977453195983
-0.3832854145650597 -0.19527977453195983
0.35213812528255545 0.2378860023691156
0.35213812528255545 -0.2378860023691156
-0.1754132664786764 0.3884952723349749
-0.1754132664786764 -0.3884952723349749
-0.36549543861087935 0.21186886748504502
-0.36549543861087935 -0.21186886748504502
0.3874565774957961 0.12423469395091553
0.3874565774957961 -0.12423469395091553
0.1512573112482928 0.381581197416423
0.1512573112482928 -0.381581197416423
0.3978639464628007 0.0
-0.27799501341265226 0.2993425470008684
-0.27799501341265226 -0.2993425470008684
-0.38467632477034025 0.13753805500259544
-0.38467632477034025 -0.13753805500259544
0.297559776466775 0.2672764214857146
0.297559776466775 -0.2672764214857146
0.37867782734010197 0.0
0.2446932126958615 0.30723460005501013
0.2446932126958615 -0.30723460005501013
0.17516416209641741 0.3507386799693799
0.17516416209641741 -0.3507386799693799
0.3352505140124738 0.19398721125925733
0.3352505140124738 -0.19398721125925733
-0.3913371559384731 0.06567936955588373
-0.3913371559384731 -0.06567936955588373
0.3699344209209736 0.06872922757170116
0.3699344209209736 -0.06872922757170116
0.007327343326043026 0.3907516391011467
0.007327343326043026 -0.3907516391011467
0.3420992615375962 0.16189488571964275
0.3420992615375962 -0.16189488571964275
0.09710320777994547 0.3701676944290678
0.09710320777994547 -0.3701676944290678
-0.3722855761233954 0.10789252622140548
-0.3722855761233954 -0.10789252622140548
-0.04337880027160551 0.38163506993365953
-0.04337880027160551 -0.38163506993365953
-0.20317151866524114 0.324655694290302
-0.20317151866524114 -0.324655694290302
-0.37380757307222634 0.0
0.3434297644266848 0.11701758126634185
0.3434297644266848 -0.11701758126634185
0.2688800239583613 0.2517170834787451
0.2688800239583613 -0.2517170834787451
0.14194928662081938 0.33411027036841556
0.14194928662081938 -0.33411027036841556
0.28772934711328635 0.2153532412843069
0.28772934711328635 -0.2153532412843069
-0.35793512083115275 0.08151214962690873
-0.35793512083115275 -0.08151214962690873
-0.23665207162827964 0.2846985422448968
-0.23665207162827964 -0.2846985422448968
-0.29532639069097477 0.21444134064482995
-0.29532639069097477 -0.21444134064482995
-0.2971772990922753 0.21076575895286262
-0.2971772990922753 -0.21076575895286262
-0.3161950973012281 0.1745234738357595
-0.3161950973012281 -0.1745234738357595
-0.06333040469861737 0.3610254882588376
-0.06333040469861737 -0.3610254882588376
0.23751070740892508 0.2680881153906225
0.23751070740892508 -0.2680881153906225
0.01288800933903507 0.3555275251199826
0.01288800933903507 -0.3555275251199826
0.2233174653983835 0.2712013375305581
0.2233174653983835 -0.2712013375305581
-0.2628244318709223 0.2419842458039784
-0.2628244318709223 -0.2419842458039784
-0.10752797803337004 0.34035145981265025
-0.10752797803337004 -0.34035145981265025
-0.34663823916024716 0.025406858195506393
-0.34663823916024716 -0.025406858195506393
-0.04571014778115506 0.34504011464151313
-0.04571014778115506 -0.34504011464151313
0.24653274181714013 0.24265203086910253
0.24653274181714013 -0.24265203086910253
-0.1248331023895683 0.3218921814513862
-0.1248331023895683 -0.3218921814513862
-0.1973851149638276 0.28068968109799125
-0.1973851149638276 -0.28068968109799125
-0.24313822389904477 0.24131610205835052
-0.24313822389904477 -0.24131610205835052
0.3434667343639388 0.018186456716600404
0.3434667343639388 -0.018186456716600404
0.3294457362505857 0.04716960410000527
0.3294457362505857 -0.04716960410000527
0.3043899804030382 0.1223225219761921
0.3043899804030382 -0.1223225219761921
0.24696177072222852 0.22277649505175579
0.24696177072222852 -0.22277649505175579
-0.33588081838011913 0.0
0.19411522456888664 0.26443984473544296
0.19411522456888664 -0.26443984473544296
0.07918735506322931 0.3251250715581212
0.07918735506322931 -0.3251250715581212
0.13117282484580695 0.3042973020392602
0.13117282484580695 -0.3042973020392602
0.1640998162584229 0.2846937281911296
0.1640998162584229 -0.2846937281911296
0.06796267426409018 0.3265152860154125
0.06796267426409018 -0.3265152860154125
-0.32221762082048155 0.10150400450702861
-0.32221762082048155 -0.10150400450702861
-0.2913423519217324 0.16071302904097995
-0.2913423519217324 -0.16071302904097995
-0.14102568825149636 0.30228875972813973
-0.14102568825149636 -0.30228875972813973
-0.30788234886463517 0.11711371280722851
-0.30788234886463517 -0.11711371280722851
-0.08581538334152368 0.3232551956517824
-0.08581538334152368 -0.3232551956517824
0.2646064736544967 0.1796077968457936
0.2646064736544967 -0.1796077968457936
-0.2503623116223412 0.21163540056676314
-0.2503623116223412 -0.21163540056676314
0.3110111330557825 0.0
-0.17204188811309956 0.2759876189362305
-0.17204188811309956 -0.2759876189362305
0.03489890814693636 0.32378006331308135
0.03489890814693636 -0.32378006331308135
0.3020826113268065 0.0928488997703437
0.3020826113268065 -0.0928488997703437
-0.08673200291047886 0.3110080332536156
-0.08673200291047886 -0.3110080332536156
-0.03721909015779702 0.3186257081409862
-0.03721909015779702 -0.3186257081409862
-0.2098207922288497 0.23621817651645416
-0.2098207922288497 -0.23621817651645416
0.019658670460581756 0.315067823438569
0.019658670460581756 -0.315067823438569
-0.25701907697937093 0.17479560478901737
-0.25701907697937093 -0.17479560478901737
-0.31457807611661975 0.0
-0.3058270657199772 0.034956625094392305
-0.3058270657199772 -0.034956625094392305
-0.0934254859722589 0.29568948502609443
-0.0934254859722589 -0.29568948502609443
0.15709591988685678 0.26301991422051874
0.15709591988685678 -0.26301991422051874
-0.28684885444404673 0.10274283565395516
-0.28684885444404673 -0.10274283565395516
-0.2907045669700428 0.0825358674309109
-0.2907045669700428 -0.0825358674309109
0.06065157907697094 0.301003786018058
0.06065157907697094 -0.301003786018058
-0.2774062897259144 0.12231902742397643
-0.2774062897259144 -0.12231902742397643
0.020609146853137958 0.30540692719905627
0.020609146853137958 -0.30540692719905627
0.0033608921695364525 0.3032040191900069
0.0033608921695364525 -0.3032040191900069
-0.17251087985930652 0.24940838190434525
-0.17251087985930652 -0.24940838190434525
0.10236429947553345 0.27771669128203785
0.10236429947553345 -0.27771669128203785
0.20654740073492206 0.22448368931915438
0.20654740073492206 -0.22448368931915438
0.29947804080073015 0.06080609542208288
0.29947804080073015 -0.06080609542208288
0.25487939608592497 0.16345770462979167
0.25487939608592497 -0.16345770462979167
-0.07471046734074888 0.2913545530834624
-0.07471046734074888 -0.2913545530834624
0.3001212617797975 0.017526667370108034
0.3001212617797975 -0.017526667370108034
0.29528769762322615 0.05278748216969188
0.29528769762322615 -0.05278748216969188
0.28616416994050814 0.09041277043084779
0.28616416994050814 -0.09041277043084779
0.2339018313105114 0.17986684265685088
0.2339018313105114 -0.17986684265685088
-0.2173137909449311 0.20497513005943072
-0.2173137909449311 -0.20497513005943072
0.271133711639038 0.1179989347953956
0.271133711639038 -0.1179989347953956
-0.262693775917465 0.1278431502230774
-0.262693775917465 -0.1278431502230774
-0.14346770023753985 0.25671969386835064
-0.14346770023753985 -0.25671969386835064
-0.13033579254070043 0.2622703314939294
-0.13033579254070043 -0.2622703314939294
0.25960852942229384 0.13298064565571688
0.25960852942229384 -0.13298064565571688
-0.2301961856840926 0.17145605516497492
-0.2301961856840926 -0.17145605516497492
-0.20227972622164575 0.20607719797832166
-0.20227972622164575 -0.20607719797832166
0.19218624919542365 0.20757610504813256
0.19218624919542365 -0.20757610504813256
0.12583555716088704 0.25903674625724443
0.12583555716088704 -0.25903674625724443
0.17203796706006114 0.22795345888013632
0.17203796706006114 -0.22795345888013632
-0.005208344511450597 0.29299032389746493
-0.005208344511450597 -0.29299032389746493
0.22002966814650293 0.17811337365648647
0.22002966814650293 -0.17811337365648647
0.20724376434237762 0.189245261621663
0.20724376434237762 -0.189245261621663
-0.06602543000700575 0.2763295681069788
-0.06602543000700575 -0.2763295681069788
-0.2910625714879922 0.0
-0.2647741318003306 0.1098378831682938
-0.2647741318003306 -0.1098378831682938
-0.24710850081585575 0.14054473262359987
-0.24710850081585575 -0.14054473262359987
0.036675599478833365 0.2797734763865919
0.036675599478833365 -0.2797734763865919
-0.2880468557074872 0.03979146650266669
-0.2880468557074872 -0.03979146650266669
0.2602259466447058 0.09894466141192212
0.2602259466447058 -0.09894466141192212
-0.1765263817043649 0.2181290676397956
-0.1765263817043649 -0.2181290676397956
0.09077295772331206 0.26125343800546025
0.09077295772331206 -0.26125343800546025
0.15825087081465528 0.22540227792822934
0.15825087081465528 -0.22540227792822934
-0.15370383612864524 0.22946290381305917
-0.15370383612864524 -0.22946290381305917
-0.21040833337908244 0.17272540480045745
-0.21040833337908244 -0.17272540480045745
-0.2757241798216836 0.039428471681752696
-0.2757241798216836 -0.039428471681752696
-0.26387370795254217 0.05587892227939157
-0.26387370795254217 -0.05587892227939157
-0.2602227938212889 0.08394641860641454
-0.2602227938212889 -0.08394641860641454
-0.214496628160054 0.164961732883817
-0.214496628160054 -0.164961732883817
-0.262785725987354 0.0
-0.09829445587279799 0.2596410037564466
-0.09829445587279799 -0.2596410037564466
0.2723720155931152 0.033401805382617146
0.2723720155931152 -0.033401805382617146
0.26572449963395367 0.06497488118174095
0.26572449963395367 -0.06497488118174095
-0.03863012053991632 0.27185767658603827
-0.03863012053991632 -0.27185767658603827
0.19775808521414906 0.17950754842853098
0.19775808521414906 -0.17950754842853098
0.1248100371416502 0.24082942544996414
0.1248100371416502 -0.24082942544996414
0.13787308491326133 0.2286279213935014
0.13787308491326133 -0.2286279213935014
-0.10577696156407213 0.24497092365870002
-0.10577696156407213 -0.24497092365870002
0.043512857652837314 0.2691308775783139
0.043512857652837314 -0.2691308775783139
0.10677740326986065 0.24683015566210065
0.10677740326986065 -0.24683015566210065
0.07296538912984206 0.25851855404432417
0.07296538912984206 -0.25851855404432417
0.26615603026383133 0.013905993818591622
0.26615603026383133 -0.013905993818591622
-0.0032014183981830327 0.2670286416210209
-0.0032014183981830327 -0.2670286416210209
-0.11490325577869157 0.23646838238449278
-0.11490325577869157 -0.23646838238449278
0.2308222099053448 0.12553589179665905
0.2308222099053448 -0.12553589179665905
0.23363454977292453 0.11769443268915566
0.23363454977292453 -0.11769443268915566
0.046788462601129614 0.26042616433519317
0.046788462601129614 -0.26042616433519317
0.10843008838280892 0.2351186955745911
0.10843008838280892 -0.2351186955745911
0.21304105044679442 0.14228871596115492
0.21304105044679442 -0.14228871596115492
0.1559291729271814 0.20395671344522884
0.1559291729271814 -0.20395671344522884
0.16616249155286017 0.1953492483448681
0.16616249155286017 -0.1953492483448681
-0.2650809918650797 0.008304322046270145
-0.2650809918650797 -0.008304322046270145
-0.17471503622809212 0.19068865322650796
-0.17471503622809212 -0.19068865322650796
0.2561512227317799 0.0
-0.19904776723448064 0.16375013135021887
-0.19904776723448064 -0.16375013135021887
-0.14529841184596565 0.2140380307502315
-0.14529841184596565 -0.2140380307502315
0.22454825088363756 0.1105488314077707
0.22454825088363756 -0.1105488314077707
-0.22351174430286402 0.12495874697543348
-0.22351174430286402 -0.12495874697543348
-0.2145571605509024 0.13628054704236625
-0.2145571605509024 -0.13628054704236625
0.16817756579138943 0.18495727154674968
0.16817756579138943 -0.18495727154674968
-0.22487524107817514 0.11342101573033886
-0.22487524107817514 -0.11342101573033886
-0.15444317204003616 0.19620019433253844
-0.15444317204003616 -0.19620019433253844
-0.08268199979792902 0.24152536359001953
-0.08268199979792902 -0.24152536359001953
-0.05232756073187785 0.2495730872556295
-0.05232756073187785 -0.2495730872556295
0.016303487596228808 0.253736387669969
0.016303487596228808 -0.253736387669969
-0.13985373291445283 0.1994795058715167
-0.13985373291445283 -0.1994795058715167
-0.23858705701763772 0.08122011527502011
-0.23858705701763772 -0.08122011527502011
0.24448800631999315 0.05621404222790519
0.24448800631999315 -0.05621404222790519
-0.24957346554912785 0.034413921946943385
-0.24957346554912785 -0.034413921946943385
0.247240465732274 0.0
0.23485595466839623 0.07560830852927364
0.23485595466839623 -0.07560830852927364
0.08490299967095036 0.23237130616743917
0.08490299967095036 -0.23237130616743917
0.1658985089071029 0.17190962625514478
0.1658985089071029 -0.17190962625514478
-0.24815642139170507 0.006576178585701116
-0.24815642139170507 -0.006576178585701116
-0.22559355368742412 0.09017704609197365
-0.22559355368742412 -0.09017704609197365
0.23704901467368208 0.04191557507067381
0.23704901467368208 -0.04191557507067381
-0.03693601858705586 0.24713846890657434
-0.03693601858705586 -0.24713846890657434
0.20606133251250933 0.1268176905715296
0.20606133251250933 -0.1268176905715296
-0.06200034785425561 0.2418582758444589
-0.06200034785425561 -0.2418582758444589
0.22340931901346195 0.08034812936240952
0.22340931901346195 -0.08034812936240952
0.12209288119418957 0.20364480959416692
0.12209288119418957 -0.20364480959416692
0.1495281831505173 0.1829997073426371
0.1495281831505173 -0.1829997073426371
-0.23779276341113276 0.051903161128535116
-0.23779276341113276 -0.051903161128535116
0.17682879659246126 0.15702379451964416
0.17682879659246126 -0.15702379451964416
-0.12741752958654856 0.2034991592655282
-0.12741752958654856 -0.2034991592655282
0.027702007330323318 0.24112131919939633
0.027702007330323318 -0.24112131919939633
-0.10593540073473834 0.21454376640379455
-0.10593540073473834 -0.21454376640379455
-0.010582845098524762 0.24275943458329596
-0.010582845098524762 -0.24275943458329596
0.1834428110297111 0.14471331317093664
0.1834428110297111 -0.14471331317093664
-0.18923304000601682 0.1364320675469426
-0.18923304000601682 -0.1364320675469426
-0.16692161021039703 0.16668490137166586
-0.16692161021039703 -0.16668490137166586
-0.08944767194801634 0.22151562619697393
-0.08944767194801634 -0.22151562619697393
0.016058207176868573 0.23901892685634524
0.016058207176868573 -0.23901892685634524
-0.042237929441867834 0.23681916964116537
-0.042237929441867834 -0.23681916964116537
-0.157029288372049 0.17179701442551276
-0.157029288372049 -0.17179701442551276
-0.2350880185921676 0.03368631086824405
-0.2350880185921676 -0.03368631086824405
0.060134120873141524 0.23015578309142018
0.060134120873141524 -0.23015578309142018
0.20798339782394204 0.10685950103974944
0.20798339782394204 -0.10685950103974944
0.23325707925239264 0.02180661607133585
0.23325707925239264 -0.02180661607133585
-0.020604298979914497 0.234594515142741
-0.020604298979914497 -0.234594515142741
-0.07887611473298575 0.21674536941250955
-0.07887611473298575 -0.21674536941250955
-0.11613774046978195 0.19388368759478372
-0.11613774046978195 -0.19388368759478372
0.22451308705847184 0.02536548417224578
0.22451308705847184 -0.02536548417224578
-0.2194214831778093 0.06884100788014035
-0.2194214831778093 -0.06884100788014035
0.12525635392343928 0.19001659902908632
0.12525635392343928 -0.19001659902908632
0.11502261145416684 0.19618286554879172
0.11502261145416684 -0.19618286554879172
-0.1935734872730631 0.11248280845818787
-0.1935734872730631 -0.11248280845818787
-0.195739945005658 0.10531245766223332
-0.195739945005658 -0.10531245766223332
0.0813952331362253 0.2083756937647181
0.0813952331362253 -0.2083756937647181
-0.0678672154344501 0.21662474443066385
-0.0678672154344501 -0.21662474443066385
0.02888575896079708 0.22339291633792385
0.02888575896079708 -0.22339291633792385
0.17339460690181469 0.13697313732658292
0.17339460690181469 -0.13697313732658292
-0.159225440650156 0.15043185447049917
-0.159225440650156 -0.15043185447049917
-0.10661684871045474 0.1954510698461452
-0.10661684871045474 -0.1954510698461452
-0.10281438325811898 0.19346882971586096
-0.10281438325811898 -0.19346882971586096
0.21128473980672438 0.06728012185709507
0.21128473980672438 -0.06728012185709507
0.18322242730660201 0.11946443144423753
0.18322242730660201 -0.11946443144423753
0.19031603802422098 0.1048322792864633
0.19031603802422098 -0.1048322792864633
-0.21461893093806508 0.0
-0.17145154895526815 0.12702547515288778
-0.17145154895526815 -0.12702547515288778
-0.12435441192181448 0.17251470974349703
-0.12435441192181448 -0.17251470974349703
0.1465663907983758 0.15224691100920063
0.1465663907983758 -0.15224691100920063
0.06413960793530755 0.20874493633455726
0.06413960793530755 -0.20874493633455726
-0.21740629218951135 0.04173812845227032
-0.21740629218951135 -0.04173812845227032
0.04891157380803331 0.21300868879092652
0.04891157380803331 -0.21300868879092652
-0.20137523435642762 0.07906468273885497
-0.20137523435642762 -0.07906468273885497
-0.21864337197484995 0.0103443957805884
-0.21864337197484995 -0.0103443957805884
-0.20911756489116126 0.05994520652426441
-0.20911756489116126 -0.05994520652426441
-0.07632610537015791 0.1990324329419653
-0.07632610537015791 -0.1990324329419653
-0.16159355105951942 0.13097280446451626
-0.16159355105951942 -0.13097280446451626
-0.039316725922088826 0.21184239351317743
-0.039316725922088826 -0.21184239351317743
-0.009060539155221916 0.2151588949497283
-0.009060539155221916 -0.2151588949497283
0.019078595378216268 0.2140220801118336
0.019078595378216268 -0.2140220801118336
0.05967694484724538 0.20609516828734792
0.05967694484724538 -0.20609516828734792
-0.12975390153402244 0.15791232896104124
-0.12975390153402244 -0.15791232896104124
0.21760484622623844 0.005032943049800385
0.21760484622623844 -0.005032943049800385
0.12169753268370462 0.17334990069398204
0.12169753268370462 -0.17334990069398204
0.20582372399360077 0.061260803513705706
0.20582372399360077 -0.061260803513705706
0.0013261118662593468 0.21224807479569854
0.0013261118662593468 -0.21224807479569854
0.2095144330069162 0.03722470116941061
0.2095144330069162 -0.03722470116941061
0.2002748908013604 0.06760397029413479
0.2002748908013604 -0.06760397029413479
0.16650786229255926 0.12640371989829058
0.16650786229255926 -0.12640371989829058
-0.15093972087513977 0.1329641289838805
-0.15093972087513977 -0.1329641289838805
0.13050853892281516 0.16056883905807232
0.13050853892281516 -0.16056883905807232
-0.18131454172904554 0.0878094650501612
-0.18131454172904554 -0.0878094650501612
0.07078832873900698 0.19545708559260166
0.07078832873900698 -0.19545708559260166
0.14530582591851743 0.14369136479158978
0.14530582591851743 -0.14369136479158978
-0.19831926246004775 0.05683824568981157
-0.19831926246004775 -0.05683824568981157
0.17896921288244333 0.09864826415839702
0.17896921288244333 -0.09864826415839702
0.0793156046154872 0.1878523164891916
0.0793156046154872 -0.1878523164891916
0.09766017080648025 0.17697461090784827
0.09766017080648025 -0.17697461090784827
0.20437240112804175 0.021068917417203344
0.20437240112804175 -0.021068917417203344
-0.024894913244471455 0.2060724514346525
-0.024894913244471455 -0.2060724514346525
0.14088825099710806 0.13760877583319303
0.14088825099710806 -0.13760877583319303
-0.12590946741683878 0.14862668630834167
-0.12590946741683878 -0.14862668630834167
-0.2038357700656831 0.01212341871503221
-0.2038357700656831 -0.01212341871503221
-0.15882913233398097 0.10775630274567977
-0.15882913233398097 -0.10775630274567977
-0.19298084318729428 0.023530650771665045
-0.19298084318729428 -0.023530650771665045
-0.18667186834320734 0.0
-0.1810105545745484 0.04207210551015068
-0.1810105545745484 -0.04207210551015068
-0.1702315158847264 0.07390236109096684
-0.1702315158847264 -0.07390236109096684
-0.16153748350882915 0.08807479312742414
-0.16153748350882915 -0.08807479312742414
-0.12999868555158695 0.1362284216354284
-0.12999868555158695 -0.1362284216354284
-0.02730849507331645 0.19849912070211606
-0.02730849507331645 -0.19849912070211606
0.18834092273386932 0.053049156397047915
0.18834092273386932 -0.053049156397047915
0.19344774581337332 0.0
0.1893652956159651 0.033954634341206893
0.1893652956159651 -0.033954634341206893
0.18206980726746003 0.06576635804125625
0.18206980726746003 -0.06576635804125625
0.06243523273904318 0.18345099326586561
0.06243523273904318 -0.18345099326586561
0.030164479016465295 0.1930057710452868
0.030164479016465295 -0.1930057710452868
-0.05130994014218275 0.18875813945202763
-0.05130994014218275 -0.18875813945202763
-0.10907130682942141 0.1520661738955905
-0.10907130682942141 -0.1520661738955905
-0.09355841304575432 0.16414863667987317
-0.09355841304575432 -0.16414863667987317
0.016138041204054678 0.19119436454165428
0.016138041204054678 -0.19119436454165428
0.1154998534066373 0.15020015175648302
0.1154998534066373 -0.15020015175648302
0.15122742669271133 0.11435822071117535
0.15122742669271133 -0.11435822071117535
-0.07642869722295242 0.17166827034462365
-0.07642869722295242 -0.17166827034462365
-0.01548042433416074 0.18963510464149327
-0.01548042433416074 -0.18963510464149327
-0.006772348354274316 0.18962603860250074
-0.006772348354274316 -0.18962603860250074
0.157793240083121 0.09553037408716815
0.157793240083121 -0.09553037408716815
0.08486541429066519 0.1616939408040098
0.08486541429066519 -0.1616939408040098
-0.06555488634623602 0.17368994776833388
-0.06555488634623602 -0.17368994776833388
0.09994248207262639 0.15029668306606278
0.09994248207262639 -0.15029668306606278
0.13638664984608967 0.11880484778876119
0.13638664984608967 -0.11880484778876119
0.16954835376986344 0.05800965694982213
0.16954835376986344 -0.05800965694982213
0.14393600893866382 0.10712425101327487
0.14393600893866382 -0.10712425101327487
0.17445403462221348 0.0
-0.04584393816332814 0.17746817208141769
-0.04584393816332814 -0.17746817208141769
0.038339232875330614 0.1736616109948563
0.038339232875330614 -0.1736616109948563
-0.15584825732143526 0.08660335461982362
-0.15584825732143526 -0.08660335461982362
-0.18246880796338572 0.013714516747775666
-0.18246880796338572 -0.013714516747775666
-0.13262621028801763 0.11365224561002121
-0.13262621028801763 -0.11365224561002121
-0.1633187079236505 0.06428501497959448
-0.1633187079236505 -0.06428501497959448
0.1735352777149517 0.024726102447388452
0.1735352777149517 -0.024726102447388452
0.12879192617980734 0.10972212024843123
0.12879192617980734 -0.10972212024843123
0.06812953414321338 0.161374187695026
0.06812953414321338 -0.161374187695026
0.08221207327254004 0.1512084699958958
0.08221207327254004 -0.1512084699958958
-0.17130201914478493 0.0
-0.14547164878946595 0.0971505155846979
-0.14547164878946595 -0.0971505155846979
-0.13869041020006048 0.10492333574779387
-0.13869041020006048 -0.10492333574779387
-0.11400785433215821 0.12779741518755414
-0.11400785433215821 -0.12779741518755414
-0.06534952847853909 0.15949108412682714
-0.06534952847853909 -0.15949108412682714
-0.08609719141340813 0.14556085749550218
-0.08609719141340813 -0.14556085749550218
-0.004837070798344188 0.1715464861334689
-0.004837070798344188 -0.1715464861334689
0.10615331486511435 0.12239602490878863
0.10615331486511435 -0.12239602490878863
0.16051556425209101 0.0427670952956909
0.16051556425209101 -0.0427670952956909
0.16454136666059202 0.0
-0.05681343312826316 0.1561903185412008
-0.05681343312826316 -0.1561903185412008
0.15076620333191917 0.06413286374436754
0.15076620333191917 -0.06413286374436754
0.14354641741921748 0.0776735643038549
0.14354641741921748 -0.0776735643038549
0.12557396881144076 0.10027580514459432
0.12557396881144076 -0.10027580514459432
0.1335954467584684 0.08495743135806832
0.1335954467584684 -0.08495743135806832
0.15938995431735897 0.02309564572914866
0.15938995431735897 -0.02309564572914866
-0.09053400043582085 0.13101515829378607
-0.09053400043582085 -0.13101515829378607
-0.15154971443514398 0.059197557212892514
-0.15154971443514398 -0.059197557212892514
0.06389076014049966 0.14400704486857654
0.06389076014049966 -0.14400704486857654
-0.12166350659608227 0.10155270996787508
-0.12166350659608227 -0.10155270996787508
0.07827170619108793 0.1356200700389167
0.07827170619108793 -0.1356200700389167
-0.10548932975589821 0.1145467116508161
-0.10548932975589821 -0.1145467116508161
-0.011992319026466275 0.1638721607660258
-0.011992319026466275 -0.1638721607660258
0.09681355675809811 0.11755899540855494
0.09681355675809811 -0.11755899540855494
0.03329153620474836 0.1560181609739375
0.03329153620474836 -0.1560181609739375
-0.13272595802334572 0.07700679869173957
-0.13272595802334572 -0.07700679869173957
-0.1553054305839243 0.035057612254731044
-0.1553054305839243 -0.035057612254731044
0.012254300006200796 0.16113742985826013
0.012254300006200796 -0.16113742985826013
0.0019501474352241685 0.16040337271107566
0.0019501474352241685 -0.16040337271107566
0.08306700948754889 0.12348550981509548
0.08306700948754889 -0.12348550981509548
-0.15682554952098202 0.012863601418091269
-0.15682554952098202 -0.012863601418091269
0.15107920413915393 0.0
0.14081313760474895 0.05153381863627578
0.14081313760474895 -0.05153381863627578
0.044635193867702413 0.14569635662310548
0.044635193867702413 -0.14569635662310548
-0.15677055212233718 0.0
0.07190243851900241 0.1311189366255329
0.07190243851900241 -0.1311189366255329
0.14555850621522287 0.027427518798892738
0.14555850621522287 -0.027427518798892738
0.10620840523539135 0.09789383781641295
0.10620840523539135 -0.09789383781641295
-0.033281459321941785 0.15295583147520259
-0.033281459321941785 -0.15295583147520259
0.020553871311190818 0.14836779972919967
0.020553871311190818 -0.14836779972919967
-0.15178980018048088 0.032276007440667824
-0.15178980018048088 -0.032276007440667824
-0.14362832870642295 0.050758773385556816
-0.14362832870642295 -0.050758773385556816
0.11792263773867577 0.06812961779529872
0.11792263773867577 -0.06812961779529872
0.13355377102211363 0.04589313167033222
0.13355377102211363 -0.04589313167033222
0.09769447348979213 0.09586178221469462
0.09769447348979213 -0.09586178221469462
-0.08979584420472186 0.11431158559290355
-0.08979584420472186 -0.11431158559290355
-0.06820633628426714 0.12699808865476422
-0.06820633628426714 -0.12699808865476422
-0.06140515254453592 0.1284772086191121
-0.06140515254453592 -0.1284772086191121
-0.025454645358179633 0.14428632943910216
-0.025454645358179633 -0.14428632943910216
-0.1108860619368365 0.08749562407739063
-0.1108860619368365 -0.08749562407739063
-0.10072810184477504 0.09637400728383777
-0.10072810184477504 -0.09637400728383777
-0.039080196199722236 0.14034799827913522
-0.039080196199722236 -0.14034799827913522
-0.10475693655041188 0.08794269988475147
-0.10475693655041188 -0.08794269988475147
-0.01315045918975779 0.14433529592463343
-0.01315045918975779 -0.14433529592463343
-0.11526418482985432 0.07088555825104621
-0.11526418482985432 -0.07088555825104621
-0.1435225388074609 0.031491291184969204
-0.1435225388074609 -0.031491291184969204
0.14034418692428102 0.0033937036859435056
0.14034418692428102 -0.0033937036859435056
0.12172748116834402 0.054426228778952805
0.12172748116834402 -0.054426228778952805
0.10906590703326667 0.07517082362287636
0.10906590703326667 -0.07517082362287636
-0.1401634628177032 0.013324180309064793
-0.1401634628177032 -0.013324180309064793
-0.13063079464802266 0.024069732064810223
-0.13063079464802266 -0.024069732064810223
-0.12032741244890628 0.0
-0.06997022818458937 0.11281306665585736
-0.06997022818458937 -0.11281306665585736
-0.11639126112209218 0.0434499058664128
-0.11639126112209218 -0.0434499058664128
-0.08626893963398707 0.08939085532512284
-0.08626893963398707 -0.08939085532512284
0.01649063085732825 0.13449983325273332
0.01649063085732825 -0.13449983325273332
-0.03488328837380532 0.12419611346524895
-0.03488328837380532 -0.12419611346524895
0.051718079708940844 0.12107320551423288
0.051718079708940844 -0.12107320551423288
-0.09633260690553495 0.06550980187327582
-0.09633260690553495 -0.06550980187327582
0.12496060152516991 0.020813051821931924
0.12496060152516991 -0.020813051821931924
-0.007353449047484507 0.12546224427115807
-0.007353449047484507 -0.12546224427115807
0.0018772366249289602 0.12623370707917458
0.0018772366249289602 -0.12623370707917458
0.12321626350904341 0.002906535877812733
0.12321626350904341 -0.002906535877812733
-0.03378044843238298 0.11297091853747672
-0.03378044843238298 -0.11297091853747672
0.01552436890490825 0.12077332674912725
0.01552436890490825 -0.12077332674912725
0.10232027122456239 0.06036864435647462
0.10232027122456239 -0.06036864435647462
0.05560680069887418 0.10572109169723894
0.05560680069887418 -0.10572109169723894
0.060658364299766426 0.0999050167916445
0.060658364299766426 -0.0999050167916445
0.07506241270851108 0.08753343840834546
0.07506241270851108 -0.08753343840834546
0.031245082055702155 0.11139998714585234
0.031245082055702155 -0.11139998714585234
0.10199327748796978 0.04922223078037158
0.10199327748796978 -0.04922223078037158
0.08929240592281203 0.06769163673674475
0.08929240592281203 -0.06769163673674475
0.06657960602161395 0.08590702664726958
0.06657960602161395 -0.08590702664726958
0.1082905647835832 0.0
0.09668102090011466 0.037232927768895294
0.09668102090011466 -0.037232927768895294
0.030729372385534 0.10103203046996267
0.030729372385534 -0.10103203046996267
0.04204006109429045 0.09524527693248383
0.04204006109429045 -0.09524527693248383
0.08332695516344679 0.05447292379050426
0.08332695516344679 -0.05447292379050426
0.08779550657259336 0.04116464917063786
0.08779550657259336 -0.04116464917063786
-0.061583059989576826 0.08885207281866994
-0.061583059989576826 -0.08885207281866994
-0.021098857649122664 0.10494335056825627
-0.021098857649122664 -0.10494335056825627
-0.05028885764131738 0.09052387986644746
-0.05028885764131738 -0.09052387986644746
-0.06188062003427308 0.0839239174064372
-0.06188062003427308 -0.0839239174064372
-0.10052405085390936 0.03862554608874894
-0.10052405085390936 -0.03862554608874894
-0.10562042716617008 0.0
-0.093160307004644 0.04515059774825045
-0.093160307004644 -0.04515059774825045
-0.1070721854121815 0.01959601007520966
-0.1070721854121815 -0.01959601007520966
-0.07571736150032263 0.061421050295741304
-0.07571736150032263 -0.061421050295741304
0.05826224337246282 0.07063618985193999
0.05826224337246282 -0.07063618985193999
0.046115549527085256 0.08108389520375059
0.046115549527085256 -0.08108389520375059
0.005604785391269459 0.1003921830556333
0.005604785391269459 -0.1003921830556333
-0.10007330360244931 0.023729906068885736
-0.10007330360244931 -0.023729906068885736
0.02595442352625588 0.09587290522453124
0.02595442352625588 -0.09587290522453124
0.10060876238802945 0.0
0.09446138538478632 0.004086522055711934
0.09446138538478632 -0.004086522055711934
0.024971059872228023 0.0857848429676887
0.024971059872228023 -0.0857848429676887
0.07870047335301364 0.02904686317042528
0.07870047335301364 -0.02904686317042528
-0.02648255948411568 0.08907612974365296
-0.02648255948411568 -0.08907612974365296
-0.039280614925317855 0.08553700122335371
-0.039280614925317855 -0.08553700122335371
0.04111047568362301 0.07178661597184406
0.04111047568362301 -0.07178661597184406
-0.015092084839490627 0.08702999957208753
-0.015092084839490627 -0.08702999957208753
0.0703395699057765 0.013178535924274678
0.0703395699057765 -0.013178535924274678
-0.08183946867732289 0.0360757334050163
-0.08183946867732289 -0.0360757334050163
-0.03570959109086401 0.0787534255977834
-0.03570959109086401 -0.0787534255977834
0.049776005779743844 0.05299601970641457
0.049776005779743844 -0.05299601970641457
0.060233918373301956 0.037013577341403356
0.060233918373301956 -0.037013577341403356
0.034215762721187676 0.0593700059876883
0.034215762721187676 -0.0593700059876883
0.0012525995084020393 0.0743251709696106
0.0012525995084020393 -0.0743251709696106
-0.05323363022081255 0.06076835245536495
-0.05323363022081255 -0.06076835245536495
-0.08479643986667153 0.004935091134510452
-0.08479643986667153 -0.004935091134510452
-0.06228115233023991 0.04653795816232113
-0.06228115233023991 -0.04653795816232113
0.001357226099669125 0.06032534550832278
0.001357226099669125 -0.06032534550832278
-0.03972977208547417 0.058902710376883924
-0.03972977208547417 -0.058902710376883924
-0.0719227771155074 0.006301772671307534
-0.0719227771155074 -0.006301772671307534
-0.06831520394395559 0.02382088896724041
-0.06831520394395559 -0.02382088896724041
-0.04617665114229011 0.05064524168733944
-0.04617665114229011 -0.05064524168733944
-0.01964337982237613 0.06095620477763473
-0.01964337982237613 -0.06095620477763473
-0.012049961494601934 0.057386001420851776
-0.012049961494601934 -0.057386001420851776
-0.050701438544041265 0.03564721072045142
-0.050701438544041265 -0.03564721072045142
-0.055579371676997245 0.02382556156088868
-0.055579371676997245 -0.02382556156088868
0.03904358003379729 0.041809930111784605
0.03904358003379729 -0.041809930111784605
0.06109929166648631 0.0014546449981185864
0.06109929166648631 -0.0014546449981185864
0.05377850244351703 0.011924912783759192
0.05377850244351703 -0.011924912783759192
0.0264890911333771 0.04479246818640866
0.0264890911333771 -0.04479246818640866
0.017313101060879472 0.04776690903448685
0.017313101060879472 -0.04776690903448685
-0.026185149912499317 0.03490067802246901
-0.026185149912499317 -0.03490067802246901
-0.00544734358254235 0.04336769716077199
-0.00544734358254235 -0.04336769716077199
-0.036525015536207864 0.022121908386228826
-0.036525015536207864 -0.022121908386228826
-0.035118795440049796 0.00823049438389862
-0.035118795440049796 -0.00823049438389862
0.03915354505179629 0.020189013971959578
0.03915354505179629 -0.020189013971959578
0.017645208404973606 0.03725115007631873
0.017645208404973606 -0.03725115007631873
0.026272376621155898 0.0
0.027882711149623186 0.01335225452611136
0.027882711149623186 -0.01335225452611136
-0.017417028258527527 0.013296440535158566
-0.017417028258527527 -0.013296440535158566
-0.005943279155648268 0.022861644480037396
-0.005943279155648268 -0.022861644480037396
0.016573382656502968 0.0
-0.00997064542093175 0.005406747756737034
-0.00997064542093175 -0.005406747756737034
