-1.3630007722820054 2.319926679923217
-1.3630007722820054 -2.319926679923217
1.405820618879389 1.0922527193546707
1.405820618879389 -1.0922527193546707
1.1392244530071869 0.10864239407116688
1.1392244530071869 -0.10864239407116688
-0.5674826562618273 0.9110048945485106
-0.5674826562618273 -0.9110048945485106
-0.9586174647489389 0.39634435640885535
-0.9586174647489389 -0.39634435640885535
-0.37719156692585204 0.947307560913781
-0.37719156692585204 -0.947307560913781
0.13388653191423827 0.9991552646611099
0.13388653191423827 -0.9991552646611099
0.339397954650167 0.944793272481171
0.339397954650167 -0.944793272481171
-0.15265849217973057 0.9636219125525696
-0.15265849217973057 -0.9636219125525696
-0.9674850335490794 0.11806296428623266
-0.9674850335490794 -0.11806296428623266
-0.7682861273613797 0.5821284926270479
-0.7682861273613797 -0.5821284926270479
-0.9081243018403942 0.1996903150090215
-0.9081243018403942 -0.1996903150090215
-0.6851185945431664 0.6489529311898835
-0.6851185945431664 -0.6489529311898835
-0.8973055083671804 0.0
-0.6379465679181318 0.6506864477084107
-0.6379465679181318 -0.6506864477084107
-0.298869084746603 0.8736754194781476
-0.298869084746603 -0.8736754194781476
0.0931439889483017 0.9178533144956069
0.0931439889483017 -0.9178533144956069
0.9986388420444938 0.14853647427939246
0.9986388420444938 -0.14853647427939246
0.8873819783771857 0.4436567318634015
0.8873819783771857 -0.4436567318634015
0.5667267476839853 0.757621528282105
0.5667267476839853 -0.757621528282105
0.652772782065369 0.7028787737505373
0.652772782065369 -0.7028787737505373
0.8864400087177673 0.293840400075774
0.8864400087177673 -0.293840400075774
0.7913949746112544 0.486615366322053
0.7913949746112544 -0.486615366322053
0.7515601605469187 0.5330886288598902
0.7515601605469187 -0.5330886288598902
0.6956311865536333 0.5986513206729376
0.6956311865536333 -0.5986513206729376
0.8865207017307585 0.09796027051055088
0.8865207017307585 -0.09796027051055088
-0.8227092099370558 0.24817187582827632
-0.8227092099370558 -0.24817187582827632
-0.5160980287341419 0.7136980301999888
-0.5160980287341419 -0.7136980301999888
0.8528174938106734 0.13139389283880767
0.8528174938106734 -0.13139389283880767
-0.7422476939301985 0.413253828405292
-0.7422476939301985 -0.413253828405292
0.010145926311388023 0.8607077279450496
0.010145926311388023 -0.8607077279450496
-0.4592003297191712 0.723752932733384
-0.4592003297191712 -0.723752932733384
0.7798676812890173 0.2792830349819846
0.7798676812890173 -0.2792830349819846
0.5353176643386037 0.6596057702032853
0.5353176643386037 -0.6596057702032853
-0.32143306719418707 0.7931562335478918
-0.32143306719418707 -0.7931562335478918
0.343727103865905 0.7637776770711104
0.343727103865905 -0.7637776770711104
0.1567812885455191 0.8216891890808986
0.1567812885455191 -0.8216891890808986
0.8044340536270647 0.060528053387457544
0.8044340536270647 -0.060528053387457544
-0.6479113282285709 0.5155531346397081
-0.6479113282285709 -0.5155531346397081
0.37407132500293094 0.716572710137625
0.37407132500293094 -0.716572710137625
0.7050144977694488 0.3590959904813581
0.7050144977694488 -0.3590959904813581
-0.8038435657069702 0.0
-0.007250125252380807 0.796106044237108
-0.007250125252380807 -0.796106044237108
0.16826074223175946 0.7687910284175562
0.16826074223175946 -0.7687910284175562
-0.1302692575922287 0.771315217023651
-0.1302692575922287 -0.771315217023651
0.4950695149757509 0.5989859086045325
0.4950695149757509 -0.5989859086045325
-0.7335603146670742 0.2183171558128415
-0.7335603146670742 -0.2183171558128415
-0.74718409718602 0.07403289467227286
-0.74718409718602 -0.07403289467227286
-0.43043755834867387 0.6383112634104449
-0.43043755834867387 -0.6383112634104449
0.5962890608589688 0.45469918725835917
0.5962890608589688 -0.45469918725835917
0.5583674925925294 0.5028300765528891
0.5583674925925294 -0.5028300765528891
-0.6267928278775772 0.4055808975618146
-0.6267928278775772 -0.4055808975618146
-0.5515301937920278 0.49390885563175607
-0.5515301937920278 -0.49390885563175607
-0.22090322877768748 0.7080251445818798
-0.22090322877768748 -0.7080251445818798
0.20372530371686604 0.7040948980701436
0.20372530371686604 -0.7040948980701436
0.4373097156338566 0.5822018859651185
0.4373097156338566 -0.5822018859651185
0.0012682519037466235 0.7271600089212918
0.0012682519037466235 -0.7271600089212918
-0.30205591512063523 0.6533103675677147
-0.30205591512063523 -0.6533103675677147
-0.43704754464393325 0.5589496148560609
-0.43704754464393325 -0.5589496148560609
-0.6736291960271393 0.14835175111532634
-0.6736291960271393 -0.14835175111532634
-0.6333823267393119 0.2095125338392786
-0.6333823267393119 -0.2095125338392786
-0.5587872655791875 0.3827033898768749
-0.5587872655791875 -0.3827033898768749
0.6424946676305814 0.2663640980417088
0.6424946676305814 -0.2663640980417088
-0.07940357033768991 0.6813937347087046
-0.07940357033768991 -0.6813937347087046
0.29763913753127785 0.6123058255330552
0.29763913753127785 -0.6123058255330552
-0.2934461914765443 0.5972938392785366
-0.2934461914765443 -0.5972938392785366
0.6440912845543932 0.0
0.5614176467841203 0.34190215103648564
0.5614176467841203 -0.34190215103648564
-0.4321317245516889 0.4636388571063227
-0.4321317245516889 -0.4636388571063227
-0.5961652363508846 0.0
0.1539197226038827 0.6004553013278908
0.1539197226038827 -0.6004553013278908
0.03888278309289146 0.6104439460289223
0.03888278309289146 -0.6104439460289223
0.47627422608746833 0.3768258607890916
0.47627422608746833 -0.3768258607890916
0.6043532244691032 0.05199230253666958
0.6043532244691032 -0.05199230253666958
0.5777236506011385 0.1517096216432654
0.5777236506011385 -0.1517096216432654
0.20389707367691934 0.5640694938864267
0.20389707367691934 -0.5640694938864267
0.37541170357977305 0.4538643848411255
0.37541170357977305 -0.4538643848411255
0.3206782770749761 0.49180834016719505
0.3206782770749761 -0.49180834016719505
0.5305521432499899 0.24286752298624384
0.5305521432499899 -0.24286752298624384
0.3478740283478439 0.4664190304726252
0.3478740283478439 -0.4664190304726252
-0.009630040773412844 0.5839238338296849
-0.009630040773412844 -0.5839238338296849
-0.5582141591713665 0.11499680868093592
-0.5582141591713665 -0.11499680868093592
-0.18030607337801108 0.5425578871668357
-0.18030607337801108 -0.5425578871668357
-0.10349757086168229 0.5640319707824851
-0.10349757086168229 -0.5640319707824851
-0.2503970185426172 0.5096497453598386
-0.2503970185426172 -0.5096497453598386
0.5675015490534911 0.03161398164128111
0.5675015490534911 -0.03161398164128111
-0.4452276105505377 0.35539502061740114
-0.4452276105505377 -0.35539502061740114
-0.47341914814994146 0.31325547299987827
-0.47341914814994146 -0.31325547299987827
0.18819317041702865 0.5102401560348317
0.18819317041702865 -0.5102401560348317
-0.5283501593980361 0.046451437531617186
-0.5283501593980361 -0.046451437531617186
0.13180717723654095 0.5240449858803978
0.13180717723654095 -0.5240449858803978
0.4673044927651179 0.26337273327110433
0.4673044927651179 -0.26337273327110433
-0.3809759334880155 0.3550441912995303
-0.3809759334880155 -0.3550441912995303
-0.27096295405686754 0.4397826455650498
-0.27096295405686754 -0.4397826455650498
-0.45963480578207705 0.23189752877733477
-0.45963480578207705 -0.23189752877733477
0.3156954854333456 0.3852896701590783
0.3156954854333456 -0.3852896701590783
0.43063578194213925 0.22259854292507722
0.43063578194213925 -0.22259854292507722
0.012820415647274363 0.47719569376547405
0.012820415647274363 -0.47719569376547405
-0.3841564467751086 0.2585963119731
-0.3841564467751086 -0.2585963119731
-0.4230066166231262 0.1381991626604431
-0.4230066166231262 -0.1381991626604431
-0.44377811970906555 0.0
-0.15189539642503716 0.4052994335983223
-0.15189539642503716 -0.4052994335983223
0.37190656798785193 0.22984031902734833
0.37190656798785193 -0.22984031902734833
0.33423523644682085 0.27958003732346615
0.33423523644682085 -0.27958003732346615
0.2841851828397861 0.3279801985492404
0.2841851828397861 -0.3279801985492404
-0.1692968015233556 0.3890096109142658
-0.1692968015233556 -0.3890096109142658
0.41035554797830465 0.12400713923248499
0.41035554797830465 -0.12400713923248499
-0.07416893269464256 0.41179457316848916
-0.07416893269464256 -0.41179457316848916
0.42302904741910746 0.062452735954044374
0.42302904741910746 -0.062452735954044374
-0.1985116946924586 0.36747176402638715
-0.1985116946924586 -0.36747176402638715
-0.37696054706160353 0.18482377486652687
-0.37696054706160353 -0.18482377486652687
-0.2931752968855349 0.2829295319768957
-0.2931752968855349 -0.2829295319768957
0.027869555190493285 0.4112699610808423
0.027869555190493285 -0.4112699610808423
-0.4158997980671494 0.013656936896878946
-0.4158997980671494 -0.013656936896878946
-0.14522072379266732 0.3707692666101174
-0.14522072379266732 -0.3707692666101174
-0.21982854212158653 0.3133354322307108
-0.21982854212158653 -0.3133354322307108
0.4028224702928298 0.0
-0.04262112071896014 0.38672507805747836
-0.04262112071896014 -0.38672507805747836
-0.3140714851561779 0.21619561870338824
-0.3140714851561779 -0.21619561870338824
0.3032279798923163 0.24231223957841477
0.3032279798923163 -0.24231223957841477
0.08127340503865288 0.37387598847667136
0.08127340503865288 -0.37387598847667136
0.19172239364229607 0.33595666126721235
0.19172239364229607 -0.33595666126721235
0.2645429607131159 0.27802548514683395
0.2645429607131159 -0.27802548514683395
-0.3746829992531696 0.08582372298513705
-0.3746829992531696 -0.08582372298513705
0.004301030014863384 0.36034286684835665
0.004301030014863384 -0.36034286684835665
0.11441831008704563 0.3430452044924377
0.11441831008704563 -0.3430452044924377
-0.3573707861306776 0.0
0.26811179235286614 0.2287061921644645
0.26811179235286614 -0.2287061921644645
0.345060914077531 0.07814058397185752
0.345060914077531 -0.07814058397185752
0.15500985935598688 0.31681418858863253
0.15500985935598688 -0.31681418858863253
0.34212981213854987 0.0
0.33637270446749384 0.09342797794601532
0.33637270446749384 -0.09342797794601532
-0.3292626623257139 0.10697532318784635
-0.3292626623257139 -0.10697532318784635
0.19563192835016263 0.28486569019061936
0.19563192835016263 -0.28486569019061936
-0.34211667345122065 0.05635708410020672
-0.34211667345122065 -0.05635708410020672
0.2805105036260488 0.18997389059364173
0.2805105036260488 -0.18997389059364173
-0.06168439184553674 0.3363906364097196
-0.06168439184553674 -0.3363906364097196
0.0854411626370781 0.3267386228610967
0.0854411626370781 -0.3267386228610967
-0.22302585274971726 0.2508377654856943
-0.22302585274971726 -0.2508377654856943
-0.23716928185096775 0.23646846567702617
-0.23716928185096775 -0.23646846567702617
-0.3061806765595541 0.11770397160674993
-0.3061806765595541 -0.11770397160674993
0.011506182859515202 0.3256481527523116
0.011506182859515202 -0.3256481527523116
0.18277311503082888 0.2586327412286444
0.18277311503082888 -0.2586327412286444
-0.1153186049419173 0.30071121047106986
-0.1153186049419173 -0.30071121047106986
0.30286448376088726 0.06772614580403327
0.30286448376088726 -0.06772614580403327
-0.2739483769226196 0.16647207501097852
-0.2739483769226196 -0.16647207501097852
0.2750904083568626 0.13440292434335271
0.2750904083568626 -0.13440292434335271
0.21566695751876408 0.21752311903946303
0.21566695751876408 -0.21752311903946303
0.2509689202522441 0.1677131341369995
0.2509689202522441 -0.1677131341369995
-0.25446541464726286 0.18397316158317054
-0.25446541464726286 -0.18397316158317054
0.2895779186132032 0.061709706133949806
0.2895779186132032 -0.061709706133949806
-0.19851504199106274 0.24182088369575566
-0.19851504199106274 -0.24182088369575566
0.27788541696308716 0.08267880651339114
0.27788541696308716 -0.08267880651339114
0.264093613081804 0.11966380979318786
0.264093613081804 -0.11966380979318786
-0.2939732954711378 0.06868827341803746
-0.2939732954711378 -0.06868827341803746
0.2837363889378227 0.013973693982463245
0.2837363889378227 -0.013973693982463245
0.13352974814369026 0.2598339260292802
0.13352974814369026 -0.2598339260292802
0.18925391307374229 0.2172108153821044
0.18925391307374229 -0.2172108153821044
0.09248068390513513 0.27546281643792125
0.09248068390513513 -0.27546281643792125
-0.28906149442128254 0.0
-0.294663303157807 0.01126408564878018
-0.294663303157807 -0.01126408564878018
0.0655114480202255 0.28329574820473336
0.0655114480202255 -0.28329574820473336
-0.04251039358889151 0.295784304430429
-0.04251039358889151 -0.295784304430429
-0.23377852467872592 0.17601661122088175
-0.23377852467872592 -0.17601661122088175
-0.006130506577806677 0.28554322485110895
-0.006130506577806677 -0.28554322485110895
-0.05743281929792626 0.27906973579071953
-0.05743281929792626 -0.27906973579071953
-0.11254865550638393 0.26522506222452935
-0.11254865550638393 -0.26522506222452935
-0.15233100541070915 0.24291596879606203
-0.15233100541070915 -0.24291596879606203
-0.25232801064659544 0.12702906606216155
-0.25232801064659544 -0.12702906606216155
-0.1332325399791464 0.24739672802112705
-0.1332325399791464 -0.24739672802112705
-0.20229757229110573 0.19103082187863998
-0.20229757229110573 -0.19103082187863998
0.20622988963071565 0.17650003010804755
0.20622988963071565 -0.17650003010804755
0.12422690611825477 0.24168210758991976
0.12422690611825477 -0.24168210758991976
-0.24609945018324247 0.11530079847488535
-0.24609945018324247 -0.11530079847488535
-0.27111079620336587 0.02494056922327083
-0.27111079620336587 -0.02494056922327083
-0.18552006388965878 0.1929342012385037
-0.18552006388965878 -0.1929342012385037
-0.2571302707918651 0.06305968798241315
-0.2571302707918651 -0.06305968798241315
-0.050548734869905076 0.2614032297643489
-0.050548734869905076 -0.2614032297643489
0.022898008987954247 0.267207814960737
0.022898008987954247 -0.267207814960737
-0.2519608560711504 0.0394546641569576
-0.2519608560711504 -0.0394546641569576
0.1455613160151549 0.22205282417144684
0.1455613160151549 -0.22205282417144684
-0.0768382870855013 0.247769655147204
-0.0768382870855013 -0.247769655147204
0.2659190421878462 0.0
-0.24768180607677673 0.0
0.2599066097088168 0.04359240784239008
0.2599066097088168 -0.04359240784239008
0.030130532093184663 0.25566433284378925
0.030130532093184663 -0.25566433284378925
0.24464799080916114 0.08500524757879425
0.24464799080916114 -0.08500524757879425
0.16792928463252454 0.18561428850587378
0.16792928463252454 -0.18561428850587378
0.2203628504664531 0.11731108049222105
0.2203628504664531 -0.11731108049222105
0.1880292321847302 0.16128081914510983
0.1880292321847302 -0.16128081914510983
0.11757113862712812 0.21770734515332435
0.11757113862712812 -0.21770734515332435
0.19652845722707646 0.1477698864153094
0.19652845722707646 -0.1477698864153094
0.0860674272881683 0.23184277658007799
0.0860674272881683 -0.23184277658007799
-0.190018775422458 0.16152575886279388
-0.190018775422458 -0.16152575886279388
-0.2172663909018816 0.11850605618026942
-0.2172663909018816 -0.11850605618026942
0.2346743664764683 0.07471356028159748
0.2346743664764683 -0.07471356028159748
-0.026086240155949292 0.2416373299475527
-0.026086240155949292 -0.2416373299475527
0.23980300014801922 0.044462084011829404
0.23980300014801922 -0.044462084011829404
0.03253531987876328 0.23957134565883698
0.03253531987876328 -0.23957134565883698
-0.09388133466988063 0.22331592270359346
-0.09388133466988063 -0.22331592270359346
-0.19302752123662642 0.14383528506290397
-0.19302752123662642 -0.14383528506290397
-0.1281313721512945 0.20091185615720844
-0.1281313721512945 -0.20091185615720844
0.22933401534428455 0.01722356575801556
0.22933401534428455 -0.01722356575801556
0.2043112517484309 0.11341290007060734
0.2043112517484309 -0.11341290007060734
0.21138933349767744 0.06210841983925279
0.21138933349767744 -0.06210841983925279
0.1620962563017136 0.16134075914711954
0.1620962563017136 -0.16134075914711954
0.13572032969593872 0.18796397664101117
0.13572032969593872 -0.18796397664101117
0.12391409165713393 0.19418909631431605
0.12391409165713393 -0.19418909631431605
-0.1770258690836206 0.1576222947599677
-0.1770258690836206 -0.1576222947599677
-0.1135351875968651 0.20992437398981034
-0.1135351875968651 -0.20992437398981034
0.15611108087371892 0.15301999049818857
0.15611108087371892 -0.15301999049818857
0.09972175993697886 0.19868156527419742
0.09972175993697886 -0.19868156527419742
0.041230386113466 0.22277009564628666
0.041230386113466 -0.22277009564628666
-0.2246312743182534 0.0766589590459121
-0.2246312743182534 -0.0766589590459121
-0.03748656022175825 0.2301129902337235
-0.03748656022175825 -0.2301129902337235
0.01584571817287527 0.22886579562531964
0.01584571817287527 -0.22886579562531964
-0.08281002962823242 0.21305713277482197
-0.08281002962823242 -0.21305713277482197
-0.06216195024527393 0.21968812598658416
-0.06216195024527393 -0.21968812598658416
-0.2272425201010642 0.0
-0.1274448897594736 0.178011038086596
-0.1274448897594736 -0.178011038086596
-0.19023511746401733 0.11615973418600156
-0.19023511746401733 -0.11615973418600156
-0.22304970297650178 0.0454106361532609
-0.22304970297650178 -0.0454106361532609
-0.22278327754918345 0.033793595404983966
-0.22278327754918345 -0.033793595404983966
-0.02328563696157486 0.2216342763771896
-0.02328563696157486 -0.2216342763771896
0.0013100452014920552 0.22007103437674147
0.0013100452014920552 -0.22007103437674147
-0.19182612820375727 0.1017191858161574
-0.19182612820375727 -0.1017191858161574
-0.21435111857618294 0.04552458080722944
-0.21435111857618294 -0.04552458080722944
-0.03281307756250785 0.20637178519582627
-0.03281307756250785 -0.20637178519582627
-0.20804656570285693 0.0
-0.20349970039131798 0.06055141214781744
-0.20349970039131798 -0.06055141214781744
-0.15551026475614574 0.13929211299131253
-0.15551026475614574 -0.13929211299131253
-0.08319020591502238 0.19913899911136812
-0.08319020591502238 -0.19913899911136812
-0.11306053984386052 0.1713012860562574
-0.11306053984386052 -0.1713012860562574
-0.10725962710669038 0.17527512239397272
-0.10725962710669038 -0.17527512239397272
-0.045796776581105675 0.20923502577616934
-0.045796776581105675 -0.20923502577616934
-0.14169299456550727 0.14203603001949958
-0.14169299456550727 -0.14203603001949958
0.10386866284376975 0.1878778171601164
0.10386866284376975 -0.1878778171601164
0.059947005631212136 0.20319047062083603
0.059947005631212136 -0.20319047062083603
0.13899814137684424 0.1588110735471004
0.13899814137684424 -0.1588110735471004
0.2043005561326517 0.0742443072642587
0.2043005561326517 -0.0742443072642587
0.21180549398123133 0.04570755296492604
0.21180549398123133 -0.04570755296492604
0.19136982190298144 0.0980525921993507
0.19136982190298144 -0.0980525921993507
0.18460247389310952 0.10422677376231658
0.18460247389310952 -0.10422677376231658
0.21092746248796584 0.005977603746462576
0.21092746248796584 -0.005977603746462576
0.04348032366820734 0.2007358367346467
0.04348032366820734 -0.2007358367346467
0.1831572288915403 0.09712109162095825
0.1831572288915403 -0.09712109162095825
0.20759942457401326 0.020387265285469653
0.20759942457401326 -0.020387265285469653
0.03248006327776515 0.20375897600303633
0.03248006327776515 -0.20375897600303633
0.19371727139856815 0.07093677614101555
0.19371727139856815 -0.07093677614101555
-0.16466195805672176 0.11408103391379029
-0.16466195805672176 -0.11408103391379029
0.1633595263609364 0.1213599390488437
0.1633595263609364 -0.1213599390488437
0.1502142483719833 0.13746606860794702
0.1502142483719833 -0.13746606860794702
-0.07038711943937741 0.18986042542146733
-0.07038711943937741 -0.18986042542146733
0.19944697545224685 0.0
0.10435013182576838 0.17464772211682278
0.10435013182576838 -0.17464772211682278
-0.11722762018645083 0.15671114882303336
-0.11722762018645083 -0.15671114882303336
0.06544946017726394 0.1925327056967792
0.06544946017726394 -0.1925327056967792
0.0890972133819156 0.18135392249417517
0.0890972133819156 -0.18135392249417517
0.01887258696658323 0.20196542627093758
0.01887258696658323 -0.20196542627093758
0.19153167296335055 0.04627432114552985
0.19153167296335055 -0.04627432114552985
-0.2005695567253904 0.012084646067279745
-0.2005695567253904 -0.012084646067279745
-0.009820339809781229 0.19594564176392784
-0.009820339809781229 -0.19594564176392784
-0.1821180604603584 0.07949103051578744
-0.1821180604603584 -0.07949103051578744
-0.1414853249143935 0.13575004075171776
-0.1414853249143935 -0.13575004075171776
0.1430364188115935 0.12802410660600883
0.1430364188115935 -0.12802410660600883
-0.17152701301797962 0.09265519155872178
-0.17152701301797962 -0.09265519155872178
-0.14515320024485218 0.12640769856003142
-0.14515320024485218 -0.12640769856003142
-0.14950573168751213 0.11885811197357464
-0.14950573168751213 -0.11885811197357464
-0.17277539950170462 0.0824857532532994
-0.17277539950170462 -0.0824857532532994
-0.075313883548158 0.17383468802667915
-0.075313883548158 -0.17383468802667915
-0.10374944685078585 0.15379131133462826
-0.10374944685078585 -0.15379131133462826
-0.19366716659983474 0.0
-0.04340697176977015 0.18230849839401994
-0.04340697176977015 -0.18230849839401994
0.03577558460827413 0.18553700482338362
0.03577558460827413 -0.18553700482338362
0.05890917303141712 0.17626235320480418
0.05890917303141712 -0.17626235320480418
0.1568393468331438 0.102092935012964
0.1568393468331438 -0.102092935012964
0.11186626814391396 0.14862988641994226
0.11186626814391396 -0.14862988641994226
-0.18180282314239254 0.04024236448267783
-0.18180282314239254 -0.04024236448267783
0.14140793414940325 0.11868048373395118
0.14140793414940325 -0.11868048373395118
0.08766364474999847 0.16224596813162945
0.08766364474999847 -0.16224596813162945
0.1774060232333531 0.055551242063789655
0.1774060232333531 -0.055551242063789655
0.09539533976294835 0.15638235461102123
0.09539533976294835 -0.15638235461102123
-0.1771787508701897 0.05397987337776838
-0.1771787508701897 -0.05397987337776838
0.18083496338522226 0.026137627405523018
0.18083496338522226 -0.026137627405523018
0.183609387584309 0.019988577119296948
0.183609387584309 -0.019988577119296948
-0.12069656291105763 0.1321061591010241
-0.12069656291105763 -0.1321061591010241
0.17795797841666264 0.0
0.14651386278151649 0.10104564150652533
0.14651386278151649 -0.10104564150652533
-0.17991309673503345 0.0361669269411412
-0.17991309673503345 -0.0361669269411412
0.11748230161782064 0.13303649764489736
0.11748230161782064 -0.13303649764489736
-0.1348762708289935 0.1105460605482057
-0.1348762708289935 -0.1105460605482057
-0.09932732834463037 0.14099102966461272
-0.09932732834463037 -0.14099102966461272
-0.08402333209376452 0.15094804819684984
-0.08402333209376452 -0.15094804819684984
-0.05247897371521199 0.17328196098064133
-0.05247897371521199 -0.17328196098064133
-0.001044851806499527 0.18123279050225732
-0.001044851806499527 -0.18123279050225732
0.1008123132840078 0.1390928273092756
0.1008123132840078 -0.1390928273092756
-0.1436307672862795 0.09276449473186221
-0.1436307672862795 -0.09276449473186221
0.01185820997092834 0.17941845154471453
0.01185820997092834 -0.17941845154471453
0.07124982130800175 0.16220660849728813
0.07124982130800175 -0.16220660849728813
-0.012228672843771715 0.17841353812519625
-0.012228672843771715 -0.17841353812519625
0.029272676374901056 0.17147944963526005
0.029272676374901056 -0.17147944963526005
0.16178883258582805 0.06471031496278866
0.16178883258582805 -0.06471031496278866
-0.03358036664276046 0.17230436632624863
-0.03358036664276046 -0.17230436632624863
0.16951664011963577 0.0195958019236963
0.16951664011963577 -0.0195958019236963
-0.06177177430514078 0.15979421194467525
-0.06177177430514078 -0.15979421194467525
0.1508146593728587 0.07913962421422248
0.1508146593728587 -0.07913962421422248
-0.11951908586163439 0.11511059303123515
-0.11951908586163439 -0.11511059303123515
-0.1506435581477687 0.0789754059219285
-0.1506435581477687 -0.0789754059219285
-0.17430087637637054 0.011871016782825726
-0.17430087637637054 -0.011871016782825726
0.15289976229580782 0.06627135219502385
0.15289976229580782 -0.06627135219502385
-0.1536093702963673 0.07197074370458863
-0.1536093702963673 -0.07197074370458863
0.0888191776973955 0.1400308374786541
0.0888191776973955 -0.1400308374786541
0.1149527251384678 0.11478608630657915
0.1149527251384678 -0.11478608630657915
0.12879083321764367 0.09945823629714336
0.12879083321764367 -0.09945823629714336
0.043495133044011994 0.15966508709495492
0.043495133044011994 -0.15966508709495492
-0.16217796865961118 0.04812749405468674
-0.16217796865961118 -0.04812749405468674
-0.04610939283114584 0.15954391811232166
-0.04610939283114584 -0.15954391811232166
-0.16663851294429954 0.011731201007312305
-0.16663851294429954 -0.011731201007312305
-0.027590262845415207 0.16349808826740622
-0.027590262845415207 -0.16349808826740622
0.06255016569611907 0.15052682051938834
0.06255016569611907 -0.15052682051938834
0.15671848128835678 0.040704120074495254
0.15671848128835678 -0.040704120074495254
-0.15334276830286206 0.04757607447699116
-0.15334276830286206 -0.04757607447699116
-0.07749394126591508 0.13886841582440634
-0.07749394126591508 -0.13886841582440634
0.13979666289684717 0.07724780995605411
0.13979666289684717 -0.07724780995605411
-0.05700442811232467 0.14955340289415275
-0.05700442811232467 -0.14955340289415275
0.028418137258162036 0.1566583918637316
0.028418137258162036 -0.1566583918637316
0.1563294849093621 0.031512098952397996
0.1563294849093621 -0.031512098952397996
0.10410378358459052 0.11844762315425802
0.10410378358459052 -0.11844762315425802
-0.014446369414457955 0.1582377264997481
-0.014446369414457955 -0.1582377264997481
-0.09519941509672536 0.12448504120686613
-0.09519941509672536 -0.12448504120686613
-0.11668904475622055 0.10270335490912544
-0.11668904475622055 -0.10270335490912544
-0.12441365845715663 0.09243667326404055
-0.12441365845715663 -0.09243667326404055
-0.14190350793958442 0.056854612567615044
-0.14190350793958442 -0.056854612567615044
0.11882057007131919 0.09668032055834166
0.11882057007131919 -0.09668032055834166
0.15654880441548785 0.005385695807919821
0.15654880441548785 -0.005385695807919821
0.14613795130415308 0.05169661283134693
0.14613795130415308 -0.05169661283134693
-0.15362611122079517 0.0
0.05250238906895682 0.1441102048745599
0.05250238906895682 -0.1441102048745599
0.07485190815908288 0.1330060199603017
0.07485190815908288 -0.1330060199603017
-0.004246367928794657 0.15529731642214023
-0.004246367928794657 -0.15529731642214023
-0.15052375661637593 0.022115081804449856
-0.15052375661637593 -0.022115081804449856
0.0019895841920224786 0.15267054862102686
0.0019895841920224786 -0.15267054862102686
-0.07249289874735206 0.1336277090080105
-0.07249289874735206 -0.1336277090080105
-0.09928926473551483 0.11013105091283547
-0.09928926473551483 -0.11013105091283547
-0.1448984386615827 0.03388780546201911
-0.1448984386615827 -0.03388780546201911
-0.12840622765378545 0.07385677946572704
-0.12840622765378545 -0.07385677946572704
0.04018117147059844 0.1422098747289532
0.04018117147059844 -0.1422098747289532
0.09866965399522323 0.10647441163457186
0.09866965399522323 -0.10647441163457186
0.08756908126386126 0.11534551819540159
0.08756908126386126 -0.11534551819540159
-0.03309226728233281 0.1432473616800215
-0.03309226728233281 -0.1432473616800215
-0.048675369779413336 0.13824123231044153
-0.048675369779413336 -0.13824123231044153
-0.002922332674817964 0.14722976117161027
-0.002922332674817964 -0.14722976117161027
0.14388033157983432 0.015677053687782792
0.14388033157983432 -0.015677053687782792
0.14080594342600114 0.030875381871621557
0.14080594342600114 -0.030875381871621557
0.13365807600246754 0.05200246804497792
0.13365807600246754 -0.05200246804497792
0.14487357411937515 0.0
0.11106906191701224 0.08701960748219725
0.11106906191701224 -0.08701960748219725
0.07119893431272215 0.12310837840502198
0.07119893431272215 -0.12310837840502198
0.056506540034898786 0.1300071006182069
0.056506540034898786 -0.1300071006182069
-0.12106602234572737 0.07520217191956069
-0.12106602234572737 -0.07520217191956069
-0.14206430813297707 0.0
0.01629494470543779 0.14070574775649564
0.01629494470543779 -0.14070574775649564
-0.09458467101267526 0.10007231500887748
-0.09458467101267526 -0.10007231500887748
-0.06061018554091159 0.12650252837683656
-0.06061018554091159 -0.12650252837683656
-0.1258882758847494 0.06000078603743916
-0.1258882758847494 -0.06000078603743916
-0.13688684070155857 0.030104304514699844
-0.13688684070155857 -0.030104304514699844
0.09332747004697935 0.10014641642288918
0.09332747004697935 -0.10014641642288918
-0.07977380111960772 0.11155970143538255
-0.07977380111960772 -0.11155970143538255
-0.08515700811894095 0.10303661315452813
-0.08515700811894095 -0.10303661315452813
-0.09527804893475741 0.09375685856481908
-0.09527804893475741 -0.09375685856481908
-0.1397104615635645 0.008466650489542003
-0.1397104615635645 -0.008466650489542003
0.11497156934608038 0.06970713163308684
0.11497156934608038 -0.06970713163308684
0.11254075677380171 0.06957584627642756
0.11254075677380171 -0.06957584627642756
-0.10106939243134411 0.08032669365974474
-0.10106939243134411 -0.08032669365974474
-0.1260711764581228 0.047769306245418044
-0.1260711764581228 -0.047769306245418044
0.11724016745050095 0.0621055613323527
0.11724016745050095 -0.0621055613323527
0.1275369366860127 0.042181809744192285
0.1275369366860127 -0.042181809744192285
0.12975680273691442 0.0031059476706902867
0.12975680273691442 -0.0031059476706902867
0.12629025986967607 0.022785719215583124
0.12629025986967607 -0.022785719215583124
0.07782464508068945 0.10290544829228983
0.07782464508068945 -0.10290544829228983
0.0662522173976604 0.11001243960132771
0.0662522173976604 -0.11001243960132771
-0.10899716019404597 0.06791167373410162
-0.10899716019404597 -0.06791167373410162
0.10875261378717388 0.05356592417882523
0.10875261378717388 -0.05356592417882523
-0.06729010550471393 0.11135176095544398
-0.06729010550471393 -0.11135176095544398
-0.0006910511249364926 0.1317012941030139
-0.0006910511249364926 -0.1317012941030139
-0.12754277992929963 0.0
-0.05870203880320046 0.11471705441935283
-0.05870203880320046 -0.11471705441935283
0.025291040963706688 0.12672216526770802
0.025291040963706688 -0.12672216526770802
-0.025349913511340527 0.12818064596889192
-0.025349913511340527 -0.12818064596889192
0.050570924502661666 0.11650583340418429
0.050570924502661666 -0.11650583340418429
0.0205162525505447 0.12513460477721453
0.0205162525505447 -0.12513460477721453
-0.1241116287731095 0.020787900509862154
-0.1241116287731095 -0.020787900509862154
-0.11829144744049391 0.03825943544828223
-0.11829144744049391 -0.03825943544828223
-0.009869294284332392 0.12566864911279194
-0.009869294284332392 -0.12566864911279194
-0.034606169671636856 0.11966837476153859
-0.034606169671636856 -0.11966837476153859
-0.045421841994576814 0.11369397595414958
-0.045421841994576814 -0.11369397595414958
0.02908762982972334 0.11761673308862958
0.02908762982972334 -0.11761673308862958
0.04787678839988982 0.10950974167743531
0.04787678839988982 -0.10950974167743531
-0.09172175944343561 0.07362862592902825
-0.09172175944343561 -0.07362862592902825
-0.02266522347285852 0.11996322020232553
-0.02266522347285852 -0.11996322020232553
-0.12015550740426102 0.008782401219805244
-0.12015550740426102 -0.008782401219805244
-0.0594493339747227 0.09814831646712058
-0.0594493339747227 -0.09814831646712058
0.0934166746816929 0.06779937782316967
0.0934166746816929 -0.06779937782316967
0.06745716243253544 0.09095315942907743
0.06745716243253544 -0.09095315942907743
0.11491493765250553 0.01905299393327548
0.11491493765250553 -0.01905299393327548
0.0815533394342965 0.07421409622019107
0.0815533394342965 -0.07421409622019107
0.07994607066793921 0.07586639950949488
0.07994607066793921 -0.07586639950949488
0.1123327888361133 0.003740444637031904
0.1123327888361133 -0.003740444637031904
0.09024723549577301 0.05937043726503915
0.09024723549577301 -0.05937043726503915
0.07287696684418701 0.07916539092539472
0.07287696684418701 -0.07916539092539472
-0.11100236707120394 0.0
0.010222292955062084 0.10943506527691296
0.010222292955062084 -0.10943506527691296
-0.10913481575393603 0.02177311995780056
-0.10913481575393603 -0.02177311995780056
-0.0100820410082525 0.10883113392175504
-0.0100820410082525 -0.10883113392175504
-0.10124691347110373 0.04292886199282043
-0.10124691347110373 -0.04292886199282043
-0.07611169197374255 0.07672005528423104
-0.07611169197374255 -0.07672005528423104
-0.09614418701438562 0.04919226711059032
-0.09614418701438562 -0.04919226711059032
-0.041752955058042864 0.10019978393430826
-0.041752955058042864 -0.10019978393430826
-0.03624612347754384 0.10165025194484778
-0.03624612347754384 -0.10165025194484778
-0.06416335556205333 0.08318953817277239
-0.06416335556205333 -0.08318953817277239
-0.04348617537708581 0.0970183790934894
-0.04348617537708581 -0.0970183790934894
-0.09252810738882772 0.0497441419431476
-0.09252810738882772 -0.0497441419431476
0.047077081347974496 0.09346206450469774
0.047077081347974496 -0.09346206450469774
0.05560724475092463 0.08813427214127482
0.05560724475092463 -0.08813427214127482
-0.07896526529214581 0.06698672584890684
-0.07896526529214581 -0.06698672584890684
0.10167958563882087 0.03082790058386371
0.10167958563882087 -0.03082790058386371
0.0982985617455637 0.0373395395663818
0.0982985617455637 -0.0373395395663818
-0.10148810216327299 0.026841469352588843
-0.10148810216327299 -0.026841469352588843
0.057391599386101534 0.07892356813018535
0.057391599386101534 -0.07892356813018535
0.10336497292707486 0.011335997160004668
0.10336497292707486 -0.011335997160004668
-0.06583691711837386 0.0699923365955732
-0.06583691711837386 -0.0699923365955732
0.028915563974449766 0.09630524059743696
0.028915563974449766 -0.09630524059743696
-0.10316342087260286 0.01159949668272654
-0.10316342087260286 -0.01159949668272654
-0.009706036205007505 0.10134535079117805
-0.009706036205007505 -0.10134535079117805
0.09383085336274631 0.035017471557524577
0.09383085336274631 -0.035017471557524577
-0.05628516045336569 0.07903179317512758
-0.05628516045336569 -0.07903179317512758
0.09864176596222313 0.0
-0.0860614491895504 0.03949326399463383
-0.0860614491895504 -0.03949326399463383
-0.0007090885002893823 0.09736037713704619
-0.0007090885002893823 -0.09736037713704619
-0.0496697031916256 0.07883748000852964
-0.0496697031916256 -0.07883748000852964
-0.07377244440975454 0.05436197497096663
-0.07377244440975454 -0.05436197497096663
-0.0904642435709316 0.004649106145132671
-0.0904642435709316 -0.004649106145132671
0.013780749043732355 0.09231222153601751
0.013780749043732355 -0.09231222153601751
-0.019811240051885975 0.09128335941987359
-0.019811240051885975 -0.09128335941987359
-0.08208796892004465 0.031696049741213574
-0.08208796892004465 -0.031696049741213574
0.09147760001836189 0.01698551354431013
0.09147760001836189 -0.01698551354431013
0.0343046827775774 0.08292736986174258
0.0343046827775774 -0.08292736986174258
-0.005717708444761521 0.09187329923072048
-0.005717708444761521 -0.09187329923072048
-0.029749684080209098 0.0819025859144367
-0.029749684080209098 -0.0819025859144367
-0.0454244968167628 0.07092635737136659
-0.0454244968167628 -0.07092635737136659
-0.059876279056102835 0.05444703880462577
-0.059876279056102835 -0.05444703880462577
0.07706319483277337 0.044632261616814876
0.07706319483277337 -0.044632261616814876
0.0582948359415027 0.06427956426978942
0.0582948359415027 -0.06427956426978942
0.037966930645940165 0.07361767999708926
0.037966930645940165 -0.07361767999708926
0.07562295681473384 0.03867384610586986
0.07562295681473384 -0.03867384610586986
0.05953257625191397 0.05479857954044972
0.05953257625191397 -0.05479857954044972
0.06589418347281843 0.04505739237455733
0.06589418347281843 -0.04505739237455733
0.05355978208975358 0.06028340797467126
0.05355978208975358 -0.06028340797467126
-0.08582453847281193 0.0
-0.08154500982666915 0.021064474291845218
-0.08154500982666915 -0.021064474291845218
0.007965300648370395 0.08206713570134336
0.007965300648370395 -0.08206713570134336
-0.05114926578574788 0.05462572928768074
-0.05114926578574788 -0.05462572928768074
0.08113130800339755 0.009164404782166019
0.08113130800339755 -0.009164404782166019
-0.006515539976500777 0.07777212482887018
-0.006515539976500777 -0.07777212482887018
0.0747406093711028 0.0
0.06627854259869428 0.028448859391673437
0.06627854259869428 -0.028448859391673437
0.005544076262984346 0.07480788945496684
0.005544076262984346 -0.07480788945496684
-0.06616413339000152 0.03568355542148459
-0.06616413339000152 -0.03568355542148459
0.015874670822183648 0.0709418589385586
0.015874670822183648 -0.0709418589385586
0.02763726950944119 0.06493735000247218
0.02763726950944119 -0.06493735000247218
-0.012268100312606339 0.07077196418602806
-0.012268100312606339 -0.07077196418602806
0.0377491177666362 0.053556625537968354
0.0377491177666362 -0.053556625537968354
-0.07141908755480464 0.017292956380783923
-0.07141908755480464 -0.017292956380783923
0.05203732667407971 0.035192122079643916
0.05203732667407971 -0.035192122079643916
0.0630293444121755 0.015025643302818912
0.0630293444121755 -0.015025643302818912
0.0576887645823321 0.020413908390331612
0.0576887645823321 -0.020413908390331612
0.0595835503950234 0.0
-0.041639240868100495 0.05350519181242599
-0.041639240868100495 -0.05350519181242599
-0.024241898376018756 0.059957839486626925
-0.024241898376018756 -0.059957839486626925
-0.0005639046824394403 0.063063983382522
-0.0005639046824394403 -0.063063983382522
0.035038037179549314 0.04158708034139791
0.035038037179549314 -0.04158708034139791
-0.06595595970251426 0.0
0.0242280260155314 0.050634781208042254
0.0242280260155314 -0.050634781208042254
0.018483097658354306 0.05400347540418961
0.018483097658354306 -0.05400347540418961
-0.05069963196462285 0.03057168888449964
-0.05069963196462285 -0.03057168888449964
-0.060947004558623584 0.0
-0.034899242415329976 0.04471636878312213
-0.034899242415329976 -0.04471636878312213
-0.054237554828834605 0.016081507373945075
-0.054237554828834605 -0.016081507373945075
-0.020447912329762917 0.05278139631173655
-0.020447912329762917 -0.05278139631173655
-0.05315608842778481 0.008979511975050227
-0.05315608842778481 -0.008979511975050227
-0.03698392363677014 0.036932420169111635
-0.03698392363677014 -0.036932420169111635
0.00975366609284363 0.049773197490979866
0.00975366609284363 -0.049773197490979866
0.05403348666293397 0.0
0.042815279136431406 0.023448169896301184
0.042815279136431406 -0.023448169896301184
-0.03819575626584289 0.026031907022171747
-0.03819575626584289 -0.026031907022171747
-0.023864629020490354 0.03817217333951784
-0.023864629020490354 -0.03817217333951784
-0.00837459088108471 0.04522621730088195
-0.00837459088108471 -0.04522621730088195
0.04782921444352124 0.01185437326968551
0.04782921444352124 -0.01185437326968551
-0.04528687471588108 0.0065827243271324755
-0.04528687471588108 -0.0065827243271324755
0.04767278160828245 0.004976828839154034
0.04767278160828245 -0.004976828839154034
0.0011958018647133715 0.041186128494100714
0.0011958018647133715 -0.041186128494100714
0.017928212176173956 0.03687747501217937
0.017928212176173956 -0.03687747501217937
0.012524552647225701 0.035236961591819396
0.012524552647225701 -0.035236961591819396
-0.016664064580853715 0.03622888504963145
-0.016664064580853715 -0.03622888504963145
0.037981732937907256 0.01277668717675533
0.037981732937907256 -0.01277668717675533
0.025698343908040232 0.022797474469568754
0.025698343908040232 -0.022797474469568754
-0.02036146322007433 0.0223712662985253
-0.02036146322007433 -0.0223712662985253
0.02937495814963651 0.01099668182151841
0.02937495814963651 -0.01099668182151841
-0.028166776927254337 0.0
-0.02183915925133624 0.006516297289479764
-0.02183915925133624 -0.006516297289479764
0.014478590069784773 0.0
0.011293687334442044 0.01375425296926995
0.011293687334442044 -0.01375425296926995
0.002793242206928212 0.013344624348930308
0.002793242206928212 -0.013344624348930308
-0.005265221740661304 0.007369318325436219
-0.005265221740661304 -0.007369318325436219
-0.01220020968248115 0.0
-0.008355396746869992 0.0
1.913433178445201 0.0
-1.3209519140991435 1.3364440817861218
-1.3209519140991435 -1.3364440817861218
0.1640052118418339 1.5441500704058224
0.1640052118418339 -1.5441500704058224
-0.09455493645677623 1.1298447339645274
-0.09455493645677623 -1.1298447339645274
-0.6905207825847224 0.833502258977967
-0.6905207825847224 -0.833502258977967
0.9585146412899528 0.521265382285835
0.9585146412899528 -0.521265382285835
1.045800657263386 0.0
-0.9083817431812821 0.4007472726031876
-0.9083817431812821 -0.4007472726031876
-0.9866397617407271 0.0
0.8459963333317397 0.5177013785573509
0.8459963333317397 -0.5177013785573509
-0.9551244995216797 0.0
-0.19504198548674173 0.9421866072782233
-0.19504198548674173 -0.9421866072782233
0.9443959591386599 0.23126662509012713
0.9443959591386599 -0.23126662509012713
0.9633779917921654 0.013993294454232018
0.9633779917921654 -0.013993294454232018
-0.8755207826025628 0.34521584780960746
-0.8755207826025628 -0.34521584780960746
0.4600534416260308 0.8400510358038538
0.4600534416260308 -0.8400510358038538
-0.6510706382256525 0.66853063036027
-0.6510706382256525 -0.66853063036027
-0.7865877057079492 0.4889112133695226
-0.7865877057079492 -0.4889112133695226
0.7930432756187139 0.5318897648925873
0.7930432756187139 -0.5318897648925873
-0.9075021850975581 0.13941631861944176
-0.9075021850975581 -0.13941631861944176
-0.3648449760930924 0.8469588839376495
-0.3648449760930924 -0.8469588839376495
-0.8282704310213719 0.31980847702735177
-0.8282704310213719 -0.31980847702735177
-0.7253306667772141 0.5103920744903075
-0.7253306667772141 -0.5103920744903075
0.27558971912663116 0.8803872928761036
0.27558971912663116 -0.8803872928761036
-0.09114323076108365 0.9076783084528808
-0.09114323076108365 -0.9076783084528808
-0.8544825231565549 0.14680626157595547
-0.8544825231565549 -0.14680626157595547
0.4174920045065017 0.7995367696463491
0.4174920045065017 -0.7995367696463491
-0.5416801978517716 0.6965985774759121
-0.5416801978517716 -0.6965985774759121
0.8662608131946773 0.26505137757539593
0.8662608131946773 -0.26505137757539593
0.04065011996582368 0.8854193780585368
0.04065011996582368 -0.8854193780585368
0.5044533027663298 0.7060562096693898
0.5044533027663298 -0.7060562096693898
0.568952238926306 0.6553426342877504
0.568952238926306 -0.6553426342877504
-0.4365010910938797 0.7209056853171857
-0.4365010910938797 -0.7209056853171857
-0.7763792686468539 0.24509708187942422
-0.7763792686468539 -0.24509708187942422
-0.27862407147321383 0.7923175734067935
-0.27862407147321383 -0.7923175734067935
0.7178047537109298 0.4527778405639655
0.7178047537109298 -0.4527778405639655
-0.7871309423909898 0.04490553485184407
-0.7871309423909898 -0.04490553485184407
-0.5551658433480139 0.5911192458298209
-0.5551658433480139 -0.5911192458298209
0.7863170734004665 0.2957417723402902
0.7863170734004665 -0.2957417723402902
0.08228309949988585 0.8309186536672926
0.08228309949988585 -0.8309186536672926
0.8132112584698328 0.06979800017686573
0.8132112584698328 -0.06979800017686573
0.7909372355155968 0.16354903958598074
0.7909372355155968 -0.16354903958598074
0.2025556666397243 0.7947436616857706
0.2025556666397243 -0.7947436616857706
-0.18563359033743926 0.7744191892164617
-0.18563359033743926 -0.7744191892164617
0.3491447331313814 0.7134952743857795
0.3491447331313814 -0.7134952743857795
0.7013545963864163 0.3339224913307362
0.7013545963864163 -0.3339224913307362
-0.3763036184298223 0.6600076558001909
-0.3763036184298223 -0.6600076558001909
-0.26528911421803786 0.7121401582369001
-0.26528911421803786 -0.7121401582369001
0.2400227231784845 0.737579979278671
0.2400227231784845 -0.737579979278671
0.6110812954023908 0.4729974747827961
0.6110812954023908 -0.4729974747827961
-0.008858846167038973 0.7549061953536034
-0.008858846167038973 -0.7549061953536034
-0.5751435361740214 0.47233654552164256
-0.5751435361740214 -0.47233654552164256
0.13794655868120922 0.7392034991756254
0.13794655868120922 -0.7392034991756254
0.3673677496100396 0.639681456150637
0.3673677496100396 -0.639681456150637
0.7018776101520386 0.19167174577877347
0.7018776101520386 -0.19167174577877347
0.4753205331602781 0.5431171292224696
0.4753205331602781 -0.5431171292224696
0.6981639520911729 0.0
0.6879437824010357 0.05112412858104496
0.6879437824010357 -0.05112412858104496
-0.4891766424713636 0.4878129895348675
-0.4891766424713636 -0.4878129895348675
0.275232610780783 0.6289121156146195
0.275232610780783 -0.6289121156146195
-0.6964656906072106 0.0710245219796511
-0.6964656906072106 -0.0710245219796511
-0.5873182545896224 0.3691282042615187
-0.5873182545896224 -0.3691282042615187
-0.07829114691645483 0.6719318170271981
-0.07829114691645483 -0.6719318170271981
-0.6525536031923727 0.23270053195819268
-0.6525536031923727 -0.23270053195819268
0.5278151150460568 0.39733029207733245
0.5278151150460568 -0.39733029207733245
-0.19978629313276902 0.6232306950702634
-0.19978629313276902 -0.6232306950702634
0.4828979822995998 0.43087368081444355
0.4828979822995998 -0.43087368081444355
-0.37740149198154327 0.5055846596537065
-0.37740149198154327 -0.5055846596537065
-0.41929399961951763 0.4607999854355319
-0.41929399961951763 -0.4607999854355319
-0.5105035739907635 0.35899774349285357
-0.5105035739907635 -0.35899774349285357
-0.2892444558860404 0.5522058780608721
-0.2892444558860404 -0.5522058780608721
-0.5769252249869699 0.25227343447580003
-0.5769252249869699 -0.25227343447580003
0.5706663615685044 0.2526816551031667
0.5706663615685044 -0.2526816551031667
0.09473432787588888 0.6194923047477634
0.09473432787588888 -0.6194923047477634
0.5275513790832715 0.3146117611120749
0.5275513790832715 -0.3146117611120749
-0.5685375139681659 0.1995422614038952
-0.5685375139681659 -0.1995422614038952
-0.12826113088573954 0.5824851966990531
-0.12826113088573954 -0.5824851966990531
0.5680060021377789 0.0
0.26217283869939395 0.5343866366826435
0.26217283869939395 -0.5343866366826435
0.31561469809730563 0.4970493765101004
0.31561469809730563 -0.4970493765101004
-0.591012249791778 0.04621008026662522
-0.591012249791778 -0.04621008026662522
0.4059423180193268 0.41216237925481564
0.4059423180193268 -0.41216237925481564
0.5441447554979045 0.16583815839081678
0.5441447554979045 -0.16583815839081678
-0.2191508032519875 0.522329214849935
-0.2191508032519875 -0.522329214849935
0.2552517138896646 0.5036357619325511
0.2552517138896646 -0.5036357619325511
0.031079526277502705 0.5573036023058376
0.031079526277502705 -0.5573036023058376
0.4157431770101384 0.3422317307926494
0.4157431770101384 -0.3422317307926494
0.1470645147363806 0.5166944690453305
0.1470645147363806 -0.5166944690453305
-0.5216885211955083 0.09509579899192845
-0.5216885211955083 -0.09509579899192845
-0.5221669430587417 0.0
0.09433212701008478 0.5154106298621315
0.09433212701008478 -0.5154106298621315
-0.5041183243157737 0.11884457033260427
-0.5041183243157737 -0.11884457033260427
-0.28547478312348235 0.42242138434053084
-0.28547478312348235 -0.42242138434053084
-0.4447291874034223 0.23537594720748933
-0.4447291874034223 -0.23537594720748933
0.29771458826955643 0.40196009602768845
0.29771458826955643 -0.40196009602768845
0.3803668757943586 0.322350758752967
0.3803668757943586 -0.322350758752967
0.48281010958854376 0.09293433468051782
0.48281010958854376 -0.09293433468051782
0.45411482239888407 0.18285898622594482
0.45411482239888407 -0.18285898622594482
-0.37233240023956427 0.3116499587047414
-0.37233240023956427 -0.3116499587047414
-0.1237188899293867 0.4720885576049695
-0.1237188899293867 -0.4720885576049695
0.20417231097060823 0.42342159477671115
0.20417231097060823 -0.42342159477671115
0.4417227234844733 0.12701617943907564
0.4417227234844733 -0.12701617943907564
-0.14515670230863395 0.44052400311442874
-0.14515670230863395 -0.44052400311442874
0.015905880172084684 0.455461999293034
0.015905880172084684 -0.455461999293034
-0.38542523908438264 0.22474472958269007
-0.38542523908438264 -0.22474472958269007
-0.027582386407832754 0.4482745832943206
-0.027582386407832754 -0.4482745832943206
-0.19221576577314495 0.4038257161368393
-0.19221576577314495 -0.4038257161368393
-0.31646976672287913 0.29124953489777244
-0.31646976672287913 -0.29124953489777244
-0.4144802660270362 0.0
0.17375104364568716 0.38417417803969445
0.17375104364568716 -0.38417417803969445
-0.28728602967465666 0.30654787050196375
-0.28728602967465666 -0.30654787050196375
0.4155654394548485 0.045617033675511696
0.4155654394548485 -0.045617033675511696
-0.37850767854925055 0.17213239433891525
-0.37850767854925055 -0.17213239433891525
0.28313540114451835 0.2996751309574067
0.28313540114451835 -0.2996751309574067
-0.10419713392965349 0.40807131964013105
-0.10419713392965349 -0.40807131964013105
0.362515234531857 0.18753387018381643
0.362515234531857 -0.18753387018381643
0.3973663474714769 0.07039338562040857
0.3973663474714769 -0.07039338562040857
0.31060780322126624 0.24733330641791265
0.31060780322126624 -0.24733330641791265
0.3894739809930802 0.0
0.37456366056038815 0.1079244353279058
0.37456366056038815 -0.1079244353279058
-0.3854065997747139 0.0
-0.060323184260597316 0.38889920003221845
-0.060323184260597316 -0.38889920003221845
0.1195039451347169 0.36846651453831986
0.1195039451347169 -0.36846651453831986
-0.26741241264828197 0.28145277647855216
-0.26741241264828197 -0.28145277647855216
0.06434101833401137 0.37990377488797805
0.06434101833401137 -0.37990377488797805
-0.119463130554303 0.3568956586922477
-0.119463130554303 -0.3568956586922477
-0.35742505359841475 0.11264222080453125
-0.35742505359841475 -0.11264222080453125
-0.37240964855688996 0.0
-0.31330606183295495 0.1940075933207154
-0.31330606183295495 -0.1940075933207154
-0.36289929938804066 0.039134163900931836
-0.36289929938804066 -0.039134163900931836
0.03535111104162467 0.3637946799093917
0.03535111104162467 -0.3637946799093917
0.23507750626308854 0.27699997833160567
0.23507750626308854 -0.27699997833160567
-0.18806422666180803 0.30730449507061486
-0.18806422666180803 -0.30730449507061486
-0.3260180969428974 0.09334335468984044
-0.3260180969428974 -0.09334335468984044
-0.07755068157624773 0.3320089674924402
-0.07755068157624773 -0.3320089674924402
0.24363272005813535 0.23316730471418712
0.24363272005813535 -0.23316730471418712
0.11074598843491507 0.31930069343805323
0.11074598843491507 -0.31930069343805323
0.21617383209771712 0.25703323150037666
0.21617383209771712 -0.25703323150037666
0.08321352113484329 0.31989405009267563
0.08321352113484329 -0.31989405009267563
0.11987561502583238 0.30275176830030703
0.11987561502583238 -0.30275176830030703
0.33488478216454465 0.01599863161748906
0.33488478216454465 -0.01599863161748906
-0.0032477648849069734 0.32675912533400636
-0.0032477648849069734 -0.32675912533400636
-0.306615656995217 0.12550353121173444
-0.306615656995217 -0.12550353121173444
-0.024596910483205107 0.3247052269504726
-0.024596910483205107 -0.3247052269504726
-0.18349390106906333 0.2754159178117785
-0.18349390106906333 -0.2754159178117785
0.2910830482442216 0.149219309493604
0.2910830482442216 -0.149219309493604
-0.1213213221464356 0.29878973584922314
-0.1213213221464356 -0.29878973584922314
-0.09235735902303394 0.3050089678829297
-0.09235735902303394 -0.3050089678829297
-0.2832216360798608 0.15147607317135955
-0.2832216360798608 -0.15147607317135955
0.3187457357953227 0.004725525295674917
0.3187457357953227 -0.004725525295674917
0.13914745345030347 0.2682251608652935
0.13914745345030347 -0.2682251608652935
0.010748114036477258 0.303334269734723
0.010748114036477258 -0.303334269734723
0.17097339760730548 0.24368611466193585
0.17097339760730548 -0.24368611466193585
-0.11667592214638983 0.2821132688387121
-0.11667592214638983 -0.2821132688387121
-0.2315059305415735 0.20576479823602645
-0.2315059305415735 -0.20576479823602645
0.06195439526936681 0.28876620132657776
0.06195439526936681 -0.28876620132657776
0.2982192196948859 0.07506305446988006
0.2982192196948859 -0.07506305446988006
0.24796639910448964 0.17292148131674934
0.24796639910448964 -0.17292148131674934
-0.14301362891208907 0.2655666957477571
-0.14301362891208907 -0.2655666957477571
0.27111083734932706 0.13243168291081991
0.27111083734932706 -0.13243168291081991
0.2745205204114294 0.11835218188102772
0.2745205204114294 -0.11835218188102772
-0.28586740715492776 0.08211700056114817
-0.28586740715492776 -0.08211700056114817
-0.17402906394559603 0.2399650589255368
-0.17402906394559603 -0.2399650589255368
-0.29294687511098705 0.0
-0.2876981778979943 0.0
-0.280060810558724 0.05264989150810763
-0.280060810558724 -0.05264989150810763
0.21116555968724912 0.18552937081829504
0.21116555968724912 -0.18552937081829504
-0.24214477700153525 0.14454187925846843
-0.24214477700153525 -0.14454187925846843
0.23705152043121575 0.15133407169999633
0.23705152043121575 -0.15133407169999633
-0.2170301115661592 0.1739566181431568
-0.2170301115661592 -0.1739566181431568
-0.051284909225883205 0.27170426939019465
-0.051284909225883205 -0.27170426939019465
0.2641795858500594 0.07380883560499482
0.2641795858500594 -0.07380883560499482
-0.16414756543290396 0.21374265494539077
-0.16414756543290396 -0.21374265494539077
0.2591371969549825 0.05864182044919116
0.2591371969549825 -0.05864182044919116
-0.2391914128079335 0.11300732978499978
-0.2391914128079335 -0.11300732978499978
0.2647763128466491 0.006461814688545867
0.2647763128466491 -0.006461814688545867
-0.2631986946177191 0.022050652178047206
-0.2631986946177191 -0.022050652178047206
-0.26231195711886046 0.0
-0.14125587146834215 0.22599917169615272
-0.14125587146834215 -0.22599917169615272
-0.2450120267031945 0.0837468604176313
-0.2450120267031945 -0.0837468604176313
0.24220833856349916 0.10712001094217971
0.24220833856349916 -0.10712001094217971
-0.1773539832318336 0.19468225344135406
-0.1773539832318336 -0.19468225344135406
-0.19733732466373513 0.16555055302637614
-0.19733732466373513 -0.16555055302637614
-0.2458480937359444 0.0
-0.1004180114092453 0.2363041164382591
-0.1004180114092453 -0.2363041164382591
0.0772216841523261 0.2538279371280368
0.0772216841523261 -0.2538279371280368
-0.07090824438237953 0.24672676396513224
-0.07090824438237953 -0.24672676396513224
-0.22744445009264747 0.09853086594012637
-0.22744445009264747 -0.09853086594012637
-0.037522796008713805 0.2569110966891889
-0.037522796008713805 -0.2569110966891889
0.14739268440580966 0.22597277622512327
0.14739268440580966 -0.22597277622512327
-0.031206419245599935 0.2542744902829336
-0.031206419245599935 -0.2542744902829336
0.21445669392660982 0.14596239100844224
0.21445669392660982 -0.14596239100844224
-0.23446568192396217 0.0
-0.2251121705767556 0.07037019956587563
-0.2251121705767556 -0.07037019956587563
0.24085031898876375 0.061537144168275576
0.24085031898876375 -0.061537144168275576
0.17438359309733037 0.19124573614864848
0.17438359309733037 -0.19124573614864848
-0.19763359513781642 0.13749464821816068
-0.19763359513781642 -0.13749464821816068
0.22360966846662889 0.09496324781534857
0.22360966846662889 -0.09496324781534857
0.03779292618744136 0.24583510607709277
0.03779292618744136 -0.24583510607709277
0.18853688698446375 0.15542615741870874
0.18853688698446375 -0.15542615741870874
0.06982655015819487 0.234819059964513
0.06982655015819487 -0.234819059964513
0.11328434340654159 0.21978714672463687
0.11328434340654159 -0.21978714672463687
0.14407886934948347 0.20027820400572605
0.14407886934948347 -0.20027820400572605
0.002589345403637756 0.24131427207698897
0.002589345403637756 -0.24131427207698897
0.026376575688492825 0.2409344552673008
0.026376575688492825 -0.2409344552673008
-0.17350710584766854 0.1676497379175166
-0.17350710584766854 -0.1676497379175166
0.20997086923493669 0.11346164171842735
0.20997086923493669 -0.11346164171842735
0.13118709893275593 0.19770084457580622
0.13118709893275593 -0.19770084457580622
-0.13539283608018132 0.19188038121988257
-0.13539283608018132 -0.19188038121988257
-0.16458581259005897 0.16323337770577
-0.16458581259005897 -0.16323337770577
0.16128440614278644 0.16904265741373758
0.16128440614278644 -0.16904265741373758
0.10602609923325772 0.2092360048476169
0.10602609923325772 -0.2092360048476169
0.23139261502276084 0.02426584169083365
0.23139261502276084 -0.02426584169083365
0.21640727386657416 0.0664034762353328
0.21640727386657416 -0.0664034762353328
0.19869047795154363 0.10577305909522895
0.19869047795154363 -0.10577305909522895
0.1753656685146575 0.14697070507486412
0.1753656685146575 -0.14697070507486412
-0.11383698417143019 0.2005862908311269
-0.11383698417143019 -0.2005862908311269
-0.20662238000192684 0.09839460610094497
-0.20662238000192684 -0.09839460610094497
-0.21875284573383072 0.0
-0.07958584184481543 0.21839197407312186
-0.07958584184481543 -0.21839197407312186
-0.18548855724204233 0.1289735594395299
-0.18548855724204233 -0.1289735594395299
0.16625931621985623 0.15585272704689535
0.16625931621985623 -0.15585272704689535
-0.2154720925647836 0.03471353769469779
-0.2154720925647836 -0.03471353769469779
-0.2068007174848105 0.07494006849179234
-0.2068007174848105 -0.07494006849179234
-0.2104075021456867 0.060515136333960065
-0.2104075021456867 -0.060515136333960065
0.13304722833602128 0.18264614321947084
0.13304722833602128 -0.18264614321947084
-0.14034012214292396 0.1739642364747205
-0.14034012214292396 -0.1739642364747205
-0.07925104233182365 0.2101846922301801
-0.07925104233182365 -0.2101846922301801
0.21491509329182615 0.0292566062966786
0.21491509329182615 -0.0292566062966786
0.04457377927214036 0.21807875048329198
0.04457377927214036 -0.21807875048329198
0.05934163036587977 0.21320015163659517
0.05934163036587977 -0.21320015163659517
-0.10533182675710527 0.1920288472376252
-0.10533182675710527 -0.1920288472376252
-0.013810667311165734 0.2194985589932059
-0.013810667311165734 -0.2194985589932059
-0.16023209298955932 0.14210534994633198
-0.16023209298955932 -0.14210534994633198
-0.043931713346038306 0.21273359824884178
-0.043931713346038306 -0.21273359824884178
0.007135533127449668 0.2165663996797533
0.007135533127449668 -0.2165663996797533
0.09538982164891127 0.19328524880527526
0.09538982164891127 -0.19328524880527526
0.1515980088526765 0.15076999645909503
0.1515980088526765 -0.15076999645909503
0.1796638037330468 0.11048415409795818
0.1796638037330468 -0.11048415409795818
-0.014878275764321894 0.20993454453664487
-0.014878275764321894 -0.20993454453664487
0.09793382254618094 0.18360848961706172
0.09793382254618094 -0.18360848961706172
-0.06383878835091741 0.19927310879964913
-0.06383878835091741 -0.19927310879964913
0.20677690580764363 0.0
-0.11665285420466817 0.17485048180955767
-0.11665285420466817 -0.17485048180955767
0.20343224152652 0.04611101104592469
0.20343224152652 -0.04611101104592469
0.03147469190395974 0.20465976920395243
0.03147469190395974 -0.20465976920395243
0.1987557747532196 0.05831094615059223
0.1987557747532196 -0.05831094615059223
-0.2014814030526711 0.0
-0.20528691140952726 0.024610326631195462
-0.20528691140952726 -0.024610326631195462
-0.19740337229675795 0.059194946162837256
-0.19740337229675795 -0.059194946162837256
-0.15315494887032743 0.13759746915669502
-0.15315494887032743 -0.13759746915669502
0.18922894647158534 0.0736448011594479
0.18922894647158534 -0.0736448011594479
0.054395333412567165 0.19445564718102346
0.054395333412567165 -0.19445564718102346
-0.13879944923393542 0.14627527431138412
-0.13879944923393542 -0.14627527431138412
-0.1719662803427696 0.10249650239609973
-0.1719662803427696 -0.10249650239609973
-0.17556293227563358 0.09305042566089244
-0.17556293227563358 -0.09305042566089244
0.07340869936720756 0.18586712975608702
0.07340869936720756 -0.18586712975608702
-0.041495508707126386 0.19766857342297814
-0.041495508707126386 -0.19766857342297814
0.1362313507192734 0.14915280580466617
0.1362313507192734 -0.14915280580466617
-0.09614765008606846 0.16884675170979718
-0.09614765008606846 -0.16884675170979718
0.12628496620332205 0.14785825685239407
0.12628496620332205 -0.14785825685239407
-0.16225585397267978 0.11105021729318378
-0.16225585397267978 -0.11105021729318378
-0.15413821933556876 0.12037180357900394
-0.15413821933556876 -0.12037180357900394
0.16924942097769144 0.0947047788044124
0.16924942097769144 -0.0947047788044124
0.1969342988963108 0.019616814012417085
0.1969342988963108 -0.019616814012417085
0.15287139091008145 0.11581396206365616
0.15287139091008145 -0.11581396206365616
-0.1955618284509523 0.0
0.19505729593148105 0.0
-0.18602848143299758 0.05494528816850788
-0.18602848143299758 -0.05494528816850788
-0.19093954614879147 0.04122255907949222
-0.19093954614879147 -0.04122255907949222
0.1899773015255078 0.025890215412211072
0.1899773015255078 -0.025890215412211072
0.19187446365849056 0.0
0.10939018601223005 0.15798386381169366
0.10939018601223005 -0.15798386381169366
0.10500817842833499 0.1589862342620559
0.10500817842833499 -0.1589862342620559
-0.05204403502790285 0.18708527678911202
-0.05204403502790285 -0.18708527678911202
-0.005135209522789505 0.19265214342609746
-0.005135209522789505 -0.19265214342609746
-0.07645850032999965 0.17606680151964746
-0.07645850032999965 -0.17606680151964746
0.011015095229835691 0.1918694501353885
0.011015095229835691 -0.1918694501353885
-0.18047176350814356 0.0
-0.10594759177836494 0.15594664198743563
-0.10594759177836494 -0.15594664198743563
0.0690811725352097 0.17533023405525242
0.0690811725352097 -0.17533023405525242
0.04214034937951899 0.18339975085195662
0.04214034937951899 -0.18339975085195662
-0.12555062593091473 0.1374874701796429
-0.12555062593091473 -0.1374874701796429
-0.1719555043777328 0.07374202827470146
-0.1719555043777328 -0.07374202827470146
-0.18087589017247424 0.02771983994089714
-0.18087589017247424 -0.02771983994089714
-0.08680305509488387 0.1628611593986335
-0.08680305509488387 -0.1628611593986335
0.02054188091871529 0.18645548405974896
0.02054188091871529 -0.18645548405974896
0.07331265546048138 0.16931908282079866
0.07331265546048138 -0.16931908282079866
0.17874851508089612 0.049871801883929874
0.17874851508089612 -0.049871801883929874
0.1693776228268126 0.07206164193677642
0.1693776228268126 -0.07206164193677642
0.16340133311503946 0.08169817750875229
0.16340133311503946 -0.08169817750875229
0.14503130304786355 0.10956212356845041
0.14503130304786355 -0.10956212356845041
0.13200594376187913 0.12359263982971236
0.13200594376187913 -0.12359263982971236
0.13568101142768074 0.11666587525055913
0.13568101142768074 -0.11666587525055913
0.05015315023449625 0.17358411551838882
0.05015315023449625 -0.17358411551838882
0.1097067784590722 0.13680616986475014
0.1097067784590722 -0.13680616986475014
-0.17180469685605013 0.0
-0.1669194930549301 0.05619772783168433
-0.1669194930549301 -0.05619772783168433
-0.13373014129051497 0.11036981092389303
-0.13373014129051497 -0.11036981092389303
-0.14174020925276454 0.08684788475495266
-0.14174020925276454 -0.08684788475495266
-0.08386104263574287 0.15035460038724768
-0.08386104263574287 -0.15035460038724768
0.0012220828680570015 0.17939438324912993
0.0012220828680570015 -0.17939438324912993
0.1725077783348838 0.04807813177780839
0.1725077783348838 -0.04807813177780839
-0.11405958157050976 0.12355213724954801
-0.11405958157050976 -0.12355213724954801
0.1056266317126085 0.13084700718113135
0.1056266317126085 -0.13084700718113135
-0.12801283479765888 0.10505427292749624
-0.12801283479765888 -0.10505427292749624
0.14441774998140344 0.08406437722088286
0.14441774998140344 -0.08406437722088286
-0.019461521257040565 0.17605010378551847
-0.019461521257040565 -0.17605010378551847
-0.06434424630176357 0.1620798450684373
-0.06434424630176357 -0.1620798450684373
0.17792123378393865 0.002444049597226094
0.17792123378393865 -0.002444049597226094
-0.0365861065019642 0.17045242561115248
-0.0365861065019642 -0.17045242561115248
-0.11616680727762538 0.11430886445951319
-0.11616680727762538 -0.11430886445951319
0.0688337622261963 0.15928043987107426
0.0688337622261963 -0.15928043987107426
0.0316540896036893 0.17057057640312306
0.0316540896036893 -0.17057057640312306
0.07617546149199703 0.1501433087700216
0.07617546149199703 -0.1501433087700216
0.147422770123828 0.07349213162277578
0.147422770123828 -0.07349213162277578
0.16596792312734232 0.033780019333253926
0.16596792312734232 -0.033780019333253926
0.09250742877413251 0.13507169134954586
0.09250742877413251 -0.13507169134954586
0.16217183901741733 0.03778541060194094
0.16217183901741733 -0.03778541060194094
0.16246240317538033 0.020310586682524903
0.16246240317538033 -0.020310586682524903
0.12917344149196858 0.09396209469897927
0.12917344149196858 -0.09396209469897927
-0.16266093856878555 0.03942607599083932
-0.16266093856878555 -0.03942607599083932
-0.004558021340261718 0.16777107035609734
-0.004558021340261718 -0.16777107035609734
0.020756577501330704 0.1658352846914392
0.020756577501330704 -0.1658352846914392
-0.16479350101264995 0.006971926285328823
-0.16479350101264995 -0.006971926285328823
-0.03472029105256881 0.1629522219190543
-0.03472029105256881 -0.1629522219190543
-0.14988053225598408 0.060407736605372846
-0.14988053225598408 -0.060407736605372846
-0.15865099903988156 0.027337138604036068
-0.15865099903988156 -0.027337138604036068
-0.13991402569662598 0.07800957714400089
-0.13991402569662598 -0.07800957714400089
-0.05919758430415971 0.15167506073946885
-0.05919758430415971 -0.15167506073946885
-0.08977427284916276 0.13508703269375918
-0.08977427284916276 -0.13508703269375918
-0.10514023881421786 0.11994054962019979
-0.10514023881421786 -0.11994054962019979
0.06596198054360479 0.1447533605001826
0.06596198054360479 -0.1447533605001826
-0.044184456861746414 0.1546185277302056
-0.044184456861746414 -0.1546185277302056
-0.08848474815557056 0.13069708648347467
-0.08848474815557056 -0.13069708648347467
-0.12923586046311378 0.08642644208950312
-0.12923586046311378 -0.08642644208950312
0.13006008760446935 0.0876883493988999
0.13006008760446935 -0.0876883493988999
-0.09669130212913765 0.11845568004148431
-0.09669130212913765 -0.11845568004148431
0.16071819197453285 0.0012139516860456953
0.16071819197453285 -0.0012139516860456953
-0.14402987188428343 0.04931706424272499
-0.14402987188428343 -0.04931706424272499
0.05351358244530746 0.14426036417219731
0.05351358244530746 -0.14426036417219731
0.11390271894444 0.104338824569979
0.11390271894444 -0.104338824569979
0.1434888193506276 0.060635325578685124
0.1434888193506276 -0.060635325578685124
0.09425129723945318 0.12043354288194297
0.09425129723945318 -0.12043354288194297
-0.05808128087312897 0.1376715632896676
-0.05808128087312897 -0.1376715632896676
-0.11554483908215242 0.08990486041344341
-0.11554483908215242 -0.08990486041344341
-0.12186670659838239 0.07768485332301281
-0.12186670659838239 -0.07768485332301281
-0.14232804817145628 0.025011649995635984
-0.14232804817145628 -0.025011649995635984
-0.13001489881168796 0.06361317294705209
-0.13001489881168796 -0.06361317294705209
-0.009353505517872094 0.14968653775010063
-0.009353505517872094 -0.14968653775010063
0.014396581512943027 0.14895903809644215
0.014396581512943027 -0.14895903809644215
0.04411904427761929 0.14190877546127917
0.04411904427761929 -0.14190877546127917
0.02424403136716054 0.14528061375671034
0.02424403136716054 -0.14528061375671034
0.14910150710903938 0.020390243162781714
0.14910150710903938 -0.020390243162781714
0.14342920787413402 0.04356258790810597
0.14342920787413402 -0.04356258790810597
0.03258156173741239 0.14284071506782448
0.03258156173741239 -0.14284071506782448
-0.05873230430158395 0.13118382486514413
-0.05873230430158395 -0.13118382486514413
0.09132537789708883 0.11133606584324401
0.09132537789708883 -0.11133606584324401
0.12887138051720412 0.066848397327554
0.12887138051720412 -0.066848397327554
-0.029333102587543475 0.14008135181389947
-0.029333102587543475 -0.14008135181389947
0.007842615327244548 0.14225569258135373
0.007842615327244548 -0.14225569258135373
-0.14172968530953323 0.0
-0.0908078169589141 0.10425640260417474
-0.0908078169589141 -0.10425640260417474
0.07490982313943831 0.11770729609994614
0.07490982313943831 -0.11770729609994614
-0.13981189943937627 0.021739104757210803
-0.13981189943937627 -0.021739104757210803
-0.1295727397889438 0.051206676124222916
-0.1295727397889438 -0.051206676124222916
0.10619633904858129 0.09020388203724425
0.10619633904858129 -0.09020388203724425
0.11693046955266784 0.07247287627993829
0.11693046955266784 -0.07247287627993829
-0.12349666982345446 0.05655167028737926
-0.12349666982345446 -0.05655167028737926
-0.12900748020928338 0.04139730607873178
-0.12900748020928338 -0.04139730607873178
-0.01324448585592769 0.13921628149021517
-0.01324448585592769 -0.13921628149021517
0.13796121281370632 0.023982199473725027
0.13796121281370632 -0.023982199473725027
-0.04868405501725184 0.12806817964822828
-0.04868405501725184 -0.12806817964822828
0.07910348063244457 0.10768812276136207
0.07910348063244457 -0.10768812276136207
0.13090550451823077 0.03821582742665465
0.13090550451823077 -0.03821582742665465
-0.11157167943697827 0.06949935995242512
-0.11157167943697827 -0.06949935995242512
0.08001774230072532 0.09931639027731219
0.08001774230072532 -0.09931639027731219
0.06089744359382114 0.11271312625706799
0.06089744359382114 -0.11271312625706799
-0.07510433774060904 0.10600488045923703
-0.07510433774060904 -0.10600488045923703
-0.041076830580140195 0.1268499212121352
-0.041076830580140195 -0.1268499212121352
-0.08198751274765922 0.0967842094529633
-0.08198751274765922 -0.0967842094529633
0.13477666034627983 0.002200341720723492
0.13477666034627983 -0.002200341720723492
-0.0849895609635618 0.08416098715535622
-0.0849895609635618 -0.08416098715535622
-0.1310083801956056 0.009326878760878883
-0.1310083801956056 -0.009326878760878883
-0.1315865728965082 0.001926600726401888
-0.1315865728965082 -0.001926600726401888
-0.11880963105579564 0.0
-0.025666318236274948 0.1259607010841103
-0.025666318236274948 -0.1259607010841103
-0.005791603884917177 0.130031049007808
-0.005791603884917177 -0.130031049007808
-0.010903194445226074 0.12888673256342403
-0.010903194445226074 -0.12888673256342403
-0.05685391093626524 0.11022796834163716
-0.05685391093626524 -0.11022796834163716
-0.12240406941297735 0.022832633085721626
-0.12240406941297735 -0.022832633085721626
-0.10430000361663974 0.05502557417057332
-0.10430000361663974 -0.05502557417057332
-0.11479450728788398 0.024628892077236696
-0.11479450728788398 -0.024628892077236696
-0.06784196282830707 0.09932485100908114
-0.06784196282830707 -0.09932485100908114
0.08466109653673237 0.08540587568205353
0.08466109653673237 -0.08540587568205353
-0.09207283002908109 0.07178033045786422
-0.09207283002908109 -0.07178033045786422
-0.04739686713174938 0.11195309146783208
-0.04739686713174938 -0.11195309146783208
0.02056315536148317 0.12469633218251304
0.02056315536148317 -0.12469633218251304
-0.07629164272053858 0.08757007731766718
-0.07629164272053858 -0.08757007731766718
0.11678991182103723 0.050727198189884054
0.11678991182103723 -0.050727198189884054
0.04487702371395719 0.11413893809158772
0.04487702371395719 -0.11413893809158772
0.03641652691435701 0.11604902457874924
0.03641652691435701 -0.11604902457874924
0.12073719152221903 0.02023626711874656
0.12073719152221903 -0.02023626711874656
0.070930448857742 0.09526089946263261
0.070930448857742 -0.09526089946263261
0.09653612240219944 0.07049852049737429
0.09653612240219944 -0.07049852049737429
0.10081970223704378 0.06522650363712856
0.10081970223704378 -0.06522650363712856
0.06149715565008568 0.10156003755665431
0.06149715565008568 -0.10156003755665431
0.1080537575304164 0.04904520020673054
0.1080537575304164 -0.04904520020673054
0.010969993091515149 0.11618284206928119
0.010969993091515149 -0.11618284206928119
0.11201571794290716 0.030385396441449823
0.11201571794290716 -0.030385396441449823
0.09862559774672142 0.06262114538296241
0.09862559774672142 -0.06262114538296241
-0.05653849182813954 0.09720277593838443
-0.05653849182813954 -0.09720277593838443
0.11787579083074678 0.0037664814194035678
0.11787579083074678 -0.0037664814194035678
0.053153092782079844 0.09856607530094356
0.053153092782079844 -0.09856607530094356
0.08000934330757581 0.0770669741651448
0.08000934330757581 -0.0770669741651448
0.09407233620310164 0.05986455962822677
0.09407233620310164 -0.05986455962822677
-0.022468127984436755 0.11382609354488188
-0.022468127984436755 -0.11382609354488188
-0.08167484716960746 0.07256692351786741
-0.08167484716960746 -0.07256692351786741
-0.09627481045554367 0.053367131531068576
-0.09627481045554367 -0.053367131531068576
-0.11012075522068995 0.0
0.029857767189718793 0.10737372169419128
0.029857767189718793 -0.10737372169419128
-0.10169446214655531 0.033743065791583336
-0.10169446214655531 -0.033743065791583336
0.11156163347366427 0.005767423258249286
0.11156163347366427 -0.005767423258249286
0.06969707491021575 0.07141066631869454
0.06969707491021575 -0.07141066631869454
0.09995138192407829 0.02983757166593394
0.09995138192407829 -0.02983757166593394
0.09626211228285735 0.004587476740607872
0.09626211228285735 -0.004587476740607872
-0.03541157969228283 0.10100302293239198
-0.03541157969228283 -0.10100302293239198
0.01300052624000288 0.10533066075113846
0.01300052624000288 -0.10533066075113846
0.08638120604056176 0.03601068304096477
0.08638120604056176 -0.03601068304096477
0.0770339502418787 0.054393924657033355
0.0770339502418787 -0.054393924657033355
0.047755070778520065 0.08817513066157669
0.047755070778520065 -0.08817513066157669
-0.10143819679776696 0.018910064624564203
-0.10143819679776696 -0.018910064624564203
-0.09688620633002207 0.032396829707442266
-0.09688620633002207 -0.032396829707442266
-0.009133924800578912 0.10453595403689425
-0.009133924800578912 -0.10453595403689425
0.05217750752928968 0.07926518791273134
0.05217750752928968 -0.07926518791273134
-0.04520727804681515 0.09134189578748894
-0.04520727804681515 -0.09134189578748894
-0.07026075177368722 0.06837295690397346
-0.07026075177368722 -0.06837295690397346
0.023955871710249002 0.0948781737044587
0.023955871710249002 -0.0948781737044587
-0.04350250247700647 0.08719961471115222
-0.04350250247700647 -0.08719961471115222
-0.00029211486609712333 0.09818281847960521
-0.00029211486609712333 -0.09818281847960521
0.033585669158642084 0.08719086181087857
0.033585669158642084 -0.08719086181087857
-0.028394736787910393 0.092195861522565
-0.028394736787910393 -0.092195861522565
-0.08185524406581199 0.04033086534338791
-0.08185524406581199 -0.04033086534338791
-0.053704044226334326 0.07484953595436965
-0.053704044226334326 -0.07484953595436965
-0.0905149036269115 0.011484403638030608
-0.0905149036269115 -0.011484403638030608
-0.059781503553097116 0.06556157797282915
-0.059781503553097116 -0.06556157797282915
-0.08783423837191182 0.02380553282832235
-0.08783423837191182 -0.02380553282832235
0.011896089290911273 0.09153903833188591
0.011896089290911273 -0.09153903833188591
-0.0008001602997027813 0.09283833704753947
-0.0008001602997027813 -0.09283833704753947
-0.016253243292879162 0.0872269828385694
-0.016253243292879162 -0.0872269828385694
0.09263103138367551 0.0
-0.08901136406830519 0.0
-0.06939778910645213 0.048927033901607006
-0.06939778910645213 -0.048927033901607006
0.07858268920514422 0.04315106434059117
0.07858268920514422 -0.04315106434059117
0.08682842505249355 0.025363808728906857
0.08682842505249355 -0.025363808728906857
0.0505154622873389 0.06972627051817257
0.0505154622873389 -0.06972627051817257
0.021535320395345947 0.08218417678133008
0.021535320395345947 -0.08218417678133008
-0.05135969863010412 0.06318471140803007
-0.05135969863010412 -0.06318471140803007
-0.07569017943768025 0.02366890433468193
-0.07569017943768025 -0.02366890433468193
-0.009336791823839228 0.08257326903988786
-0.009336791823839228 -0.08257326903988786
-0.06935588337365753 0.031913582468034975
-0.06935588337365753 -0.031913582468034975
-0.07752522400817885 0.005738834762669113
-0.07752522400817885 -0.005738834762669113
-0.0623911878282202 0.03999911680992176
-0.0623911878282202 -0.03999911680992176
0.07846008318751103 0.021575601757377744
0.07846008318751103 -0.021575601757377744
0.08109491728457224 0.01452979057722639
0.08109491728457224 -0.01452979057722639
0.0793176323594832 0.0
-0.054574864596468764 0.04884933295065587
-0.054574864596468764 -0.04884933295065587
-0.03444117522544676 0.06592006715936714
-0.03444117522544676 -0.06592006715936714
0.038943696046123605 0.06278892382830528
0.038943696046123605 -0.06278892382830528
0.05263948702966784 0.053292209455944435
0.05263948702966784 -0.053292209455944435
-0.01656563649866677 0.07342025394117871
-0.01656563649866677 -0.07342025394117871
-0.02997025381620748 0.06692710091614958
-0.02997025381620748 -0.06692710091614958
0.005485098928760654 0.0741547273488762
0.005485098928760654 -0.0741547273488762
0.05066070457832382 0.0495686196038645
0.05066070457832382 -0.0495686196038645
-0.02139764911054596 0.06814199374706476
-0.02139764911054596 -0.06814199374706476
-0.0444968800750981 0.049463288806089876
-0.0444968800750981 -0.049463288806089876
-0.06256967423818885 0.013923132118831312
-0.06256967423818885 -0.013923132118831312
-0.052241862341027984 0.03499947767133993
-0.052241862341027984 -0.03499947767133993
-0.033585742396518306 0.05588923572284407
-0.033585742396518306 -0.05588923572284407
0.06238542963289785 0.031786323242315964
0.06238542963289785 -0.031786323242315964
-0.05987828023175428 0.0
0.05628189211486968 0.038138998851779814
0.05628189211486968 -0.038138998851779814
0.0219354497865617 0.061571535453218904
0.0219354497865617 -0.061571535453218904
-0.055581637931737864 0.0
0.025160967395556247 0.058387747291278054
0.025160967395556247 -0.058387747291278054
-0.049818501993036016 0.018345654544365396
-0.049818501993036016 -0.018345654544365396
-0.005170202193067363 0.06027672005776691
-0.005170202193067363 -0.06027672005776691
0.06675981866639384 0.0
0.04352077080277339 0.046620472996566936
0.04352077080277339 -0.046620472996566936
-0.03309418940311749 0.03984805695640908
-0.03309418940311749 -0.03984805695640908
0.006826664039434551 0.0558479374002178
0.006826664039434551 -0.0558479374002178
0.046846760731821264 0.036822881987745346
0.046846760731821264 -0.036822881987745346
0.06154373199595028 0.0
0.05640842023166511 0.020976813111392344
0.05640842023166511 -0.020976813111392344
-0.027883261204107793 0.02941386227612931
-0.027883261204107793 -0.02941386227612931
0.017050788044614323 0.04865037433450894
0.017050788044614323 -0.04865037433450894
0.027927827798424128 0.04080996169623039
0.027927827798424128 -0.04080996169623039
-0.012674858913725403 0.041315062398424196
-0.012674858913725403 -0.041315062398424196
0.05085361203460147 0.004358641090763034
0.05085361203460147 -0.004358641090763034
-0.00045245134352959326 0.047135920824993044
-0.00045245134352959326 -0.047135920824993044
0.03904801159960419 0.02669601898692911
0.03904801159960419 -0.02669601898692911
0.048071214869902866 0.007899140532159175
0.048071214869902866 -0.007899140532159175
-0.04510261880877614 0.0
0.03372550126414482 0.025450218535811482
0.03372550126414482 -0.025450218535811482
-0.03369092917861024 0.0133618528861006
-0.03369092917861024 -0.0133618528861006
-0.031675028599134965 0.016210285658122298
-0.031675028599134965 -0.016210285658122298
0.01998933654148187 0.030385643105303853
0.01998933654148187 -0.030385643105303853
0.0017758240519017952 0.03366038628168006
0.0017758240519017952 -0.03366038628168006
-0.025248185851345008 0.0
0.00759744267032593 0.03236587714147497
0.00759744267032593 -0.03236587714147497
-0.01350376156600195 0.02687297278274244
-0.01350376156600195 -0.02687297278274244
-0.021649357095183543 0.018966065178348368
-0.021649357095183543 -0.018966065178348368
0.03414807709529454 0.0062622598359971735
0.03414807709529454 -0.0062622598359971735
0.029687546166928886 0.0
-0.0034689532507398285 0.014935060266807774
-0.0034689532507398285 -0.014935060266807774
0.010370524897682434 0.015343237554445131
0.010370524897682434 -0.015343237554445131
-0.01739623581762389 0.0
-0.001502849043610765 0.0
0.016391199303406122 0.004926746197148154
0.016391199303406122 -0.004926746197148154
0.006460496178372786 0.0
