5.205214242416738 0.0
-4.3528848342269475 0.0
-1.241557874917419 0.0
-0.6410532858035936 0.9813502044723883
-0.6410532858035936 -0.9813502044723883
-0.5202192215977152 0.9735503490618573
-0.5202192215977152 -0.9735503490618573
-0.9403154533698045 0.4605241686482738
-0.9403154533698045 -0.4605241686482738
-0.7901798478446329 0.6218772283645296
-0.7901798478446329 -0.6218772283645296
-0.9865883993811057 0.0
-0.9067678147490286 0.35818984792885145
-0.9067678147490286 -0.35818984792885145
-0.9429401580809563 0.17660625099765065
-0.9429401580809563 -0.17660625099765065
0.9073306682462305 0.57259535057581
0.9073306682462305 -0.57259535057581
-0.12806172560768614 1.0013725415306092
-0.12806172560768614 -1.0013725415306092
-0.6916865532673528 0.6427833430808717
-0.6916865532673528 -0.6427833430808717
0.7562055989805055 0.699628240397666
0.7562055989805055 -0.699628240397666
0.12246274011990624 0.9925197042310905
0.12246274011990624 -0.9925197042310905
-0.5889239870373955 0.6984596254865294
-0.5889239870373955 -0.6984596254865294
0.9194158512578158 0.3663742893789647
0.9194158512578158 -0.3663742893789647
0.42502784873679766 0.8592524736156176
0.42502784873679766 -0.8592524736156176
0.3108360537598074 0.8789979688964635
0.3108360537598074 -0.8789979688964635
-0.024761741214425936 0.9086972845448326
-0.024761741214425936 -0.9086972845448326
0.9615637150690821 0.0
0.5479758126999689 0.7417722362584914
0.5479758126999689 -0.7417722362584914
0.6886415998415434 0.590170330946131
0.6886415998415434 -0.590170330946131
0.8926231645332685 0.1692786893912813
0.8926231645332685 -0.1692786893912813
0.8566373078502056 0.27700721132754597
0.8566373078502056 -0.27700721132754597
0.48316198217190154 0.7592182772221282
0.48316198217190154 -0.7592182772221282
0.7006552470878628 0.543408292071562
0.7006552470878628 -0.543408292071562
0.18852039182994068 0.8635214217213621
0.18852039182994068 -0.8635214217213621
-0.18560818414914726 0.8735207897151485
-0.18560818414914726 -0.8735207897151485
0.06480137131859103 0.8633350208325608
0.06480137131859103 -0.8633350208325608
-0.507654300640059 0.7125499943622435
-0.507654300640059 -0.7125499943622435
0.8014238906044113 0.2386597502128852
0.8014238906044113 -0.2386597502128852
-0.238726066730151 0.8319318244390416
-0.238726066730151 -0.8319318244390416
0.7505724762876793 0.34616762838898646
0.7505724762876793 -0.34616762838898646
-0.5953202134016329 0.6200112337582928
-0.5953202134016329 -0.6200112337582928
0.30670759280770177 0.7755845815857798
0.30670759280770177 -0.7755845815857798
-0.7363357249759304 0.38971600560745495
-0.7363357249759304 -0.38971600560745495
0.795806739264937 0.0
0.7940179838114316 0.013583687392815342
0.7940179838114316 -0.013583687392815342
-0.8102844432370261 0.17065397323562181
-0.8102844432370261 -0.17065397323562181
-0.8132366212439647 0.0
-0.3414061829848438 0.7365429775550539
-0.3414061829848438 -0.7365429775550539
0.5048818455867984 0.6242213347065804
0.5048818455867984 -0.6242213347065804
-0.44428666294655506 0.665850216334341
-0.44428666294655506 -0.665850216334341
0.03538694932185622 0.7943608397412075
0.03538694932185622 -0.7943608397412075
-0.4905363717378082 0.6251048920484253
-0.4905363717378082 -0.6251048920484253
0.5290141635011412 0.5896834470629081
0.5290141635011412 -0.5896834470629081
-0.7445143596590085 0.23623687261013132
-0.7445143596590085 -0.23623687261013132
-0.7672714135244489 0.06775777255896527
-0.7672714135244489 -0.06775777255896527
-0.6211418660958947 0.4477428997671564
-0.6211418660958947 -0.4477428997671564
-0.06757713716582625 0.7653756364445742
-0.06757713716582625 -0.7653756364445742
0.7082328107524144 0.26319220524613046
0.7082328107524144 -0.26319220524613046
-0.2321191405294195 0.7156868669811491
-0.2321191405294195 -0.7156868669811491
0.6382016683573659 0.38002217133846367
0.6382016683573659 -0.38002217133846367
-0.5114771450597911 0.5378837898863166
-0.5114771450597911 -0.5378837898863166
-0.7086516933325082 0.2039895555375086
-0.7086516933325082 -0.2039895555375086
0.2269709566435122 0.7009734790871881
0.2269709566435122 -0.7009734790871881
0.47447977947798337 0.5386893315864917
0.47447977947798337 -0.5386893315864917
0.14861572349881846 0.6896202280011248
0.14861572349881846 -0.6896202280011248
0.500934580416317 0.4925554806450018
0.500934580416317 -0.4925554806450018
-0.27118744797020444 0.6436172684755495
-0.27118744797020444 -0.6436172684755495
-0.6523414015373709 0.2205869180718325
-0.6523414015373709 -0.2205869180718325
-0.6713417970179472 0.1180860112691282
-0.6713417970179472 -0.1180860112691282
0.25745364127498904 0.6279310395590373
0.25745364127498904 -0.6279310395590373
0.5952407636899992 0.3036859287296262
0.5952407636899992 -0.3036859287296262
0.6521616437136413 0.13736740309377887
0.6521616437136413 -0.13736740309377887
0.32946097944751895 0.575453889896095
0.32946097944751895 -0.575453889896095
-0.015395006385949199 0.6734438958656562
-0.015395006385949199 -0.6734438958656562
0.6151641100220775 0.21538109569804098
0.6151641100220775 -0.21538109569804098
-0.5457265453976469 0.36493001239333944
-0.5457265453976469 -0.36493001239333944
-0.15185545840215356 0.6445976328776313
-0.15185545840215356 -0.6445976328776313
-0.46239717816765985 0.4585910163841721
-0.46239717816765985 -0.4585910163841721
-0.5205734572088254 0.3573503922854553
-0.5205734572088254 -0.3573503922854553
-0.35949666249292356 0.5266198032595819
-0.35949666249292356 -0.5266198032595819
0.610266884925233 0.03718171414226663
0.610266884925233 -0.03718171414226663
0.12273201750906695 0.6095892379728954
0.12273201750906695 -0.6095892379728954
-0.23608044934268058 0.5767363968313418
-0.23608044934268058 -0.5767363968313418
0.5437454885868696 0.2604070065824675
0.5437454885868696 -0.2604070065824675
0.006668718463328864 0.5999564209978023
0.006668718463328864 -0.5999564209978023
0.3435793827588763 0.4676910033561182
0.3435793827588763 -0.4676910033561182
-0.5856215520114554 0.014360701447072284
-0.5856215520114554 -0.014360701447072284
0.13452612972823375 0.5536031453057886
0.13452612972823375 -0.5536031453057886
0.36625063624708504 0.41298806683839295
0.36625063624708504 -0.41298806683839295
-0.273180090392176 0.4976532110359692
-0.273180090392176 -0.4976532110359692
0.5071267441111955 0.20542649666704713
0.5071267441111955 -0.20542649666704713
0.5173180646968263 0.0
-0.3339291841859112 0.4401100816485892
-0.3339291841859112 -0.4401100816485892
0.2439894358817106 0.4778751740691039
0.2439894358817106 -0.4778751740691039
-0.4764582476871626 0.24928092774423413
-0.4764582476871626 -0.24928092774423413
0.501375815722361 0.16822641085468704
0.501375815722361 -0.16822641085468704
-0.532966887742442 0.041897979844375134
-0.532966887742442 -0.041897979844375134
-0.3608623221695296 0.39260003195532034
-0.3608623221695296 -0.39260003195532034
-0.07885817904381871 0.5280753617437588
-0.07885817904381871 -0.5280753617437588
0.44011315212440416 0.28960970357418814
0.44011315212440416 -0.28960970357418814
-0.23941612290948955 0.46781599084252823
-0.23941612290948955 -0.46781599084252823
-0.5043412593085992 0.10208671930719479
-0.5043412593085992 -0.10208671930719479
-0.1315396112800798 0.4974078359103433
-0.1315396112800798 -0.4974078359103433
0.09729201242940166 0.4956060410668364
0.09729201242940166 -0.4956060410668364
0.4853853984038547 0.0
0.4758067752623872 0.07637947110916941
0.4758067752623872 -0.07637947110916941
-0.43681809310152736 0.17285857951563502
-0.43681809310152736 -0.17285857951563502
-0.33575581548288785 0.3062606847215025
-0.33575581548288785 -0.3062606847215025
0.2585545067655688 0.39124362420219666
0.2585545067655688 -0.39124362420219666
-0.43363233441117544 0.01792880022277675
-0.43363233441117544 -0.01792880022277675
-0.37436866741468044 0.21259866987923778
-0.37436866741468044 -0.21259866987923778
0.41943144078677835 0.1283950734096915
0.41943144078677835 -0.1283950734096915
0.03127011567860594 0.4423948891420333
0.03127011567860594 -0.4423948891420333
0.1123997628658325 0.4254720709378977
0.1123997628658325 -0.4254720709378977
-0.2788530101123676 0.3273722154636067
-0.2788530101123676 -0.3273722154636067
0.17284353978071842 0.4001900594131025
0.17284353978071842 -0.4001900594131025
0.391463058149684 0.1686187589304063
0.391463058149684 -0.1686187589304063
0.3104704667975501 0.28763430259536016
0.3104704667975501 -0.28763430259536016
-0.007975544973878947 0.425905112002549
-0.007975544973878947 -0.425905112002549
-0.39978972545838803 0.09550511798206365
-0.39978972545838803 -0.09550511798206365
-0.10558212080786233 0.403786942634734
-0.10558212080786233 -0.403786942634734
0.34115215445049896 0.22624236725422003
0.34115215445049896 -0.22624236725422003
0.24791800774164102 0.323112638072209
0.24791800774164102 -0.323112638072209
0.19059310689359266 0.35885197206039005
0.19059310689359266 -0.35885197206039005
-0.0714716677908716 0.3956739718714214
-0.0714716677908716 -0.3956739718714214
0.3879404129121315 0.0
0.08648661876069161 0.38021825041483764
0.08648661876069161 -0.38021825041483764
0.33183830296559264 0.187845408906461
0.33183830296559264 -0.187845408906461
-0.362011561657245 0.1079774068513562
-0.362011561657245 -0.1079774068513562
-0.31827875595389854 0.21133752139911244
-0.31827875595389854 -0.21133752139911244
-0.22461093670178586 0.3056356760775879
-0.22461093670178586 -0.3056356760775879
-0.3219119051407014 0.18546842648689665
-0.3219119051407014 -0.18546842648689665
0.1711989028043766 0.3351416423257152
0.1711989028043766 -0.3351416423257152
-0.2818278618783671 0.232476209581307
-0.2818278618783671 -0.232476209581307
-0.13452138112531908 0.3406343087121285
-0.13452138112531908 -0.3406343087121285
0.35043552233414066 0.062416257040821585
0.35043552233414066 -0.062416257040821585
0.24896323952476535 0.25257247042255565
0.24896323952476535 -0.25257247042255565
-0.18743761377041956 0.29660232381329277
-0.18743761377041956 -0.29660232381329277
-0.03201055280205124 0.3523770418514086
-0.03201055280205124 -0.3523770418514086
0.04338799682196136 0.3485869601441928
0.04338799682196136 -0.3485869601441928
0.3352058606558105 0.0
-0.285538200666497 0.19060654847084782
-0.285538200666497 -0.19060654847084782
0.29949158517519464 0.16324073363394723
0.29949158517519464 -0.16324073363394723
-0.31490835409879236 0.11887582444745423
-0.31490835409879236 -0.11887582444745423
0.1260514179588345 0.30607577973030764
0.1260514179588345 -0.30607577973030764
0.18605235435727674 0.270014141057613
0.18605235435727674 -0.270014141057613
-0.08930891082933606 0.31685944861887616
-0.08930891082933606 -0.31685944861887616
-0.330411435298842 0.019296429680411703
-0.330411435298842 -0.019296429680411703
0.31286164852453924 0.08106224488171325
0.31286164852453924 -0.08106224488171325
0.25054660027979514 0.20251507937295052
0.25054660027979514 -0.20251507937295052
-0.13689232025234033 0.28235469549058223
-0.13689232025234033 -0.28235469549058223
0.23639708493233752 0.20422938684742992
0.23639708493233752 -0.20422938684742992
-0.3059505935811559 0.053462226720832874
-0.3059505935811559 -0.053462226720832874
-0.3108267707625503 0.024353333396064943
-0.3108267707625503 -0.024353333396064943
-0.18569089957032456 0.24552848930821897
-0.18569089957032456 -0.24552848930821897
-0.24530080292144918 0.17626943692788222
-0.24530080292144918 -0.17626943692788222
0.10702630388805237 0.28687509276127593
0.10702630388805237 -0.28687509276127593
-0.026030890411723715 0.30454284260836767
-0.026030890411723715 -0.30454284260836767
-0.28091524206214613 0.0904438924316259
-0.28091524206214613 -0.0904438924316259
0.17980814907911497 0.23672826918426776
0.17980814907911497 -0.23672826918426776
0.006495329276037833 0.3047688264071876
0.006495329276037833 -0.3047688264071876
0.30229700462133463 0.0025696322688839057
0.30229700462133463 -0.0025696322688839057
-0.19553633985677854 0.2215863080290715
-0.19553633985677854 -0.2215863080290715
0.24198478203839405 0.16437911898519905
0.24198478203839405 -0.16437911898519905
0.2591771166386816 0.13655860521166538
0.2591771166386816 -0.13655860521166538
-0.2922151331470144 0.02077683003924777
-0.2922151331470144 -0.02077683003924777
-0.0708834886736536 0.2870418985132208
-0.0708834886736536 -0.2870418985132208
0.26821007885144876 0.10864629184704823
0.26821007885144876 -0.10864629184704823
0.036782014498431326 0.29328508326446984
0.036782014498431326 -0.29328508326446984
-0.21965285879165214 0.18277029343828166
-0.21965285879165214 -0.18277029343828166
0.2867901256338 0.0
-0.11846888898094668 0.25998515032345804
-0.11846888898094668 -0.25998515032345804
0.27277505900968935 0.06472132691347628
0.27277505900968935 -0.06472132691347628
-0.1996188408512409 0.1915374031233842
-0.1996188408512409 -0.1915374031233842
0.03228109987121676 0.28213930465714243
0.03228109987121676 -0.28213930465714243
0.06199209569364003 0.2722382123185549
0.06199209569364003 -0.2722382123185549
0.273527525241049 0.02393799851941684
0.273527525241049 -0.02393799851941684
0.19692219414630258 0.1940641342588566
0.19692219414630258 -0.1940641342588566
0.2205433655241395 0.15131521076611262
0.2205433655241395 -0.15131521076611262
0.2527576043089752 0.0637027922674255
0.2527576043089752 -0.0637027922674255
0.255558237778848 0.01834359445824405
0.255558237778848 -0.01834359445824405
0.18223248166159006 0.19016683796023093
0.18223248166159006 -0.19016683796023093
0.14328663604804134 0.21994971118022896
0.14328663604804134 -0.21994971118022896
0.11937081364848132 0.23813913116306606
0.11937081364848132 -0.23813913116306606
-0.03482866910273154 0.27238590896579284
-0.03482866910273154 -0.27238590896579284
0.2164802895519674 0.12648175260287486
0.2164802895519674 -0.12648175260287486
0.09307435519443998 0.24523009619503178
0.09307435519443998 -0.24523009619503178
0.05861312770217976 0.25685955333560984
0.05861312770217976 -0.25685955333560984
-0.10319470531373826 0.24721251857913557
-0.10319470531373826 -0.24721251857913557
-0.24534575580844423 0.11173113022062213
-0.24534575580844423 -0.11173113022062213
-0.0921361444485676 0.2440246354537655
-0.0921361444485676 -0.2440246354537655
-0.248950954618167 0.0949800566004662
-0.248950954618167 -0.0949800566004662
-0.029222418659798466 0.25710124522941996
-0.029222418659798466 -0.25710124522941996
-0.2667015441039601 0.033632693140849684
-0.2667015441039601 -0.033632693140849684
-0.1431758149048893 0.21686732801740305
-0.1431758149048893 -0.21686732801740305
-0.16059466702023995 0.20277623287947952
-0.16059466702023995 -0.20277623287947952
-0.2521922224248942 0.0
-0.2176306277886486 0.127196331730234
-0.2176306277886486 -0.127196331730234
-0.24090953090176948 0.06850910014756754
-0.24090953090176948 -0.06850910014756754
0.10187061268287481 0.22881063691645565
0.10187061268287481 -0.22881063691645565
-0.15006893704830646 0.20099490688393523
-0.15006893704830646 -0.20099490688393523
-0.19159942528280552 0.14360203399887161
-0.19159942528280552 -0.14360203399887161
-0.24882344798934236 0.01937035016122774
-0.24882344798934236 -0.01937035016122774
-0.17732477608082686 0.17182511839876116
-0.17732477608082686 -0.17182511839876116
-0.025000364582017952 0.2484810988053123
-0.025000364582017952 -0.2484810988053123
-0.20795717602327843 0.10215135513321871
-0.20795717602327843 -0.10215135513321871
0.0028306392631375034 0.24221000516381858
0.0028306392631375034 -0.24221000516381858
-0.055026935735653544 0.23253530576305428
-0.055026935735653544 -0.23253530576305428
0.23704400184739086 0.06587467065139019
0.23704400184739086 -0.06587467065139019
0.15468567449718168 0.18778057673276813
0.15468567449718168 -0.18778057673276813
0.12363077575325696 0.2089641716330127
0.12363077575325696 -0.2089641716330127
0.17596721416378616 0.16453676384901125
0.17596721416378616 -0.16453676384901125
-0.10162699930491303 0.20637525034720838
-0.10162699930491303 -0.20637525034720838
0.19737291663782985 0.13697964068344995
0.19737291663782985 -0.13697964068344995
-0.23270233156330045 0.0
-0.15658801679311707 0.1637151728470081
-0.15658801679311707 -0.1637151728470081
0.23173532764351093 0.040123584392360065
0.23173532764351093 -0.040123584392360065
0.08155585397362793 0.22265630541882186
0.08155585397362793 -0.22265630541882186
0.2150646250783944 0.08786385028518585
0.2150646250783944 -0.08786385028518585
0.22646378321284746 0.05213051443865578
0.22646378321284746 -0.05213051443865578
-0.2238092824652131 0.02357681558016302
-0.2238092824652131 -0.02357681558016302
0.17855689647677678 0.13656346804273437
0.17855689647677678 -0.13656346804273437
0.05693282352823281 0.21913505919882156
0.05693282352823281 -0.21913505919882156
0.11899210693424095 0.19201910464565264
0.11899210693424095 -0.19201910464565264
0.13745125975615596 0.1774620678000812
0.13745125975615596 -0.1774620678000812
0.21240511202101742 0.04325815681449507
0.21240511202101742 -0.04325815681449507
0.2128064613110505 0.006704419552203655
0.2128064613110505 -0.006704419552203655
0.18375724210359973 0.10400009334281203
0.18375724210359973 -0.10400009334281203
0.20666765889393662 0.030579853080628605
0.20666765889393662 -0.030579853080628605
0.15085921521620677 0.15094159950814978
0.15085921521620677 -0.15094159950814978
0.07050184271292617 0.20817597284243003
0.07050184271292617 -0.20817597284243003
0.10525825790149185 0.1853410628788591
0.10525825790149185 -0.1853410628788591
0.12433820355817621 0.16844899219183954
0.12433820355817621 -0.16844899219183954
0.028179580881203377 0.2202143217623185
0.028179580881203377 -0.2202143217623185
0.05060585179595545 0.21337416460457717
0.05060585179595545 -0.21337416460457717
-0.01523827431161799 0.22169360764359367
-0.01523827431161799 -0.22169360764359367
-0.14049378868823706 0.16674403976001412
-0.14049378868823706 -0.16674403976001412
-0.12414241750738428 0.17759315574876186
-0.12414241750738428 -0.17759315574876186
-0.11250217828112274 0.18387467166848365
-0.11250217828112274 -0.18387467166848365
-0.0873699127659602 0.1963322302891285
-0.0873699127659602 -0.1963322302891285
-0.1614456397658892 0.1452416558272088
-0.1614456397658892 -0.1452416558272088
-0.040033395029121774 0.21351123258841054
-0.040033395029121774 -0.21351123258841054
-0.1713850131211933 0.13181647102095803
-0.1713850131211933 -0.13181647102095803
-0.20036220400353366 0.08128663886336804
-0.20036220400353366 -0.08128663886336804
-0.014107889412137605 0.21358524167212867
-0.014107889412137605 -0.21358524167212867
-0.20188133282614423 0.07381974343574467
-0.20188133282614423 -0.07381974343574467
-0.029968789610421015 0.21141319393103114
-0.029968789610421015 -0.21141319393103114
-0.20676194703154205 0.02854330982025847
-0.20676194703154205 -0.02854330982025847
-0.17272512474701285 0.11652866091868432
-0.17272512474701285 -0.11652866091868432
-0.19291741092133166 0.07433414241753711
-0.19291741092133166 -0.07433414241753711
-0.17920518074524758 0.1008948877138068
-0.17920518074524758 -0.1008948877138068
-0.17458540690516777 0.10580937033027803
-0.17458540690516777 -0.10580937033027803
0.01741905541208707 0.20798021282471785
0.01741905541208707 -0.20798021282471785
-0.044088813609473206 0.205286619861467
-0.044088813609473206 -0.205286619861467
-0.06422895077708554 0.19408619734374166
-0.06422895077708554 -0.19408619734374166
0.08896304336272993 0.18742293303221513
0.08896304336272993 -0.18742293303221513
-0.153434912928094 0.13076911262492363
-0.153434912928094 -0.13076911262492363
-0.19624807079924333 0.04333740492744909
-0.19624807079924333 -0.04333740492744909
0.19531005758239386 0.05646473355668486
0.19531005758239386 -0.05646473355668486
0.16326680081573997 0.11674781789553579
0.16326680081573997 -0.11674781789553579
0.1803447080075937 0.09273867791271748
0.1803447080075937 -0.09273867791271748
0.13581874888688839 0.1490850131178392
0.13581874888688839 -0.1490850131178392
-0.2016527174701835 0.0
0.17467971172487237 0.09858981846262845
0.17467971172487237 -0.09858981846262845
-0.11350099637938174 0.16199884933431005
-0.11350099637938174 -0.16199884933431005
-0.19907154297865237 0.0
0.13977971628706606 0.13919922705774312
0.13977971628706606 -0.13919922705774312
0.19721203175132668 0.02343936421994696
0.19721203175132668 -0.02343936421994696
-0.15280596810365604 0.12077726018329563
-0.15280596810365604 -0.12077726018329563
0.04034659502792615 0.19585256910753238
0.04034659502792615 -0.19585256910753238
0.17690383829473072 0.0751195163928832
0.17690383829473072 -0.0751195163928832
-0.007335660211098031 0.19897758346940203
-0.007335660211098031 -0.19897758346940203
-0.08828624158194853 0.17567867381767613
-0.08828624158194853 -0.17567867381767613
-0.1324521285214302 0.13829980075260023
-0.1324521285214302 -0.13829980075260023
0.19052105081107187 0.023497484546271773
0.19052105081107187 -0.023497484546271773
-0.0685669489688121 0.1824196621202337
-0.0685669489688121 -0.1824196621202337
-0.1857264233474717 0.047438153833368656
-0.1857264233474717 -0.047438153833368656
-0.15820779881050925 0.10357006756646543
-0.15820779881050925 -0.10357006756646543
-0.16814057251977269 0.08233850630653247
-0.16814057251977269 -0.08233850630653247
-0.18629758234552773 0.01619080948545037
-0.18629758234552773 -0.01619080948545037
0.06425452562859624 0.182571515666654
0.06425452562859624 -0.182571515666654
0.11055644283058152 0.15742545334608757
0.11055644283058152 -0.15742545334608757
0.06176005233699957 0.17830412103693374
0.06176005233699957 -0.17830412103693374
0.14880656145253718 0.11663221264509012
0.14880656145253718 -0.11663221264509012
0.18173186417848253 0.04348803894119086
0.18173186417848253 -0.04348803894119086
0.1179942830777826 0.1437789942736245
0.1179942830777826 -0.1437789942736245
0.15706948655911232 0.09882100209747535
0.15706948655911232 -0.09882100209747535
0.14913481260483955 0.10658337887078603
0.14913481260483955 -0.10658337887078603
0.17275577894763483 0.06401744821589248
0.17275577894763483 -0.06401744821589248
0.16218709074103566 0.08127974201680652
0.16218709074103566 -0.08127974201680652
0.17896472583992323 0.0
0.018746527066267487 0.18524624065180467
0.018746527066267487 -0.18524624065180467
-0.03773218067612663 0.18417914091704318
-0.03773218067612663 -0.18417914091704318
-0.10814850595153734 0.14283523527745962
-0.10814850595153734 -0.14283523527745962
-0.17314245758867985 0.06112763636748413
-0.17314245758867985 -0.06112763636748413
-0.04732591341762393 0.17908094614321454
-0.04732591341762393 -0.17908094614321454
-0.07533029137799697 0.16204537668475294
-0.07533029137799697 -0.16204537668475294
-0.13047270079037215 0.11662740810999202
-0.13047270079037215 -0.11662740810999202
-0.14175176904691178 0.10029269419974889
-0.14175176904691178 -0.10029269419974889
-0.18016612483054167 0.01612362256515855
-0.18016612483054167 -0.01612362256515855
-0.12243108608189837 0.1192295212947674
-0.12243108608189837 -0.1192295212947674
-0.04841747647426743 0.1748168588052094
-0.04841747647426743 -0.1748168588052094
0.11749304123618844 0.12297294563840355
0.11749304123618844 -0.12297294563840355
-0.17467689327904304 0.017259767565482965
-0.17467689327904304 -0.017259767565482965
-0.1631785532538197 0.037322784037998644
-0.1631785532538197 -0.037322784037998644
-0.14588479359101053 0.07924071978891477
-0.14588479359101053 -0.07924071978891477
-0.07929691363266458 0.1550136431038985
-0.07929691363266458 -0.1550136431038985
-0.1466592455730639 0.07119734949154832
-0.1466592455730639 -0.07119734949154832
0.173391122123901 0.029303293007280403
0.173391122123901 -0.029303293007280403
0.17260416382116087 0.0
0.03955635210301686 0.17378303231726602
0.03955635210301686 -0.17378303231726602
-0.09483938731231017 0.1356006863046077
-0.09483938731231017 -0.1356006863046077
-0.10178158630504486 0.12604162781161193
-0.10178158630504486 -0.12604162781161193
0.16813302678364284 0.0
0.07707210406398739 0.15373726497513293
0.07707210406398739 -0.15373726497513293
-0.02109931468342459 0.1714120630191583
-0.02109931468342459 -0.1714120630191583
0.08939406672250169 0.14476926748396043
0.08939406672250169 -0.14476926748396043
0.1143428168316756 0.12185132252403004
0.1143428168316756 -0.12185132252403004
0.15820448782839996 0.059287716270588126
0.15820448782839996 -0.059287716270588126
0.008040715624447182 0.1741943470288059
0.008040715624447182 -0.1741943470288059
0.10020136708205171 0.13372360422903481
0.10020136708205171 -0.13372360422903481
0.1409928246401928 0.08580972971097574
0.1409928246401928 -0.08580972971097574
0.057550603395727644 0.1602396471570151
0.057550603395727644 -0.1602396471570151
0.14868593067159125 0.07303129901644592
0.14868593067159125 -0.07303129901644592
-0.07337112590354011 0.14685251186550644
-0.07337112590354011 -0.14685251186550644
-0.0037199595083837684 0.1724068707421226
-0.0037199595083837684 -0.1724068707421226
0.15996708951886515 0.037535583086888764
0.15996708951886515 -0.037535583086888764
0.02087492049018147 0.16683382598936006
0.02087492049018147 -0.16683382598936006
-0.04736823410141061 0.15652165352454508
-0.04736823410141061 -0.15652165352454508
-0.010082394551303085 0.16969730723596188
-0.010082394551303085 -0.16969730723596188
0.06857904589539433 0.15022392883762004
0.06857904589539433 -0.15022392883762004
-0.16035921950214904 0.02554157025935722
-0.16035921950214904 -0.02554157025935722
-0.07131615858649393 0.14206582720665645
-0.07131615858649393 -0.14206582720665645
-0.10447096988256314 0.11717442815446998
-0.10447096988256314 -0.11717442815446998
0.01713349258014754 0.16205140782068708
0.01713349258014754 -0.16205140782068708
0.09631769378561846 0.12345893477657222
0.09631769378561846 -0.12345893477657222
-0.13186607813559584 0.08397972432897961
-0.13186607813559584 -0.08397972432897961
0.15448590418907227 0.0041158617664773635
0.15448590418907227 -0.0041158617664773635
0.12194428054686024 0.09066443395839478
0.12194428054686024 -0.09066443395839478
-0.15846306217712394 0.0
-0.10700713342647372 0.10986831820326028
-0.10700713342647372 -0.10986831820326028
-0.14885839587623345 0.04463112408882538
-0.14885839587623345 -0.04463112408882538
0.04110254768466115 0.1498860100735152
0.04110254768466115 -0.1498860100735152
-0.15353066086644124 0.026705508637648638
-0.15353066086644124 -0.026705508637648638
-0.08940280932897463 0.12378064647652333
-0.08940280932897463 -0.12378064647652333
0.14527644867052386 0.044202407909274676
0.14527644867052386 -0.044202407909274676
0.1519791658636522 0.0218091554207787
0.1519791658636522 -0.0218091554207787
-0.05574508171485625 0.1407199285735337
-0.05574508171485625 -0.1407199285735337
0.05691823268549534 0.1386380296517667
0.05691823268549534 -0.1386380296517667
-0.07060715553249233 0.13150896120678662
-0.07060715553249233 -0.13150896120678662
0.1470458665385502 0.03415880113217509
0.1470458665385502 -0.03415880113217509
-0.13790393081049493 0.05741420337537988
-0.13790393081049493 -0.05741420337537988
0.1251725991861239 0.06646876429314318
0.1251725991861239 -0.06646876429314318
0.11316805011955605 0.08498481333884846
0.11316805011955605 -0.08498481333884846
0.10620350271319787 0.09219160435177247
0.10620350271319787 -0.09219160435177247
0.09752769509426415 0.1030213642293747
0.09752769509426415 -0.1030213642293747
0.06826130640144264 0.1287918278091133
0.06826130640144264 -0.1287918278091133
0.08160138233185327 0.11442128725924945
0.08160138233185327 -0.11442128725924945
-0.14435266512409067 0.0
-0.14810586589525493 0.014961017764579393
-0.14810586589525493 -0.014961017764579393
-0.028463174486257792 0.14679522368304931
-0.028463174486257792 -0.14679522368304931
-0.13736049747077567 0.04598109715585904
-0.13736049747077567 -0.04598109715585904
-0.06597971961030147 0.12550581324084753
-0.06597971961030147 -0.12550581324084753
-0.002566893386241927 0.1465895638722258
-0.002566893386241927 -0.1465895638722258
0.009595739656316089 0.14688536436370808
0.009595739656316089 -0.14688536436370808
-0.10401443032130378 0.08797202086869595
-0.10401443032130378 -0.08797202086869595
-0.037497599056393195 0.1413825112113712
-0.037497599056393195 -0.1413825112113712
-0.09505596438748684 0.09626730805897875
-0.09505596438748684 -0.09626730805897875
0.1457737153126238 0.009277012969468658
0.1457737153126238 -0.009277012969468658
0.016952353994830707 0.14244056079575
0.016952353994830707 -0.14244056079575
-0.13488083779957322 0.0
-0.11900893217478781 0.07027193703070529
-0.11900893217478781 -0.07027193703070529
-0.07096971429451618 0.11774392537090678
-0.07096971429451618 -0.11774392537090678
-0.0804021445338658 0.10957358263298089
-0.0804021445338658 -0.10957358263298089
0.07203977742544886 0.11498425851915525
0.07203977742544886 -0.11498425851915525
0.13075443596986852 0.0310594357834911
0.13075443596986852 -0.0310594357834911
-0.02289331124978616 0.1365253495540488
-0.02289331124978616 -0.1365253495540488
-0.1312201758946817 0.010181716676208846
-0.1312201758946817 -0.010181716676208846
0.13168014893191204 0.0
0.12564816859847958 0.0440098165653759
0.12564816859847958 -0.0440098165653759
-0.1260534788405252 0.03691512315780591
-0.1260534788405252 -0.03691512315780591
-0.11599654592511721 0.05568251814844056
-0.11599654592511721 -0.05568251814844056
0.10713797221344001 0.07396188098678422
0.10713797221344001 -0.07396188098678422
-0.1057440547756619 0.07148552901533435
-0.1057440547756619 -0.07148552901533435
0.11505756022473661 0.05777087112504449
0.11505756022473661 -0.05777087112504449
0.08120107348389333 0.10245050770779486
0.08120107348389333 -0.10245050770779486
-0.005697940988067068 0.13570055884237123
-0.005697940988067068 -0.13570055884237123
0.01134357695373377 0.13449004932776218
0.01134357695373377 -0.13449004932776218
0.03129201301997951 0.12559577481740974
0.03129201301997951 -0.12559577481740974
-0.03141623062244086 0.12366772515690302
-0.03141623062244086 -0.12366772515690302
0.04353911986700755 0.11929299068162103
0.04353911986700755 -0.11929299068162103
0.05380618844912867 0.1146505587906622
0.05380618844912867 -0.1146505587906622
0.026672523840120036 0.1261524050321775
0.026672523840120036 -0.1261524050321775
-0.0030071837789076364 0.12786540030664945
-0.0030071837789076364 -0.12786540030664945
-0.12236436259216024 0.0261702586311884
-0.12236436259216024 -0.0261702586311884
-0.11586259701514176 0.043717557034173106
-0.11586259701514176 -0.043717557034173106
0.07865683992909443 0.09484757566067295
0.07865683992909443 -0.09484757566067295
0.09307505351424082 0.08062160791590381
0.09307505351424082 -0.08062160791590381
0.10541808441657873 0.06052806415868937
0.10541808441657873 -0.06052806415868937
0.12065841253425545 0.023227846060391938
0.12065841253425545 -0.023227846060391938
-0.04769477908685568 0.10794151988870704
-0.04769477908685568 -0.10794151988870704
0.06329745043347715 0.10261525084810932
0.06329745043347715 -0.10261525084810932
-0.07474629133308627 0.0903596657167319
-0.07474629133308627 -0.0903596657167319
-0.10004954701122246 0.06352044746607871
-0.10004954701122246 -0.06352044746607871
0.11025137756481376 0.04863354036892416
0.11025137756481376 -0.04863354036892416
-0.08156122698980336 0.08231190829192636
-0.08156122698980336 -0.08231190829192636
-0.028948240876761847 0.11402118126280826
-0.028948240876761847 -0.11402118126280826
-0.05627087607677061 0.10050868868770907
-0.05627087607677061 -0.10050868868770907
0.09376507875713365 0.06712359656763797
0.09376507875713365 -0.06712359656763797
-0.11581552223346098 0.018199227509043906
-0.11581552223346098 -0.018199227509043906
-0.09191306435833783 0.06835651237672472
-0.09191306435833783 -0.06835651237672472
0.039058070340835006 0.10851220859986581
0.039058070340835006 -0.10851220859986581
0.1159256157679068 0.015866816214934413
0.1159256157679068 -0.015866816214934413
-0.11027221539194364 0.03369194485220507
-0.11027221539194364 -0.03369194485220507
0.10575987895133421 0.040154241897078634
0.10575987895133421 -0.040154241897078634
-0.009359885861422668 0.11618687312090004
-0.009359885861422668 -0.11618687312090004
-0.1162285115235169 0.0
-0.04367344324544892 0.10173375440276312
-0.04367344324544892 -0.10173375440276312
0.10965384498649802 0.030684542303996764
0.10965384498649802 -0.030684542303996764
0.11335633429143635 0.0
-0.06943647986876698 0.0832569363658157
-0.06943647986876698 -0.0832569363658157
0.11245421575631329 0.020316894026977866
0.11245421575631329 -0.020316894026977866
-0.09248699884702943 0.05616924090242699
-0.09248699884702943 -0.05616924090242699
-0.09739205318585548 0.04784713889234413
-0.09739205318585548 -0.04784713889234413
0.030553858403290942 0.10741788436188514
0.030553858403290942 -0.10741788436188514
0.061365964438056156 0.08928948683158915
0.061365964438056156 -0.08928948683158915
0.08539967775672966 0.06320914725673758
0.08539967775672966 -0.06320914725673758
-0.0527764620961194 0.08882705764379248
-0.0527764620961194 -0.08882705764379248
0.07765804970125931 0.06929146997621567
0.07765804970125931 -0.06929146997621567
-0.0036004878641790455 0.11022841432004064
-0.0036004878641790455 -0.11022841432004064
0.06357721720057939 0.08123875250852189
0.06357721720057939 -0.08123875250852189
-0.030843759438386242 0.10315371257118709
-0.030843759438386242 -0.10315371257118709
-0.09965436755455045 0.03428207522637254
-0.09965436755455045 -0.03428207522637254
-0.10548320134708024 0.0
-0.10439310413805031 0.007598002611228109
-0.10439310413805031 -0.007598002611228109
-0.03496419528172454 0.09724304940684457
-0.03496419528172454 -0.09724304940684457
0.01907064651922754 0.10188425136859024
0.01907064651922754 -0.10188425136859024
-0.042385438782980435 0.09167986227452064
-0.042385438782980435 -0.09167986227452064
0.050343269607256096 0.0896931106747024
0.050343269607256096 -0.0896931106747024
-0.018092303368678557 0.09658449883617481
-0.018092303368678557 -0.09658449883617481
0.09041745708429602 0.04748590003954834
0.09041745708429602 -0.04748590003954834
-0.0632829534215274 0.07294060449828288
-0.0632829534215274 -0.07294060449828288
0.013874928512609404 0.09844173976161003
0.013874928512609404 -0.09844173976161003
-0.07243919990454627 0.0635025818286305
-0.07243919990454627 -0.0635025818286305
-0.08329121360751401 0.048528004559320485
-0.08329121360751401 -0.048528004559320485
0.07486501482967137 0.06377783103461225
0.07486501482967137 -0.06377783103461225
0.052220066233217954 0.08282781239386965
0.052220066233217954 -0.08282781239386965
0.0551711452264408 0.07717713154493089
0.0551711452264408 -0.07717713154493089
0.09725584459501976 0.014817167567418452
0.09725584459501976 -0.014817167567418452
0.06016606090087997 0.07022733872824458
0.06016606090087997 -0.07022733872824458
-0.09189651192192372 0.0
0.09198487933761083 0.02455550751385133
0.09198487933761083 -0.02455550751385133
0.07912355113850142 0.045646438703926956
0.07912355113850142 -0.045646438703926956
0.09550774966212688 0.00268955228154801
0.09550774966212688 -0.00268955228154801
0.030169282707014543 0.08784041286432263
0.030169282707014543 -0.08784041286432263
-0.039040328250840084 0.07920217317048074
-0.039040328250840084 -0.07920217317048074
-0.0844609852145993 0.027542629419664164
-0.0844609852145993 -0.027542629419664164
-0.0687246569249092 0.052065878699321826
-0.0687246569249092 -0.052065878699321826
-0.04912713355752025 0.06926139600010976
-0.04912713355752025 -0.06926139600010976
-0.08910557721494841 0.013355016776247453
-0.08910557721494841 -0.013355016776247453
-0.05670647548637228 0.060100420241681926
-0.05670647548637228 -0.060100420241681926
0.08132655703130445 0.027020666955748215
0.08132655703130445 -0.027020666955748215
0.016034282870769717 0.0868542374583892
0.016034282870769717 -0.0868542374583892
-0.02885938227735664 0.07813099793654003
-0.02885938227735664 -0.07813099793654003
-0.08305657359926212 0.0
-0.06294511875063187 0.04772822496138589
-0.06294511875063187 -0.04772822496138589
0.04843754945381675 0.060796282418800855
0.04843754945381675 -0.060796282418800855
0.0019082212785859914 0.08390891069199485
0.0019082212785859914 -0.08390891069199485
0.028696710111182425 0.0770572831324215
0.028696710111182425 -0.0770572831324215
-0.07527650673259836 0.023595023796998554
-0.07527650673259836 -0.023595023796998554
-0.0073139566029190054 0.07982921165635985
-0.0073139566029190054 -0.07982921165635985
-0.07529740585150321 0.008144104693745269
-0.07529740585150321 -0.008144104693745269
-0.01695681943892744 0.07805114118556078
-0.01695681943892744 -0.07805114118556078
-0.06653860850769504 0.033562795077314043
-0.06653860850769504 -0.033562795077314043
0.03376404728855145 0.06945700417561722
0.03376404728855145 -0.06945700417561722
0.056061985421799326 0.049282816376507596
0.056061985421799326 -0.049282816376507596
0.07387434552622771 0.015636057189639046
0.07387434552622771 -0.015636057189639046
0.06898508512922547 0.021037103558403603
0.06898508512922547 -0.021037103558403603
0.054523492580303715 0.04089808327556647
0.054523492580303715 -0.04089808327556647
-0.03253943273330793 0.05926355605363032
-0.03253943273330793 -0.05926355605363032
-0.015071447364856765 0.06846008393147336
-0.015071447364856765 -0.06846008393147336
0.06868663774474551 0.0031700240071038895
0.06868663774474551 -0.0031700240071038895
-0.05739260319048026 0.018512643865294616
-0.05739260319048026 -0.018512643865294616
0.0169850161984149 0.06518904505214274
0.0169850161984149 -0.06518904505214274
-0.03769226679482647 0.044820131412300165
-0.03769226679482647 -0.044820131412300165
0.06095510302680252 0.0
0.04916281496646924 0.03238598209087947
0.04916281496646924 -0.03238598209087947
-0.02799576040004824 0.05189063594278703
-0.02799576040004824 -0.05189063594278703
-0.014232984073445518 0.06167393489365854
-0.014232984073445518 -0.06167393489365854
0.03819888504797457 0.041511214478055926
0.03819888504797457 -0.041511214478055926
0.03025338826609507 0.05232690726117713
0.03025338826609507 -0.05232690726117713
-0.045440299677796475 0.028218805731027048
-0.045440299677796475 -0.028218805731027048
0.016908025087946893 0.058676938996712905
0.016908025087946893 -0.058676938996712905
-0.005589223604599991 0.0552801117011735
-0.005589223604599991 -0.0552801117011735
0.052712804684464445 0.008150043251425768
0.052712804684464445 -0.008150043251425768
0.02004295886283064 0.04992160634392318
0.02004295886283064 -0.04992160634392318
-0.05703791227189553 0.0005501463032160131
-0.05703791227189553 -0.0005501463032160131
0.004527548405270378 0.049778468669631905
0.004527548405270378 -0.049778468669631905
0.038351363042916614 0.026140427910145588
0.038351363042916614 -0.026140427910145588
-0.02058637404063672 0.04049370124526192
-0.02058637404063672 -0.04049370124526192
0.007525449094568391 0.04478642277824642
0.007525449094568391 -0.04478642277824642
0.047538576609298805 0.010208049294202931
0.047538576609298805 -0.010208049294202931
-0.05252879780916446 0.0
-0.04516752450265696 0.01887033990782995
-0.04516752450265696 -0.01887033990782995
0.036772340796445514 0.011097812214338719
0.036772340796445514 -0.011097812214338719
-0.030007702621988992 0.02526476448314337
-0.030007702621988992 -0.02526476448314337
-0.045928708085914066 0.009086294416545609
-0.045928708085914066 -0.009086294416545609
0.017890647252933677 0.031914964119516435
0.017890647252933677 -0.031914964119516435
-0.007267339893855758 0.03553406164700684
-0.007267339893855758 -0.03553406164700684
0.025565940124750046 0.027966072336391968
0.025565940124750046 -0.027966072336391968
-0.038880995236030294 0.0
-0.02753355590354055 0.01663493916215575
-0.02753355590354055 -0.01663493916215575
0.030780187754210337 0.0
0.02796029244666535 0.009488596531000874
0.02796029244666535 -0.009488596531000874
0.004410925773219811 0.0300437185888351
0.004410925773219811 -0.0300437185888351
-0.02456220901585324 0.005563632070858235
-0.02456220901585324 -0.005563632070858235
0.017759497655197604 0.0
-0.011231929425488313 0.024099267181774475
-0.011231929425488313 -0.024099267181774475
-0.0004905991916985677 0.027003582428154076
-0.0004905991916985677 -0.027003582428154076
-0.0008588753810456603 0.016744762297089415
-0.0008588753810456603 -0.016744762297089415
0.008765544377545804 0.006281338401399429
0.008765544377545804 -0.006281338401399429
-0.0033120944846065374 0.01494222681657676
-0.0033120944846065374 -0.01494222681657676
-0.0036914274971211873 0.0
-3.013314851567069 0.0
1.6143554117275833 1.5055266409463486
1.6143554117275833 -1.5055266409463486
-0.18597028682758954 1.2747526062876502
-0.18597028682758954 -1.2747526062876502
-0.6756863274198525 0.8437934468001118
-0.6756863274198525 -0.8437934468001118
1.1365495718782994 0.0
-0.6841324447197817 0.7661208817519517
-0.6841324447197817 -0.7661208817519517
-1.010317221243238 0.0
-0.8972177151754259 0.4263589789600142
-0.8972177151754259 -0.4263589789600142
-0.8126044206128109 0.5564895416807693
-0.8126044206128109 -0.5564895416807693
-0.37831232069925486 0.9069112170516821
-0.37831232069925486 -0.9069112170516821
-0.9291279951083485 0.17780132345381727
-0.9291279951083485 -0.17780132345381727
-0.9169799871478035 0.1207898794314901
-0.9169799871478035 -0.1207898794314901
-0.19205171795749737 0.9755392235798186
-0.19205171795749737 -0.9755392235798186
0.08510792290139932 1.0128862367018974
0.08510792290139932 -1.0128862367018974
-0.4692665581951492 0.7768581935077884
-0.4692665581951492 -0.7768581935077884
-0.7205792545547167 0.4895968772033973
-0.7205792545547167 -0.4895968772033973
-0.8203856517222868 0.23638988239179934
-0.8203856517222868 -0.23638988239179934
-0.3801418211119187 0.8213987876092468
-0.3801418211119187 -0.8213987876092468
0.20264773622547028 0.9525597810591573
0.20264773622547028 -0.9525597810591573
-0.14466944296860548 0.8985326891762696
-0.14466944296860548 -0.8985326891762696
0.45318396551405205 0.8530512311431139
0.45318396551405205 -0.8530512311431139
0.9562578425782262 0.2285415013390683
0.9562578425782262 -0.2285415013390683
0.5259941710410204 0.7976313222522158
0.5259941710410204 -0.7976313222522158
-0.048711922318195086 0.8911624464246781
-0.048711922318195086 -0.8911624464246781
0.0150691570110063 0.8832994955496628
0.0150691570110063 -0.8832994955496628
0.9509005539510065 0.0
0.765378302864081 0.5579056451338066
0.765378302864081 -0.5579056451338066
0.8917822366163786 0.20340427219485746
0.8917822366163786 -0.20340427219485746
0.3896349279175198 0.7677602043586477
0.3896349279175198 -0.7677602043586477
0.4724615631082687 0.7345936236930202
0.4724615631082687 -0.7345936236930202
0.7375448781691302 0.49542160445761485
0.7375448781691302 -0.49542160445761485
0.7805413574441737 0.43611224753788813
0.7805413574441737 -0.43611224753788813
0.8608302206533882 0.0730337518200409
0.8608302206533882 -0.0730337518200409
0.784733687988071 0.365503461237108
0.784733687988071 -0.365503461237108
0.6559636575083412 0.5507517465081868
0.6559636575083412 -0.5507517465081868
0.8125129889040545 0.14720762527863743
0.8125129889040545 -0.14720762527863743
0.14793245383111242 0.8325438556031046
0.14793245383111242 -0.8325438556031046
0.8004283008637868 0.0
0.5904337222629721 0.5599310254559409
0.5904337222629721 -0.5599310254559409
0.21664278353808966 0.7937302212528267
0.21664278353808966 -0.7937302212528267
-0.11354293573105015 0.8130914774329542
-0.11354293573105015 -0.8130914774329542
-0.772625193878813 0.3200358021309716
-0.772625193878813 -0.3200358021309716
0.536516291283374 0.5882599673814606
0.536516291283374 -0.5882599673814606
-0.4006688154395638 0.7103830609156369
-0.4006688154395638 -0.7103830609156369
-0.8147219187045309 0.04768299695531933
-0.8147219187045309 -0.04768299695531933
-0.7919960119353798 0.1729374775568828
-0.7919960119353798 -0.1729374775568828
0.6572547618014771 0.37540596394592607
0.6572547618014771 -0.37540596394592607
-0.506598259608942 0.6132608735892966
-0.506598259608942 -0.6132608735892966
0.5937094067877347 0.4566380064023701
0.5937094067877347 -0.4566380064023701
-0.7800673430982731 0.0
-0.60137561964522 0.486999740624223
-0.60137561964522 -0.486999740624223
0.3624571168940606 0.6364903949668599
0.3624571168940606 -0.6364903949668599
-0.508774454642368 0.56321084772306
-0.508774454642368 -0.56321084772306
0.2340806113531645 0.697569691876153
0.2340806113531645 -0.697569691876153
0.4355269025950782 0.5768757446220849
0.4355269025950782 -0.5768757446220849
-0.6643359285533912 0.3613254361687785
-0.6643359285533912 -0.3613254361687785
-0.5418174277939757 0.5120979614747582
-0.5418174277939757 -0.5120979614747582
0.6970626258458203 0.12679315895295212
0.6970626258458203 -0.12679315895295212
-0.3099661362682799 0.6291577605625184
-0.3099661362682799 -0.6291577605625184
-0.03371863831647388 0.6986185239255304
-0.03371863831647388 -0.6986185239255304
0.04036245506005099 0.7000573813332813
0.04036245506005099 -0.7000573813332813
-0.6423519156953374 0.28227624616871444
-0.6423519156953374 -0.28227624616871444
0.6571785843699235 0.2086229289945929
0.6571785843699235 -0.2086229289945929
-0.689819037139799 0.10653211292227781
-0.689819037139799 -0.10653211292227781
-0.546766583080901 0.4248308547364578
-0.546766583080901 -0.4248308547364578
-0.592122958793552 0.3432770404724417
-0.592122958793552 -0.3432770404724417
0.18171027968997505 0.6450049856350407
0.18171027968997505 -0.6450049856350407
0.6534266322156775 0.0
-0.6453887734535438 0.01022969858501367
-0.6453887734535438 -0.01022969858501367
-0.2029566696915641 0.6283359211522491
-0.2029566696915641 -0.6283359211522491
-0.551214429745711 0.30859037074311313
-0.551214429745711 -0.30859037074311313
-0.027158588344051767 0.6416622701765503
-0.027158588344051767 -0.6416622701765503
0.5819625543493286 0.2538447359542779
0.5819625543493286 -0.2538447359542779
0.5076133565038183 0.3801082251316709
0.5076133565038183 -0.3801082251316709
0.14382085884264445 0.614911429193858
0.14382085884264445 -0.614911429193858
0.4331448806745165 0.44444944064398184
0.4331448806745165 -0.44444944064398184
-0.06866203815263974 0.6120728393037859
-0.06866203815263974 -0.6120728393037859
0.5874076851222653 0.0
-0.21021684441177152 0.5719775535925606
-0.21021684441177152 -0.5719775535925606
-0.17047768119526252 0.5755881906421737
-0.17047768119526252 -0.5755881906421737
0.5775005724466836 0.1328385804774893
0.5775005724466836 -0.1328385804774893
0.2634012359358061 0.5297752872581847
0.2634012359358061 -0.5297752872581847
-0.40399845844784843 0.4091594319871784
-0.40399845844784843 -0.4091594319871784
-0.49091367497110106 0.2615150344272243
-0.49091367497110106 -0.2615150344272243
0.02289396082938973 0.5615376837568161
0.02289396082938973 -0.5615376837568161
-0.27018124671740007 0.48594793496569677
-0.27018124671740007 -0.48594793496569677
0.536803526208131 0.0
0.24496866272742823 0.48876915788331765
0.24496866272742823 -0.48876915788331765
0.32905795019199313 0.42946393241095
0.32905795019199313 -0.42946393241095
0.5240601703671819 0.13589669654128872
0.5240601703671819 -0.13589669654128872
0.36867955557731746 0.38820116551352973
0.36867955557731746 -0.38820116551352973
0.1399235461219827 0.51628675407017
0.1399235461219827 -0.51628675407017
-0.48142559487778647 0.2049586613225435
-0.48142559487778647 -0.2049586613225435
0.4794966590481944 0.21364860200998662
0.4794966590481944 -0.21364860200998662
-0.49882476451799507 0.1313678732621368
-0.49882476451799507 -0.1313678732621368
-0.30962040056556056 0.3891883227635647
-0.30962040056556056 -0.3891883227635647
0.056249099409420425 0.4987960583028116
0.056249099409420425 -0.4987960583028116
0.4921648522171904 0.058010470491463996
0.4921648522171904 -0.058010470491463996
-0.13889768549899667 0.48652764007739735
-0.13889768549899667 -0.48652764007739735
-0.49161439073391344 0.0
-0.11797439264254282 0.4836492170449075
-0.11797439264254282 -0.4836492170449075
0.38997472533380395 0.2995886022283148
0.38997472533380395 -0.2995886022283148
-0.48507440438634636 0.031905402531509516
-0.48507440438634636 -0.031905402531509516
-0.25248808786412086 0.4108568703192837
-0.25248808786412086 -0.4108568703192837
0.12699122341342933 0.46267730204693686
0.12699122341342933 -0.46267730204693686
0.3265261486525764 0.3214904890972554
0.3265261486525764 -0.3214904890972554
0.05490205758493824 0.4544949674133026
0.05490205758493824 -0.4544949674133026
0.4346483911630187 0.0
-0.3353306308424411 0.271164543314106
-0.3353306308424411 -0.271164543314106
-0.2791923807759833 0.325310710784767
-0.2791923807759833 -0.325310710784767
-0.3845098782746996 0.1858017058903013
-0.3845098782746996 -0.1858017058903013
0.39361638533256715 0.15279690989397796
0.39361638533256715 -0.15279690989397796
-0.39098916446519194 0.0949025134434372
-0.39098916446519194 -0.0949025134434372
-0.20610913143415496 0.3514088291949596
-0.20610913143415496 -0.3514088291949596
-0.13861987948966417 0.3839323711531071
-0.13861987948966417 -0.3839323711531071
0.29221552770984094 0.28174404891978116
0.29221552770984094 -0.28174404891978116
-0.3343136952758827 0.2091390390507952
-0.3343136952758827 -0.2091390390507952
0.14746424211423093 0.37334528674445594
0.14746424211423093 -0.37334528674445594
-0.10414251076259703 0.3837092039972299
-0.10414251076259703 -0.3837092039972299
-0.28691880577039464 0.26150290061553794
-0.28691880577039464 -0.26150290061553794
0.38935687418954085 0.07325289675662466
0.38935687418954085 -0.07325289675662466
0.06113825319014142 0.3848668730261805
0.06113825319014142 -0.3848668730261805
0.1833420611403152 0.3347091224830716
0.1833420611403152 -0.3347091224830716
0.2444847757557651 0.28372268280880864
0.2444847757557651 -0.28372268280880864
0.37073564363975053 0.036267412480533834
0.37073564363975053 -0.036267412480533834
0.32122544718867707 0.19115211498876136
0.32122544718867707 -0.19115211498876136
-0.3639983047986418 0.062023207194947035
-0.3639983047986418 -0.062023207194947035
0.30301188357523445 0.20384945961166498
0.30301188357523445 -0.20384945961166498
-0.3600657432402773 0.0
-0.19135776491459122 0.2986984466636075
-0.19135776491459122 -0.2986984466636075
0.34870033262502365 0.009371382084568301
0.34870033262502365 -0.009371382084568301
-0.08496419431774893 0.34448322996185327
-0.08496419431774893 -0.34448322996185327
0.21112441573391488 0.2761253686929488
0.21112441573391488 -0.2761253686929488
-0.14564683029815295 0.3064831297988633
-0.14564683029815295 -0.3064831297988633
0.3152156850086316 0.1305697353575035
0.3152156850086316 -0.1305697353575035
-0.27784508488330734 0.18754566642552492
-0.27784508488330734 -0.18754566642552492
-0.3038940717158743 0.12994812879798448
-0.3038940717158743 -0.12994812879798448
-0.02660559718810099 0.3343084620058525
-0.02660559718810099 -0.3343084620058525
0.053324183929868 0.3250282801070479
0.053324183929868 -0.3250282801070479
0.18154388634049604 0.27075649942431995
0.18154388634049604 -0.27075649942431995
-0.047352389187742046 0.3234524878960066
-0.047352389187742046 -0.3234524878960066
-0.32319611566384343 0.00421646093863951
-0.32319611566384343 -0.00421646093863951
0.28069388025168374 0.1612457634001326
0.28069388025168374 -0.1612457634001326
0.1333448624796278 0.29065459301626806
0.1333448624796278 -0.29065459301626806
-0.17613952609475303 0.2610332633854867
-0.17613952609475303 -0.2610332633854867
-0.2490329615943022 0.19144761319724057
-0.2490329615943022 -0.19144761319724057
0.21630704403962572 0.22085337453805062
0.21630704403962572 -0.22085337453805062
0.1975503970407549 0.23086726936243052
0.1975503970407549 -0.23086726936243052
-0.1113183806598765 0.2860918024701217
-0.1113183806598765 -0.2860918024701217
-0.21278623881608077 0.22381714249997134
-0.21278623881608077 -0.22381714249997134
0.021802185977584446 0.30852103318166557
0.021802185977584446 -0.30852103318166557
-0.2962450084634325 0.09241826879345028
-0.2962450084634325 -0.09241826879345028
0.06978930049450253 0.2944412118212368
0.06978930049450253 -0.2944412118212368
0.2679168956376853 0.14486773174236134
0.2679168956376853 -0.14486773174236134
-0.005731711565690386 0.29889070748940433
-0.005731711565690386 -0.29889070748940433
0.08313316457506725 0.28145996308680915
0.08313316457506725 -0.28145996308680915
0.01900394040899141 0.29412968830125374
0.01900394040899141 -0.29412968830125374
0.29555362397275303 0.010441150148280441
0.29555362397275303 -0.010441150148280441
-0.3013834629145782 0.003993940833767643
-0.3013834629145782 -0.003993940833767643
0.09736623413930048 0.26737120231629313
0.09736623413930048 -0.26737120231629313
0.28525540231948787 0.052370113797145186
0.28525540231948787 -0.052370113797145186
0.2715692852972264 0.1090377093102949
0.2715692852972264 -0.1090377093102949
-0.17736313129820386 0.23197705536570876
-0.17736313129820386 -0.23197705536570876
-0.2867413613397175 0.05228902793774495
-0.2867413613397175 -0.05228902793774495
0.21245717026015054 0.17923310780502202
0.21245717026015054 -0.17923310780502202
-0.07601302865693466 0.2692911794558659
-0.07601302865693466 -0.2692911794558659
0.24305661845849874 0.13845316313134337
0.24305661845849874 -0.13845316313134337
-0.22906619122956773 0.16320950860833666
-0.22906619122956773 -0.16320950860833666
-0.2375691790306224 0.13827922446690238
-0.2375691790306224 -0.13827922446690238
-0.10702712499284553 0.24713513538177026
-0.10702712499284553 -0.24713513538177026
-0.208131548950727 0.17457277393808512
-0.208131548950727 -0.17457277393808512
0.25411528848109266 0.09766475513359377
0.25411528848109266 -0.09766475513359377
-0.2504962581899301 0.10189528779060912
-0.2504962581899301 -0.10189528779060912
0.009333132320757356 0.2704042365730169
0.009333132320757356 -0.2704042365730169
0.2556907907632203 0.08491611372893915
0.2556907907632203 -0.08491611372893915
-0.17639190241796282 0.202098355015051
-0.17639190241796282 -0.202098355015051
-0.2561697605363752 0.07747826349226931
-0.2561697605363752 -0.07747826349226931
0.21555848208906872 0.1491274557662568
0.21555848208906872 -0.1491274557662568
0.2553701099843104 0.03296861344311569
0.2553701099843104 -0.03296861344311569
0.250831775316606 0.0
0.1750888910607219 0.19408399026983353
0.1750888910607219 -0.19408399026983353
0.18992231360606834 0.16591790439685297
0.18992231360606834 -0.16591790439685297
0.1552761971003144 0.20375337125082263
0.1552761971003144 -0.20375337125082263
0.12902649873664201 0.22423540070900552
0.12902649873664201 -0.22423540070900552
0.24009558716607615 0.025408988703842925
0.24009558716607615 -0.025408988703842925
0.2280162805940505 0.08039725654244052
0.2280162805940505 -0.08039725654244052
-0.1100471463430798 0.23723348108793504
-0.1100471463430798 -0.23723348108793504
0.2155325623785871 0.11089805756715877
0.2155325623785871 -0.11089805756715877
-0.15219424136229145 0.21026481585817766
-0.15219424136229145 -0.21026481585817766
-0.03904349109921919 0.25745011160571213
-0.03904349109921919 -0.25745011160571213
0.15235995060815394 0.19009161174363717
0.15235995060815394 -0.19009161174363717
0.08004935303654656 0.24308636213077547
0.08004935303654656 -0.24308636213077547
-0.2583010367890621 0.005850870311352065
-0.2583010367890621 -0.005850870311352065
-0.2480517977964956 0.05585747571031188
-0.2480517977964956 -0.05585747571031188
-0.22423454710114826 0.11900584453703436
-0.22423454710114826 -0.11900584453703436
-0.015388376815134934 0.25128111954352444
-0.015388376815134934 -0.25128111954352444
0.03970093732157717 0.24909899105942068
0.03970093732157717 -0.24909899105942068
-0.23446318455661724 0.08467791221203902
-0.23446318455661724 -0.08467791221203902
-0.24407904383573148 0.0
-0.17585603077873233 0.17170571269690427
-0.17585603077873233 -0.17170571269690427
0.09776874489582513 0.22382358189230867
0.09776874489582513 -0.22382358189230867
-0.21110736021320908 0.11741887820635191
-0.21110736021320908 -0.11741887820635191
-0.047241582568402114 0.2362948566068679
-0.047241582568402114 -0.2362948566068679
0.015004766335902376 0.24004607564599875
0.015004766335902376 -0.24004607564599875
-0.18637375832769032 0.1482232877702982
-0.18637375832769032 -0.1482232877702982
-0.09252287857645944 0.21625674031265943
-0.09252287857645944 -0.21625674031265943
0.04961189097135243 0.2309126010214525
0.04961189097135243 -0.2309126010214525
0.0814780114698178 0.21997836284562705
0.0814780114698178 -0.21997836284562705
-0.23019040733815457 0.050363713716435554
-0.23019040733815457 -0.050363713716435554
0.22977392855698747 0.035351525366567604
0.22977392855698747 -0.035351525366567604
0.13298625575113293 0.18979786132466145
0.13298625575113293 -0.18979786132466145
0.15934546576427636 0.16754428921790004
0.15934546576427636 -0.16754428921790004
0.21714960439306435 0.059935941495382686
0.21714960439306435 -0.059935941495382686
0.17703759491489154 0.14073083918327334
0.17703759491489154 -0.14073083918327334
-0.22540108200220096 0.03317381605750531
-0.22540108200220096 -0.03317381605750531
-0.027139516636601073 0.23294976216223703
-0.027139516636601073 -0.23294976216223703
-0.21109366682981556 0.08573024050091488
-0.21109366682981556 -0.08573024050091488
0.1838346639940336 0.12580721301869466
0.1838346639940336 -0.12580721301869466
-0.13937517361399662 0.18400016776568526
-0.13937517361399662 -0.18400016776568526
-0.0796313727183025 0.21785734062626022
-0.0796313727183025 -0.21785734062626022
-0.1767051991450069 0.14067715462429853
-0.1767051991450069 -0.14067715462429853
0.21808461644188804 0.0
0.14127324914361744 0.17224231253433472
0.14127324914361744 -0.17224231253433472
-0.16182706776793696 0.15477865412897715
-0.16182706776793696 -0.15477865412897715
-0.10360169580666823 0.20309070583375888
-0.10360169580666823 -0.20309070583375888
-0.040635140407215706 0.22278231234417678
-0.040635140407215706 -0.22278231234417678
-0.1321446443128576 0.17483582569092
-0.1321446443128576 -0.17483582569092
0.031092122896311174 0.21624129065013067
0.031092122896311174 -0.21624129065013067
0.11045681791592141 0.18342475435478622
0.11045681791592141 -0.18342475435478622
-0.10072568549731409 0.19045046293523407
-0.10072568549731409 -0.19045046293523407
-0.05917282581828433 0.20753249413489747
-0.05917282581828433 -0.20753249413489747
0.2124721646589195 0.03465319467658661
0.2124721646589195 -0.03465319467658661
0.20451286873216878 0.07030733129772378
0.20451286873216878 -0.07030733129772378
0.19123732258243345 0.07619612399605967
0.19123732258243345 -0.07619612399605967
0.17209678136730555 0.11412797873758806
0.17209678136730555 -0.11412797873758806
0.15413951866670628 0.1317246536261142
0.15413951866670628 -0.1317246536261142
0.09518641453994559 0.17905341863213223
0.09518641453994559 -0.17905341863213223
0.07573866370134352 0.19099731903329095
0.07573866370134352 -0.19099731903329095
0.06268695412791021 0.1963565185054923
0.06268695412791021 -0.1963565185054923
0.028591108393016682 0.20888840970192035
0.028591108393016682 -0.20888840970192035
-0.011887533013484055 0.2117308040864548
-0.011887533013484055 -0.2117308040864548
-0.06496431849299797 0.1967464910591145
-0.06496431849299797 -0.1967464910591145
-0.11371740293945826 0.17899586742596965
-0.11371740293945826 -0.17899586742596965
-0.21441563950303033 0.012736367670104836
-0.21441563950303033 -0.012736367670104836
-0.20017629728789718 0.06516218062973024
-0.20017629728789718 -0.06516218062973024
-0.15320325007327418 0.1403082923296861
-0.15320325007327418 -0.1403082923296861
-0.19453286163337177 0.07258911026386168
-0.19453286163337177 -0.07258911026386168
-0.1645972160648575 0.12490187528620601
-0.1645972160648575 -0.12490187528620601
-0.20873545075471914 0.01588477533908823
-0.20873545075471914 -0.01588477533908823
-0.024765729443143397 0.20443718487673135
-0.024765729443143397 -0.20443718487673135
-0.12055413991111785 0.16642546105333952
-0.12055413991111785 -0.16642546105333952
-0.18273282315399403 0.0940773929955363
-0.18273282315399403 -0.0940773929955363
-0.14435350041723227 0.1461678406314877
-0.14435350041723227 -0.1461678406314877
-0.20384166744117999 0.02769824629600265
-0.20384166744117999 -0.02769824629600265
-0.07052111671295122 0.18963437675481695
-0.07052111671295122 -0.18963437675481695
0.04295113502616323 0.19827291789188503
0.04295113502616323 -0.19827291789188503
0.1981003911038577 0.02973533791863756
0.1981003911038577 -0.02973533791863756
0.1753440133081745 0.09667126697207208
0.1753440133081745 -0.09667126697207208
0.20069430112646475 0.009433912152424378
0.20069430112646475 -0.009433912152424378
0.08235407346302198 0.18289729300822344
0.08235407346302198 -0.18289729300822344
0.12438416408591532 0.15682589492795604
0.12438416408591532 -0.15682589492795604
-0.0013123353860996759 0.20054388107797697
-0.0013123353860996759 -0.20054388107797697
0.14308409417337675 0.13737532447106712
0.14308409417337675 -0.13737532447106712
0.13055641347171562 0.1493075919114423
0.13055641347171562 -0.1493075919114423
-0.1458074495225809 0.13189395180443877
-0.1458074495225809 -0.13189395180443877
0.17372587073828105 0.08219033855863513
0.17372587073828105 -0.08219033855863513
-0.1899256497223734 0.03847168325049577
-0.1899256497223734 -0.03847168325049577
-0.13071022684913403 0.14033435627431118
-0.13071022684913403 -0.14033435627431118
0.11107202451385297 0.15373650287693252
0.11107202451385297 -0.15373650287693252
-0.0798608570749825 0.1736546549796816
-0.0798608570749825 -0.1736546549796816
0.0015933510489213607 0.1882165010204264
0.0015933510489213607 -0.1882165010204264
-0.183800559351534 0.05607629661351899
-0.183800559351534 -0.05607629661351899
-0.15966664373131767 0.10024439836188719
-0.15966664373131767 -0.10024439836188719
0.18161346956550511 0.06209535327708628
0.18161346956550511 -0.06209535327708628
-0.17244346212281825 0.07957615186549832
-0.17244346212281825 -0.07957615186549832
-0.09542648113646018 0.16030367387669367
-0.09542648113646018 -0.16030367387669367
0.17109874434111544 0.08030244547280731
0.17109874434111544 -0.08030244547280731
0.18534246180137567 0.0366542090385705
0.18534246180137567 -0.0366542090385705
0.08195160467419357 0.16476612216750067
0.08195160467419357 -0.16476612216750067
-0.1721999094745242 0.07547017960344803
-0.1721999094745242 -0.07547017960344803
0.14444806118276066 0.11214569231417411
0.14444806118276066 -0.11214569231417411
0.1837920684643498 0.02190437918319367
0.1837920684643498 -0.02190437918319367
-0.18547651870555523 0.0
-0.18186482482115468 0.03003795001919672
-0.18186482482115468 -0.03003795001919672
-0.17949801439692362 0.0
-0.13661868262253898 0.11460295519153318
-0.13661868262253898 -0.11460295519153318
-0.04691259916051356 0.17888958496570043
-0.04691259916051356 -0.17888958496570043
-0.024937180098576144 0.18319249780325184
-0.024937180098576144 -0.18319249780325184
0.019351934351325366 0.18325527928811358
0.019351934351325366 -0.18325527928811358
0.06688359704917615 0.17071580461303237
0.06688359704917615 -0.17071580461303237
0.12679837784429296 0.12363420958103137
0.12679837784429296 -0.12363420958103137
0.08968859618727575 0.15501156573831734
0.08968859618727575 -0.15501156573831734
0.041973674363755806 0.175683560246927
0.041973674363755806 -0.175683560246927
0.14916711789840548 0.094346893569414
0.14916711789840548 -0.094346893569414
0.028042767996908753 0.1776428689066008
0.028042767996908753 -0.1776428689066008
0.11005805149824606 0.13279017374314836
0.11005805149824606 -0.13279017374314836
0.07699052497294007 0.1561857001427178
0.07699052497294007 -0.1561857001427178
-0.09046823229642334 0.14768527584024949
-0.09046823229642334 -0.14768527584024949
-0.07388745066262532 0.1565364802657788
-0.07388745066262532 -0.1565364802657788
-0.1496762544137325 0.08317136329518858
-0.1496762544137325 -0.08317136329518858
-0.11653372280262876 0.12498500405212998
-0.11653372280262876 -0.12498500405212998
0.15492267607795945 0.07917006180357217
0.15492267607795945 -0.07917006180357217
-0.001755850150561361 0.17407438647947499
-0.001755850150561361 -0.17407438647947499
0.16334922043499905 0.05959581400282155
0.16334922043499905 -0.05959581400282155
0.09729862709003091 0.13513558872322523
0.09729862709003091 -0.13513558872322523
0.06186735825307962 0.16044192768884796
0.06186735825307962 -0.16044192768884796
0.0042776381451653245 0.172582773353473
0.0042776381451653245 -0.172582773353473
-0.13840608282919784 0.09575521005532156
-0.13840608282919784 -0.09575521005532156
0.11906508439187694 0.11242556474658942
0.11906508439187694 -0.11242556474658942
-0.16926749349753023 0.021389702946903604
-0.16926749349753023 -0.021389702946903604
-0.166179593209888 0.037517801870484604
-0.166179593209888 -0.037517801870484604
-0.10402777914595568 0.12420327677215548
-0.10402777914595568 -0.12420327677215548
0.16601441412087636 0.041684168976383384
0.16601441412087636 -0.041684168976383384
0.16259841483297535 0.008473316555042874
0.16259841483297535 -0.008473316555042874
0.15895367234532004 0.03800622474583478
0.15895367234532004 -0.03800622474583478
0.16523590974734975 0.017226812179705467
0.16523590974734975 -0.017226812179705467
0.1426636594241158 0.0781698344639957
0.1426636594241158 -0.0781698344639957
0.12343729557595653 0.09890326118621366
0.12343729557595653 -0.09890326118621366
-0.030684541299909253 0.1659903863885092
-0.030684541299909253 -0.1659903863885092
0.10386971009115745 0.11459147800374546
0.10386971009115745 -0.11459147800374546
-0.05356327463880692 0.15698140319390472
-0.05356327463880692 -0.15698140319390472
-0.01818175284767521 0.16342251850758374
-0.01818175284767521 -0.16342251850758374
-0.0674080439068088 0.14934259948617007
-0.0674080439068088 -0.14934259948617007
-0.07454520074338128 0.14671664351580943
-0.07454520074338128 -0.14671664351580943
-0.126489488254259 0.09585545298305766
-0.126489488254259 -0.09585545298305766
0.04754884395213331 0.15362196220112934
0.04754884395213331 -0.15362196220112934
0.05848217697953663 0.14565657902755114
0.05848217697953663 -0.14565657902755114
-0.14885320490323295 0.06334051833090901
-0.14885320490323295 -0.06334051833090901
-0.15360293313592915 0.054517768444759036
-0.15360293313592915 -0.054517768444759036
0.016923241438863316 0.1572171730059609
0.016923241438863316 -0.1572171730059609
-0.04311283976751591 0.1533141910959573
-0.04311283976751591 -0.1533141910959573
0.0370574114277302 0.15132102058916472
0.0370574114277302 -0.15132102058916472
-0.13983025207285016 0.07320767498176099
-0.13983025207285016 -0.07320767498176099
-0.1524141606451426 0.044481621564213106
-0.1524141606451426 -0.044481621564213106
-0.1572745792875348 0.01633246104843409
-0.1572745792875348 -0.01633246104843409
-0.1166647238380144 0.10076427688087529
-0.1166647238380144 -0.10076427688087529
-0.10187444514952454 0.11517710266746632
-0.10187444514952454 -0.11517710266746632
-0.0940719867592492 0.1177434525158224
-0.0940719867592492 -0.1177434525158224
-0.11392374850632402 0.09821271710567021
-0.11392374850632402 -0.09821271710567021
0.11920776370449655 0.09634977693885145
0.11920776370449655 -0.09634977693885145
0.1321057262438628 0.07781000850203135
0.1321057262438628 -0.07781000850203135
-0.06517385514047824 0.13623238293262976
-0.06517385514047824 -0.13623238293262976
-0.1499134186819805 0.02226353118225374
-0.1499134186819805 -0.02226353118225374
0.15314941872457427 0.0
0.15065770500466608 0.023595736077039114
0.15065770500466608 -0.023595736077039114
0.08836014894830299 0.11899783594828096
0.08836014894830299 -0.11899783594828096
-0.048027533147657814 0.1407270547624745
-0.048027533147657814 -0.1407270547624745
0.023792815228223498 0.14230427781298702
0.023792815228223498 -0.14230427781298702
-0.13087934513556215 0.06310887282556463
-0.13087934513556215 -0.06310887282556463
-0.07537575522817713 0.1187349294191828
-0.07537575522817713 -0.1187349294191828
-0.11845832143826543 0.07727929318477397
-0.11845832143826543 -0.07727929318477397
0.11885132575359907 0.08185916592995929
0.11885132575359907 -0.08185916592995929
0.12787249080000088 0.0655645143648307
0.12787249080000088 -0.0655645143648307
0.1415354486743835 0.02448621369056831
0.1415354486743835 -0.02448621369056831
-0.14183677110316104 0.01083419038131378
-0.14183677110316104 -0.01083419038131378
0.08568068203364307 0.10793126872961521
0.08568068203364307 -0.10793126872961521
-0.032142261917867995 0.13817632814520223
-0.032142261917867995 -0.13817632814520223
0.0032345596310353656 0.14591739580547472
0.0032345596310353656 -0.14591739580547472
0.06486992710096398 0.12274930838422878
0.06486992710096398 -0.12274930838422878
0.04406678660905782 0.13501692142329513
0.04406678660905782 -0.13501692142329513
-0.13636494020071505 0.033103937694873534
-0.13636494020071505 -0.033103937694873534
0.04725796743354598 0.13190945981192312
0.04725796743354598 -0.13190945981192312
-0.0006391694607573678 0.14266786041236268
-0.0006391694607573678 -0.14266786041236268
-0.12740496224286166 0.05388151079168756
-0.12740496224286166 -0.05388151079168756
-0.06836055135926007 0.11764098638639327
-0.06836055135926007 -0.11764098638639327
0.13158535628395976 0.04404184215369541
0.13158535628395976 -0.04404184215369541
-0.13023543358503875 0.04346535192410269
-0.13023543358503875 -0.04346535192410269
-0.11598597305952843 0.06469282895639915
-0.11598597305952843 -0.06469282895639915
-0.020873274264373826 0.13799170112634673
-0.020873274264373826 -0.13799170112634673
-0.058373032472695145 0.1177983656659213
-0.058373032472695145 -0.1177983656659213
0.05747713950717992 0.11698533819916082
0.05747713950717992 -0.11698533819916082
0.08537453706831526 0.0990313713728414
0.08537453706831526 -0.0990313713728414
-0.08996947201601024 0.0917571387542915
-0.08996947201601024 -0.0917571387542915
0.06564584309866962 0.10967842085182367
0.06564584309866962 -0.10967842085182367
-0.0703509556415213 0.10501799925982559
-0.0703509556415213 -0.10501799925982559
0.139268027358146 0.005233010220616647
0.139268027358146 -0.005233010220616647
0.1012276790358422 0.07758371481549194
0.1012276790358422 -0.07758371481549194
0.12757424334151762 0.03932551912876358
0.12757424334151762 -0.03932551912876358
-0.09216617309538888 0.08219461855071489
-0.09216617309538888 -0.08219461855071489
-0.04526276814281171 0.12480888720087983
-0.04526276814281171 -0.12480888720087983
0.0898233764842892 0.08578632761093542
0.0898233764842892 -0.08578632761093542
0.13281779612104305 0.016805761882756624
0.13281779612104305 -0.016805761882756624
-0.13137543329391901 0.0
-0.12982888249827962 0.012675508515471999
-0.12982888249827962 -0.012675508515471999
0.12808174823889446 0.02510454002237284
0.12808174823889446 -0.02510454002237284
0.03367453246010783 0.1254066429178818
0.03367453246010783 -0.1254066429178818
-0.028192304257477478 0.1284133090212023
-0.028192304257477478 -0.1284133090212023
0.014288991134757872 0.1296275628509048
0.014288991134757872 -0.1296275628509048
0.11689314551076466 0.05301853512511714
0.11689314551076466 -0.05301853512511714
0.1125387989579148 0.06113573148158541
0.1125387989579148 -0.06113573148158541
0.12545922041810986 0.0
0.08343931648233305 0.0894913514179264
0.08343931648233305 -0.0894913514179264
0.022588734714406526 0.12357626145635452
0.022588734714406526 -0.12357626145635452
0.09477349149099536 0.07871765069720095
0.09477349149099536 -0.07871765069720095
-0.11990892021837515 0.02421584249185279
-0.11990892021837515 -0.02421584249185279
-0.09876050292862618 0.07319180980538399
-0.09876050292862618 -0.07319180980538399
-0.10804180519119774 0.05165260622373798
-0.10804180519119774 -0.05165260622373798
-0.0038473127883913664 0.1251153028406466
-0.0038473127883913664 -0.1251153028406466
-0.09328481814712297 0.07490092878720046
-0.09328481814712297 -0.07490092878720046
-0.05107228820689029 0.10917128966407945
-0.05107228820689029 -0.10917128966407945
-0.0728901362832845 0.09482742592529607
-0.0728901362832845 -0.09482742592529607
-0.07735024648078027 0.088632768663806
-0.07735024648078027 -0.088632768663806
-0.018437169189962195 0.12130979012645278
-0.018437169189962195 -0.12130979012645278
0.062008830868894985 0.09929352442069991
0.062008830868894985 -0.09929352442069991
0.10919894668492963 0.04559369932305159
0.10919894668492963 -0.04559369932305159
0.09938975297124944 0.05949337021410973
0.09938975297124944 -0.05949337021410973
-0.11818318361725985 0.0
0.049979157245366654 0.10462453316403231
0.049979157245366654 -0.10462453316403231
-0.09485577707259697 0.05959886506293275
-0.09485577707259697 -0.05959886506293275
0.0424214455433039 0.10540926916344952
0.0424214455433039 -0.10540926916344952
0.006089150675564306 0.11738034907588568
0.006089150675564306 -0.11738034907588568
0.11695281024561598 0.008095524423670866
0.11695281024561598 -0.008095524423670866
0.07386033263171843 0.0847313416633733
0.07386033263171843 -0.0847313416633733
-0.04874411055839667 0.0990520952267223
-0.04874411055839667 -0.0990520952267223
0.1064387029745548 0.039693180031219286
0.1064387029745548 -0.039693180031219286
0.08966090153049427 0.0645165432609628
0.08966090153049427 -0.0645165432609628
-0.09092341441972193 0.05388798924566738
-0.09092341441972193 -0.05388798924566738
0.02726852957949498 0.1090170771692285
0.02726852957949498 -0.1090170771692285
-0.014709981544705987 0.11060968446968991
-0.014709981544705987 -0.11060968446968991
-0.0543875972207475 0.08650622414146737
-0.0543875972207475 -0.08650622414146737
-0.07365489806341159 0.06929192587837245
-0.07365489806341159 -0.06929192587837245
0.10698866005997308 0.028149730881998167
0.10698866005997308 -0.028149730881998167
0.06391964687333983 0.07626782659341495
0.06391964687333983 -0.07626782659341495
0.10238360015538378 0.01881758527496662
0.10238360015538378 -0.01881758527496662
-0.09987198600089868 0.03862062733587923
-0.09987198600089868 -0.03862062733587923
0.09619654318109958 0.041660555622752365
0.09619654318109958 -0.041660555622752365
-0.10509899624864424 0.013931833774292577
-0.10509899624864424 -0.013931833774292577
-0.10301189402262904 0.0
-0.033120021902252605 0.10172715599514678
-0.033120021902252605 -0.10172715599514678
-0.09552637221265775 0.03802464866880945
-0.09552637221265775 -0.03802464866880945
0.08250568487126628 0.056134480558321126
0.08250568487126628 -0.056134480558321126
-0.09743419582587007 0.027481771045878334
-0.09743419582587007 -0.027481771045878334
0.09459773044530781 0.013064898376401313
0.09459773044530781 -0.013064898376401313
0.08766061056013646 0.03891869485228209
0.08766061056013646 -0.03891869485228209
-0.0272970569337874 0.09756977992433494
-0.0272970569337874 -0.09756977992433494
-0.009523653861604161 0.1014624198855217
-0.009523653861604161 -0.1014624198855217
0.054666622080724495 0.07911431430178922
0.054666622080724495 -0.07911431430178922
0.014283800912417257 0.1006742090043889
0.014283800912417257 -0.1006742090043889
-0.06387962883094611 0.06863233364788125
-0.06387962883094611 -0.06863233364788125
0.06976127013451558 0.062243783936930135
0.06976127013451558 -0.062243783936930135
0.007460121405866708 0.10202698112928375
0.007460121405866708 -0.10202698112928375
-0.08234135002695242 0.043642026209917015
-0.08234135002695242 -0.043642026209917015
-0.09237454699237047 0.021304864668908834
-0.09237454699237047 -0.021304864668908834
0.04341847157967976 0.08495650857329397
0.04341847157967976 -0.08495650857329397
-0.01431378078179555 0.09718016412561059
-0.01431378078179555 -0.09718016412561059
0.03156954472286759 0.09059105380684632
0.03156954472286759 -0.09059105380684632
-0.09125488499531646 0.0
-0.03415763517208383 0.08802420626213565
-0.03415763517208383 -0.08802420626213565
-0.0411438124925757 0.07945244149708713
-0.0411438124925757 -0.07945244149708713
0.026179716714306564 0.08824344888072029
0.026179716714306564 -0.08824344888072029
0.0027330763586668532 0.09225334615790327
0.0027330763586668532 -0.09225334615790327
0.07381940665364806 0.042984263640222724
0.07381940665364806 -0.042984263640222724
-0.06769864277528921 0.05272835542757681
-0.06769864277528921 -0.05272835542757681
-0.08686521907695162 0.003959471662145356
-0.08686521907695162 -0.003959471662145356
0.08640436512230272 0.0
-0.058972465354945436 0.056201084366952925
-0.058972465354945436 -0.056201084366952925
-0.048498550090529724 0.06470638156555045
-0.048498550090529724 -0.06470638156555045
0.04724011508743277 0.06672859903270746
0.04724011508743277 -0.06672859903270746
0.042493135912348705 0.0699722458222695
0.042493135912348705 -0.0699722458222695
-0.06374439539674076 0.0494644782483314
-0.06374439539674076 -0.0494644782483314
0.025709675599047813 0.07827465539859423
0.025709675599047813 -0.07827465539859423
-0.03715255065213116 0.06656397708940313
-0.03715255065213116 -0.06656397708940313
0.06673542619232417 0.039175381618030726
0.06673542619232417 -0.039175381618030726
0.007652583706079498 0.08148922570284407
0.007652583706079498 -0.08148922570284407
0.059897865442692655 0.03990292069504417
0.059897865442692655 -0.03990292069504417
-0.07491383725473441 0.02225641727887736
-0.07491383725473441 -0.02225641727887736
-0.001109874319913676 0.07772148512531943
-0.001109874319913676 -0.07772148512531943
-0.022083393841923184 0.06806885850113094
-0.022083393841923184 -0.06806885850113094
-0.06947528053059912 0.012232503434705536
-0.06947528053059912 -0.012232503434705536
0.0738707866992302 0.013912788244308825
0.0738707866992302 -0.013912788244308825
-0.056775104553358755 0.03877136282351487
-0.056775104553358755 -0.03877136282351487
0.0737684515676256 0.005047127288237328
0.0737684515676256 -0.005047127288237328
0.04534475073761601 0.05067318908107347
0.04534475073761601 -0.05067318908107347
0.0003097988757398939 0.06956514800621225
0.0003097988757398939 -0.06956514800621225
0.019486139508421145 0.06821028263180667
0.019486139508421145 -0.06821028263180667
-0.06279458748571495 0.019875991861894957
-0.06279458748571495 -0.019875991861894957
-0.03831749349588568 0.0523505916976467
-0.03831749349588568 -0.0523505916976467
0.06613341601023276 0.019774883273345457
0.06613341601023276 -0.019774883273345457
-0.05413952643993922 0.028208835270906594
-0.05413952643993922 -0.028208835270906594
-0.05929974544629803 0.009430484474413367
-0.05929974544629803 -0.009430484474413367
0.05468130842285908 0.027601717936575853
0.05468130842285908 -0.027601717936575853
0.020835173881054662 0.05911496568249644
0.020835173881054662 -0.05911496568249644
-0.04975025418807798 0.017917819716377008
-0.04975025418807798 -0.017917819716377008
0.00923418994116075 0.06061081794052849
0.00923418994116075 -0.06061081794052849
-0.05044822816697799 0.0
0.06111567237590638 0.0
-0.033451963934986784 0.03770569799722789
-0.033451963934986784 -0.03770569799722789
0.049040048856277746 0.025897267201990253
0.049040048856277746 -0.025897267201990253
0.017944936812108528 0.054517868145721966
0.017944936812108528 -0.054517868145721966
0.03272152208131665 0.04140327604166813
0.03272152208131665 -0.04140327604166813
-0.017292080906012433 0.049335027485696216
-0.017292080906012433 -0.049335027485696216
0.05237278402240071 0.011396335100322444
0.05237278402240071 -0.011396335100322444
-0.022998534951187408 0.04442119704387773
-0.022998534951187408 -0.04442119704387773
0.0193393409526168 0.04735189176046016
0.0193393409526168 -0.04735189176046016
0.04606937131562974 0.012195913914659717
0.04606937131562974 -0.012195913914659717
0.0016975727072354018 0.05042142827346584
0.0016975727072354018 -0.05042142827346584
-0.005901084056531185 0.050412081261304094
-0.005901084056531185 -0.050412081261304094
-0.03879962073589205 0.021644337857197427
-0.03879962073589205 -0.021644337857197427
0.04841278205322568 0.0
0.02580437178832955 0.03163897444639039
0.02580437178832955 -0.03163897444639039
-0.011963981381138585 0.04000662253933704
-0.011963981381138585 -0.04000662253933704
0.028285644521059368 0.02106630991684536
0.028285644521059368 -0.02106630991684536
-0.009222125233214931 0.03471365417020964
-0.009222125233214931 -0.03471365417020964
0.03308039465501961 0.0009268635602106331
0.03308039465501961 -0.0009268635602106331
-0.02077812450217028 0.020965216777193603
-0.02077812450217028 -0.020965216777193603
-0.006762757908554195 0.027497831246217932
-0.006762757908554195 -0.027497831246217932
0.005990637767696579 0.025064111135050075
0.005990637767696579 -0.025064111135050075
-0.028598276922939564 0.008028420987758276
-0.028598276922939564 -0.008028420987758276
-0.029255006546349705 0.0
-0.03031385538300004 0.0
0.01649937935810789 0.013611796938137518
0.01649937935810789 -0.013611796938137518
0.00024339286340970082 0.013338901248806748
0.00024339286340970082 -0.013338901248806748
-0.005729349540681326 0.005344354840424495
-0.005729349540681326 -0.005344354840424495
-0.0032475505673156594 0.0
0.004416657190810116 0.0021577405840117205
0.004416657190810116 -0.0021577405840117205
