0.13446721040022935 2.626652009927037
0.13446721040022935 -2.626652009927037
-0.001275117217769523 1.4612728095733536
-0.001275117217769523 -1.4612728095733536
-1.2343620046090358 0.0
-0.6531227785486284 0.8762621078308519
-0.6531227785486284 -0.8762621078308519
0.2057088281629565 1.0330129665311272
0.2057088281629565 -1.0330129665311272
0.9595464953551804 0.406969869296996
0.9595464953551804 -0.406969869296996
-0.3319205147149467 0.9716163626614476
-0.3319205147149467 -0.9716163626614476
0.9960239210704978 0.07001692274772744
0.9960239210704978 -0.07001692274772744
0.626052829214383 0.7760001225396067
0.626052829214383 -0.7760001225396067
0.9239323646028892 0.3308792011125148
0.9239323646028892 -0.3308792011125148
-0.43310190094904877 0.8679088545344567
-0.43310190094904877 -0.8679088545344567
-0.8533433721469679 0.4209342430512377
-0.8533433721469679 -0.4209342430512377
-0.9283246483745307 0.2148923665858747
-0.9283246483745307 -0.2148923665858747
0.2652019210376007 0.9252012301527548
0.2652019210376007 -0.9252012301527548
-0.9438170099679125 0.0
-0.8927923364651287 0.2971027599303991
-0.8927923364651287 -0.2971027599303991
-0.9270404507047565 0.0749959886508052
-0.9270404507047565 -0.0749959886508052
0.4418512809778775 0.8421749483857238
0.4418512809778775 -0.8421749483857238
0.7766939973468342 0.5534080459083673
0.7766939973468342 -0.5534080459083673
-0.7853043262974109 0.48613711682062527
-0.7853043262974109 -0.48613711682062527
0.9287664563648651 0.0
0.12862572259003333 0.901294581758568
0.12862572259003333 -0.901294581758568
-0.1640584279474523 0.890510868882736
-0.1640584279474523 -0.890510868882736
-0.018741837853629505 0.899869055881511
-0.018741837853629505 -0.899869055881511
-0.4972760790951308 0.7493512550464249
-0.4972760790951308 -0.7493512550464249
-0.11493482773611094 0.8829307577731577
-0.11493482773611094 -0.8829307577731577
0.6488208329178463 0.6324811722143716
0.6488208329178463 -0.6324811722143716
-0.8354968792294584 0.0
-0.5741886601480711 0.6706416065375465
-0.5741886601480711 -0.6706416065375465
-0.8043166735822718 0.2867974163023484
-0.8043166735822718 -0.2867974163023484
0.8570352407355826 0.20585685321747796
0.8570352407355826 -0.20585685321747796
-0.3028234805845821 0.7986497203534642
-0.3028234805845821 -0.7986497203534642
0.4512953235276299 0.7379396159191771
0.4512953235276299 -0.7379396159191771
0.5343634074149519 0.6790395984644616
0.5343634074149519 -0.6790395984644616
-0.6211277319208701 0.5692819661461187
-0.6211277319208701 -0.5692819661461187
-0.5844963283139644 0.6050176529564382
-0.5844963283139644 -0.6050176529564382
0.8613445284085756 0.0
0.799148729964542 0.3093292459979592
0.799148729964542 -0.3093292459979592
0.7935672869248759 0.0
0.6356792470496616 0.5340480168358712
0.6356792470496616 -0.5340480168358712
0.0702521685455146 0.8108221296229499
0.0702521685455146 -0.8108221296229499
0.3179980007737236 0.7479048686662394
0.3179980007737236 -0.7479048686662394
-0.4453828081400253 0.6722676451325853
-0.4453828081400253 -0.6722676451325853
0.6965294599227667 0.401969628618044
0.6965294599227667 -0.401969628618044
-0.683911830663541 0.38320403780008994
-0.683911830663541 -0.38320403780008994
-0.20204845887179768 0.7420275920288102
-0.20204845887179768 -0.7420275920288102
0.7234232433555168 0.2820722299438755
0.7234232433555168 -0.2820722299438755
0.5073340612628262 0.5795479732898117
0.5073340612628262 -0.5795479732898117
-0.7501762809233469 0.04149594621988888
-0.7501762809233469 -0.04149594621988888
-0.737365920589317 0.13998670443768557
-0.737365920589317 -0.13998670443768557
-0.682629589849493 0.3031027069159237
-0.682629589849493 -0.3031027069159237
0.3972650214998489 0.6377234736953314
0.3972650214998489 -0.6377234736953314
-0.3233018895528355 0.6637478657626964
-0.3233018895528355 -0.6637478657626964
-0.6069465734067044 0.4110616017700424
-0.6069465734067044 -0.4110616017700424
0.5466930812107507 0.5094456635211434
0.5466930812107507 -0.5094456635211434
-0.571319888895171 0.45017367931076596
-0.571319888895171 -0.45017367931076596
-0.18079683636475552 0.7054493213242973
-0.18079683636475552 -0.7054493213242973
-0.05486640872005821 0.7269467542236437
-0.05486640872005821 -0.7269467542236437
-0.6646518169462547 0.2547405242968871
-0.6646518169462547 -0.2547405242968871
0.6115233812530975 0.4050713875850733
0.6115233812530975 -0.4050713875850733
-0.45356450320451014 0.5371635722690217
-0.45356450320451014 -0.5371635722690217
0.2548555135110294 0.6655445555503228
0.2548555135110294 -0.6655445555503228
-0.6738199595002065 0.0
0.06032802519453326 0.6923874032133936
0.06032802519453326 -0.6923874032133936
0.7110276282341181 0.03379774223988057
0.7110276282341181 -0.03379774223988057
0.10515159525856202 0.6861652960810682
0.10515159525856202 -0.6861652960810682
-0.4922338446319708 0.4560301568699145
-0.4922338446319708 -0.4560301568699145
0.6659582685991288 0.17371881537770287
0.6659582685991288 -0.17371881537770287
0.6259529186542669 0.278461765656925
0.6259529186542669 -0.278461765656925
-0.6296109456499089 0.16242290025354866
-0.6296109456499089 -0.16242290025354866
0.25104558287882384 0.6139924326797813
0.25104558287882384 -0.6139924326797813
-0.5952123716051715 0.0
-0.09153053592161418 0.6367404790508133
-0.09153053592161418 -0.6367404790508133
0.3975605758304295 0.5156868447779851
0.3975605758304295 -0.5156868447779851
-0.35339714685902635 0.5264199043514378
-0.35339714685902635 -0.5264199043514378
-0.2979871857355524 0.5614714454578827
-0.2979871857355524 -0.5614714454578827
0.5435023928882576 0.3170097003641287
0.5435023928882576 -0.3170097003641287
0.6235467400573742 0.03300172835756367
0.6235467400573742 -0.03300172835756367
0.1326091072036183 0.5941282271365473
0.1326091072036183 -0.5941282271365473
0.59675195728662 0.14703333514140252
0.59675195728662 -0.14703333514140252
-0.45923702110283615 0.38906354150822414
-0.45923702110283615 -0.38906354150822414
0.42902363170449315 0.41285823286935364
0.42902363170449315 -0.41285823286935364
-0.2038026969615972 0.5443448377535081
-0.2038026969615972 -0.5443448377535081
0.2519414615396569 0.5137271208673843
0.2519414615396569 -0.5137271208673843
0.4839430155294987 0.3042445734454121
0.4839430155294987 -0.3042445734454121
-0.4980622744686598 0.24724855403811283
-0.4980622744686598 -0.24724855403811283
0.5609414227461104 0.0
-0.515108384628931 0.18555486671109983
-0.515108384628931 -0.18555486671109983
-0.29714013520925264 0.46692174800291697
-0.29714013520925264 -0.46692174800291697
-0.35682930670263374 0.39358048833196274
-0.35682930670263374 -0.39358048833196274
0.5135547619162173 0.11974865596035701
0.5135547619162173 -0.11974865596035701
-0.4959521330990272 0.13586571737852546
-0.4959521330990272 -0.13586571737852546
0.5084098719143291 0.0
-0.016061527054321133 0.5252981730074634
-0.016061527054321133 -0.5252981730074634
-0.09866094355975912 0.5090592303681166
-0.09866094355975912 -0.5090592303681166
0.29826866267695606 0.41952063768930814
0.29826866267695606 -0.41952063768930814
0.45945952174038435 0.18985336489247315
0.45945952174038435 -0.18985336489247315
-0.20200298955829266 0.4500491577093708
-0.20200298955829266 -0.4500491577093708
0.19574537783034687 0.45964868824192023
0.19574537783034687 -0.45964868824192023
0.04478953296164161 0.4860043606429168
0.04478953296164161 -0.4860043606429168
-0.46143263230937576 0.0
-0.4250306869125926 0.17302152866748394
-0.4250306869125926 -0.17302152866748394
-0.37991934198335187 0.25774722424622565
-0.37991934198335187 -0.25774722424622565
-0.45152921555380876 0.037170446203828804
-0.45152921555380876 -0.037170446203828804
-0.26761828101925095 0.3742909216261449
-0.26761828101925095 -0.3742909216261449
0.09448224419111859 0.4640999656604869
0.09448224419111859 -0.4640999656604869
0.22831771424540825 0.4095294833547943
0.22831771424540825 -0.4095294833547943
-0.40913567693127545 0.1216597740487278
-0.40913567693127545 -0.1216597740487278
0.16444828092982577 0.41692778197497277
0.16444828092982577 -0.41692778197497277
-0.34042081119600476 0.2581302340535737
-0.34042081119600476 -0.2581302340535737
0.4281133208450194 0.06546201690153823
0.4281133208450194 -0.06546201690153823
0.30254898352444937 0.3191669018073143
0.30254898352444937 -0.3191669018073143
0.3658505735366192 0.2214587716869419
0.3658505735366192 -0.2214587716869419
-0.03948985234963345 0.42788465620956506
-0.03948985234963345 -0.42788465620956506
-0.3625341435450318 0.19036192169997582
-0.3625341435450318 -0.19036192169997582
-0.38441581480042525 0.0
-0.16833650403731876 0.3828912769136416
-0.16833650403731876 -0.3828912769136416
0.3821599178218621 0.15327320114799875
0.3821599178218621 -0.15327320114799875
0.166891095627636 0.3791664367158399
0.166891095627636 -0.3791664367158399
0.225039569284316 0.34443196256501685
0.225039569284316 -0.34443196256501685
0.26840284583981444 0.30549828619030717
0.26840284583981444 -0.30549828619030717
-0.1367853629698813 0.37983293662524464
-0.1367853629698813 -0.37983293662524464
0.06409444810827522 0.395053296281329
0.06409444810827522 -0.395053296281329
-0.013155391453091862 0.38992486963307826
-0.013155391453091862 -0.38992486963307826
-0.23818234153013168 0.2986116681146775
-0.23818234153013168 -0.2986116681146775
0.31235351535615374 0.21388933463506962
0.31235351535615374 -0.21388933463506962
-0.1570620725195609 0.3432013062926906
-0.1570620725195609 -0.3432013062926906
-0.050178218084608345 0.36619703823529737
-0.050178218084608345 -0.36619703823529737
0.27427966486319855 0.2392812004716818
0.27427966486319855 -0.2392812004716818
0.3560497145551346 0.027756349056648293
0.3560497145551346 -0.027756349056648293
0.3233121544593068 0.16136648263244538
0.3233121544593068 -0.16136648263244538
0.3437198380904557 0.08948698457084116
0.3437198380904557 -0.08948698457084116
0.20873785066994877 0.2940340556922456
0.20873785066994877 -0.2940340556922456
-0.10593753524451531 0.33954570705244563
-0.10593753524451531 -0.33954570705244563
-0.2776430350263838 0.22587173247398634
-0.2776430350263838 -0.22587173247398634
0.008445836170016156 0.3535853350230839
0.008445836170016156 -0.3535853350230839
-0.36040633227033203 0.03008860861466866
-0.36040633227033203 -0.03008860861466866
-0.031724003892045535 0.3340087203121015
-0.031724003892045535 -0.3340087203121015
-0.2485087208133422 0.2207887149198452
-0.2485087208133422 -0.2207887149198452
-0.17303162607602307 0.28147992319088333
-0.17303162607602307 -0.28147992319088333
-0.12240150347426357 0.3025706848480074
-0.12240150347426357 -0.3025706848480074
0.28897875858622246 0.14066764589042655
0.28897875858622246 -0.14066764589042655
-0.3293913091912008 0.04283632300758541
-0.3293913091912008 -0.04283632300758541
0.13397834788170793 0.29351794084953337
0.13397834788170793 -0.29351794084953337
-0.3080360242786613 0.11137196574574836
-0.3080360242786613 -0.11137196574574836
0.30215944228986047 0.06868146158581724
0.30215944228986047 -0.06868146158581724
0.25602832441407325 0.179533422784895
0.25602832441407325 -0.179533422784895
-0.28302829329682555 0.15816791860084958
-0.28302829329682555 -0.15816791860084958
0.1539821912828686 0.2759274127706438
0.1539821912828686 -0.2759274127706438
0.27496028788984617 0.13623533547151728
0.27496028788984617 -0.13623533547151728
0.2393987162079719 0.1916370403698285
0.2393987162079719 -0.1916370403698285
0.2966206652786695 0.0
-0.31771150623042843 0.05894303779324876
-0.31771150623042843 -0.05894303779324876
0.28743888644045756 0.07202421974839765
0.28743888644045756 -0.07202421974839765
-0.21436742737261058 0.23168698519582903
-0.21436742737261058 -0.23168698519582903
-0.0058666599795252124 0.30256536958730457
-0.0058666599795252124 -0.30256536958730457
0.13308883622825426 0.26093743334107533
0.13308883622825426 -0.26093743334107533
-0.04709086600396471 0.2946669866171942
-0.04709086600396471 -0.2946669866171942
0.10349231257375907 0.27773423085896054
0.10349231257375907 -0.27773423085896054
-0.29864269165023793 0.014845748925550411
-0.29864269165023793 -0.014845748925550411
0.06759764080647677 0.2863461970100315
0.06759764080647677 -0.2863461970100315
-0.24069940675085344 0.1608220935349456
-0.24069940675085344 -0.1608220935349456
-0.27139829683640787 0.09652379108756146
-0.27139829683640787 -0.09652379108756146
0.060863745094252554 0.2838748080903799
0.060863745094252554 -0.2838748080903799
-0.18105111990520523 0.2207564032085743
-0.18105111990520523 -0.2207564032085743
-0.16643464285783527 0.232943756480993
-0.16643464285783527 -0.232943756480993
-0.271867834120889 0.08083078343773574
-0.271867834120889 -0.08083078343773574
-0.13680206684236154 0.2484832569193909
-0.13680206684236154 -0.2484832569193909
0.2805697210840629 0.006265806745418282
0.2805697210840629 -0.006265806745418282
0.1991944093691013 0.19543330781494525
0.1991944093691013 -0.19543330781494525
0.2630481638948283 0.10059224826519698
0.2630481638948283 -0.10059224826519698
0.17301336374509582 0.2149269939995293
0.17301336374509582 -0.2149269939995293
0.2219417925716772 0.15527419408064103
0.2219417925716772 -0.15527419408064103
0.26079945709938446 0.08762132930799761
0.26079945709938446 -0.08762132930799761
0.15762971941738957 0.22232077851532192
0.15762971941738957 -0.22232077851532192
-0.12145824404514236 0.2459920175642925
-0.12145824404514236 -0.2459920175642925
-0.011997320231301477 0.2708860870858942
-0.011997320231301477 -0.2708860870858942
0.006622529605677828 0.26784834691536424
0.006622529605677828 -0.26784834691536424
-0.07248337931805207 0.257029055235698
-0.07248337931805207 -0.257029055235698
-0.17397114574267153 0.20846047073952947
-0.17397114574267153 -0.20846047073952947
-0.26206598706956785 0.007490137027492058
-0.26206598706956785 -0.007490137027492058
-0.05061755833628426 0.25791311858376
-0.05061755833628426 -0.25791311858376
-0.2233114537436536 0.13781477564179204
-0.2233114537436536 -0.13781477564179204
-0.24937303093277297 0.07573110867120111
-0.24937303093277297 -0.07573110867120111
-0.18920217626778785 0.18192422829736268
-0.18920217626778785 -0.18192422829736268
-0.2494647952805948 0.0
-0.20049152561643518 0.16136646200691102
-0.20049152561643518 -0.16136646200691102
0.16022427622325447 0.20049017368403618
0.16022427622325447 -0.20049017368403618
-0.10252914892890344 0.2286897272013364
-0.10252914892890344 -0.2286897272013364
0.24857244658120664 0.045288968423759686
0.24857244658120664 -0.045288968423759686
0.1036998977865636 0.22641679444286542
0.1036998977865636 -0.22641679444286542
0.2385762436036349 0.08223559614872974
0.2385762436036349 -0.08223559614872974
0.0703203515456017 0.23743777897290072
0.0703203515456017 -0.23743777897290072
-0.21694134238911608 0.12185111055158164
-0.21694134238911608 -0.12185111055158164
-0.17876719959184234 0.1692595760707396
-0.17876719959184234 -0.1692595760707396
0.22054311510508634 0.11343115104025757
0.22054311510508634 -0.11343115104025757
0.019589724989435238 0.2435459517976451
0.019589724989435238 -0.2435459517976451
-0.213857326236769 0.08013924119024408
-0.213857326236769 -0.08013924119024408
-0.22852157091508632 0.06037925180653754
-0.22852157091508632 -0.06037925180653754
-0.23861333653510425 0.0
-0.22902030157616649 0.02548057089455635
-0.22902030157616649 -0.02548057089455635
-0.21951714420193913 0.07364782393353923
-0.21951714420193913 -0.07364782393353923
-0.19389534416784918 0.11912480280452724
-0.19389534416784918 -0.11912480280452724
-0.11386233254034483 0.20322351634792454
-0.11386233254034483 -0.20322351634792454
-0.13745150747628893 0.1817892881132787
-0.13745150747628893 -0.1817892881132787
-0.07977306456994437 0.21867739814864773
-0.07977306456994437 -0.21867739814864773
-0.06263413381242262 0.22483925980201364
-0.06263413381242262 -0.22483925980201364
0.2454043651108868 0.023727524083287935
0.2454043651108868 -0.023727524083287935
0.008784957974113097 0.2387035417617138
0.008784957974113097 -0.2387035417617138
0.12416617037692461 0.2088718423904291
0.12416617037692461 -0.2088718423904291
0.1830981516068046 0.15348809693023815
0.1830981516068046 -0.15348809693023815
-0.016188154877580553 0.23041279641524107
-0.016188154877580553 -0.23041279641524107
0.10422751539751693 0.2111161672842123
0.10422751539751693 -0.2111161672842123
0.1651153487325307 0.17021074281415544
0.1651153487325307 -0.17021074281415544
0.06830111703037285 0.22112978225138033
0.06830111703037285 -0.22112978225138033
0.19093241608898934 0.13075756617332912
0.19093241608898934 -0.13075756617332912
0.21981531006813332 0.07382424287976673
0.21981531006813332 -0.07382424287976673
0.04214810002859168 0.22307915070108497
0.04214810002859168 -0.22307915070108497
0.2018181936229825 0.10669624254431022
0.2018181936229825 -0.10669624254431022
-0.016462957186148403 0.22352094516853385
-0.016462957186148403 -0.22352094516853385
0.22396294259958838 0.007676584315742439
0.22396294259958838 -0.007676584315742439
0.15630527664717403 0.15580162228944733
0.15630527664717403 -0.15580162228944733
0.13727742823299593 0.17168840177654815
0.13727742823299593 -0.17168840177654815
0.07105336041580965 0.21144123570490228
0.07105336041580965 -0.21144123570490228
0.21722518258851625 0.06665650018004683
0.21722518258851625 -0.06665650018004683
0.18173179178882717 0.11991541120577413
0.18173179178882717 -0.11991541120577413
0.08476941942000708 0.20094228447594045
0.08476941942000708 -0.20094228447594045
0.0960585430990729 0.19350940491775956
0.0960585430990729 -0.19350940491775956
-0.11069132527159584 0.19178358852637714
-0.11069132527159584 -0.19178358852637714
-0.13724351324937106 0.17304461044170144
-0.13724351324937106 -0.17304461044170144
-0.09213105799513258 0.19344310358822103
-0.09213105799513258 -0.19344310358822103
-0.03661261871419469 0.21067570996985305
-0.03661261871419469 -0.21067570996985305
-0.16237285930090745 0.1453775034183569
-0.16237285930090745 -0.1453775034183569
-0.20613492638576048 0.07755072587508506
-0.20613492638576048 -0.07755072587508506
-0.0013049840956350484 0.21324182787308577
-0.0013049840956350484 -0.21324182787308577
-0.18103004358332567 0.11367132464994027
-0.18103004358332567 -0.11367132464994027
-0.21035457660144632 0.049456103571974115
-0.21035457660144632 -0.049456103571974115
-0.21354705504840318 0.031712384897610135
-0.21354705504840318 -0.031712384897610135
-0.17282271979119906 0.12238186124519586
-0.17282271979119906 -0.12238186124519586
-0.21298614491066717 0.015174810898600689
-0.21298614491066717 -0.015174810898600689
-0.1899098643290682 0.09087002899621575
-0.1899098643290682 -0.09087002899621575
-0.2106984206921651 0.0
0.21442069836133215 0.028509897046971898
0.21442069836133215 -0.028509897046971898
0.2138712935037383 0.015803512877087655
0.2138712935037383 -0.015803512877087655
0.14840958024565942 0.14511073411633282
0.14840958024565942 -0.14511073411633282
-0.002408128022570879 0.2038272939364925
-0.002408128022570879 -0.2038272939364925
0.052230315626726816 0.2017011838509193
0.052230315626726816 -0.2017011838509193
0.02912937489103724 0.2010774387591258
0.02912937489103724 -0.2010774387591258
-0.1477090591345337 0.1410660241168294
-0.1477090591345337 -0.1410660241168294
0.19178597361861568 0.07541742542300164
0.19178597361861568 -0.07541742542300164
0.10773122197564444 0.1704770458035227
0.10773122197564444 -0.1704770458035227
-0.16219885145153115 0.12690657094879254
-0.16219885145153115 -0.12690657094879254
0.1832811153479861 0.09552404917657364
0.1832811153479861 -0.09552404917657364
0.1698294921220353 0.11465334518551798
0.1698294921220353 -0.11465334518551798
0.12444700040817999 0.16201864185354342
0.12444700040817999 -0.16201864185354342
-0.19639485657739456 0.0
-0.09316455610882132 0.1797131656699313
-0.09316455610882132 -0.1797131656699313
-0.07766015168285047 0.18559328741587647
-0.07766015168285047 -0.18559328741587647
-0.11377012739972026 0.16356679476778974
-0.11377012739972026 -0.16356679476778974
-0.12758623023019902 0.153478580317617
-0.12758623023019902 -0.153478580317617
-0.18511166698819903 0.07957907643685545
-0.18511166698819903 -0.07957907643685545
-0.17623979290453287 0.09406551231513371
-0.17623979290453287 -0.09406551231513371
0.13845968106597187 0.14230928156351946
0.13845968106597187 -0.14230928156351946
0.11049985170401433 0.1629405206652093
0.11049985170401433 -0.1629405206652093
0.19684282996816177 0.043001933166362125
0.19684282996816177 -0.043001933166362125
-0.04232683328127249 0.19501333222670686
-0.04232683328127249 -0.19501333222670686
0.03989695189696951 0.1935757105961658
0.03989695189696951 -0.1935757105961658
-0.11104325809231516 0.15961966356907317
-0.11104325809231516 -0.15961966356907317
0.1918067008148378 0.053129285483957865
0.1918067008148378 -0.053129285483957865
-0.027705275381974037 0.19340503540682247
-0.027705275381974037 -0.19340503540682247
-0.19065622971669866 0.02813117449686514
-0.19065622971669866 -0.02813117449686514
0.004400576966073045 0.19409408587052246
0.004400576966073045 -0.19409408587052246
0.1461327512260643 0.125879811190735
0.1461327512260643 -0.125879811190735
0.0611105994041762 0.181455153482032
0.0611105994041762 -0.181455153482032
-0.05983637732174089 0.18048217601710626
-0.05983637732174089 -0.18048217601710626
-0.039974781640308876 0.18641449826432063
-0.039974781640308876 -0.18641449826432063
0.16095987783238713 0.10228942593761606
0.16095987783238713 -0.10228942593761606
0.18073113762646512 0.06236047637431784
0.18073113762646512 -0.06236047637431784
0.030282056425285447 0.1838970703886827
0.030282056425285447 -0.1838970703886827
-0.1276428543050107 0.13080540200785348
-0.1276428543050107 -0.13080540200785348
0.18895329483556114 0.012885919046667948
0.18895329483556114 -0.012885919046667948
-0.177059014315343 0.04541963977124289
-0.177059014315343 -0.04541963977124289
-0.1844291457778144 0.003886126838628626
-0.1844291457778144 -0.003886126838628626
-0.008763816433542132 0.1851794242070812
-0.008763816433542132 -0.1851794242070812
-0.14814356389510738 0.1001819268852797
-0.14814356389510738 -0.1001819268852797
0.14400645453354166 0.11146608940611295
0.14400645453354166 -0.11146608940611295
0.18088553288586476 0.0
0.16965270284889922 0.05100823767818823
0.16965270284889922 -0.05100823767818823
0.17305146047203462 0.03626123765050516
0.17305146047203462 -0.03626123765050516
0.11386470402370208 0.1394696291021634
0.11386470402370208 -0.1394696291021634
0.08352528051072744 0.15934376196630387
0.08352528051072744 -0.15934376196630387
0.1373709588936819 0.09989795294679778
0.1373709588936819 -0.09989795294679778
0.09442157561282688 0.1430716051682322
0.09442157561282688 -0.1430716051682322
0.06912840909376244 0.16440640462320216
0.06912840909376244 -0.16440640462320216
-0.08153686191654108 0.15676058491522413
-0.08153686191654108 -0.15676058491522413
-0.09476744279431992 0.14923406163860714
-0.09476744279431992 -0.14923406163860714
-0.04495734927088345 0.17189769819568895
-0.04495734927088345 -0.17189769819568895
-0.15625364769574013 0.0857064470727485
-0.15625364769574013 -0.0857064470727485
-0.11021573356997856 0.1345552356824391
-0.11021573356997856 -0.1345552356824391
0.009560342225371526 0.16996197247494238
0.009560342225371526 -0.16996197247494238
-0.14102725463606353 0.10284829288340654
-0.14102725463606353 -0.10284829288340654
-0.15104170692041013 0.08414540433819724
-0.15104170692041013 -0.08414540433819724
-0.007894309639535215 0.17384118276250068
-0.007894309639535215 -0.17384118276250068
-0.17167475814659885 0.028989866796711422
-0.17167475814659885 -0.028989866796711422
-0.06146287192618125 0.15929185737680393
-0.06146287192618125 -0.15929185737680393
-0.1577063808982494 0.039073500312131845
-0.1577063808982494 -0.039073500312131845
-0.1143389251463856 0.11904836798136527
-0.1143389251463856 -0.11904836798136527
-0.08439927806048739 0.13488830113297387
-0.08439927806048739 -0.13488830113297387
-0.13568597169355467 0.09644718813265392
-0.13568597169355467 -0.09644718813265392
-0.16198061869445224 0.05752347151375011
-0.16198061869445224 -0.05752347151375011
-0.1683677004655976 0.0
-0.1519019350823277 0.06107345891039846
-0.1519019350823277 -0.06107345891039846
0.056327888620003916 0.1642950584396472
0.056327888620003916 -0.1642950584396472
-0.030514271593911423 0.1639013606003413
-0.030514271593911423 -0.1639013606003413
-0.06530542405563403 0.14920475671298802
-0.06530542405563403 -0.14920475671298802
-0.03543106461669714 0.1596404611666271
-0.03543106461669714 -0.1596404611666271
0.09416085169577519 0.13479762563624653
0.09416085169577519 -0.13479762563624653
0.1596995151445777 0.060995665113692546
0.1596995151445777 -0.060995665113692546
0.17334561040561455 0.013659534624071714
0.17334561040561455 -0.013659534624071714
0.037525485478801385 0.15867012626407875
0.037525485478801385 -0.15867012626407875
0.150633856915046 0.07497891855519395
0.150633856915046 -0.07497891855519395
0.11534081896201279 0.11817020482065389
0.11534081896201279 -0.11817020482065389
0.05642618464588955 0.15349176905694828
0.05642618464588955 -0.15349176905694828
0.13704450284132014 0.08800509604549636
0.13704450284132014 -0.08800509604549636
0.16091463185375957 0.0303080424933078
0.16091463185375957 -0.0303080424933078
0.0620033982159985 0.1445838824241292
0.0620033982159985 -0.1445838824241292
0.16100092548539757 0.0
0.11250185446956348 0.11107218989239764
0.11250185446956348 -0.11107218989239764
0.14232284090094355 0.0746670249457563
0.14232284090094355 -0.0746670249457563
0.1611904390859961 0.014029185831845103
0.1611904390859961 -0.014029185831845103
0.007520356673603576 0.1583544554243517
0.007520356673603576 -0.1583544554243517
0.02077779115228119 0.15468307557692254
0.02077779115228119 -0.15468307557692254
-0.1388081497592505 0.07097963784034414
-0.1388081497592505 -0.07097963784034414
0.08620890074188065 0.12715332391371548
0.08620890074188065 -0.12715332391371548
-0.07929332728045078 0.13490937063820085
-0.07929332728045078 -0.13490937063820085
-0.10221437072772824 0.11537026929911479
-0.10221437072772824 -0.11537026929911479
0.15331456626447648 0.025511526962717194
0.15331456626447648 -0.025511526962717194
0.14031747480349316 0.05730720152867316
0.14031747480349316 -0.05730720152867316
-0.15554922422602338 0.0
-0.05671771581729319 0.14268753246016158
-0.05671771581729319 -0.14268753246016158
-0.15304086061396488 0.024702288609429593
-0.15304086061396488 -0.024702288609429593
-0.062154807567412186 0.13871355315609638
-0.062154807567412186 -0.13871355315609638
-0.08537852766787318 0.12581643312010252
-0.08537852766787318 -0.12581643312010252
-0.11002665230853986 0.10119354612077021
-0.11002665230853986 -0.10119354612077021
-0.12663438092028184 0.08059542180108042
-0.12663438092028184 -0.08059542180108042
-0.15129289912599986 0.008341629640412953
-0.15129289912599986 -0.008341629640412953
-0.14587559983006915 0.036155512028807235
-0.14587559983006915 -0.036155512028807235
0.09594960126817315 0.11130726265971017
0.09594960126817315 -0.11130726265971017
-0.0666349570411711 0.1319704009001969
-0.0666349570411711 -0.1319704009001969
0.030987477540875896 0.14163660445279885
0.030987477540875896 -0.14163660445279885
0.11690985130682204 0.08856232193982204
0.11690985130682204 -0.08856232193982204
0.04383006089299251 0.13665129240690932
0.04383006089299251 -0.13665129240690932
0.13108256570141089 0.06045447894512095
0.13108256570141089 -0.06045447894512095
-0.09275118702086296 0.11093919418527388
-0.09275118702086296 -0.11093919418527388
0.13556858989166287 0.048949143757424096
0.13556858989166287 -0.048949143757424096
0.1393132329904752 0.0373898967283355
0.1393132329904752 -0.0373898967283355
-0.14342262486386625 0.026137443566653346
-0.14342262486386625 -0.026137443566653346
0.11428441153251168 0.08559889902310856
0.11428441153251168 -0.08559889902310856
0.05870375682762889 0.12751309627900395
0.05870375682762889 -0.12751309627900395
0.020409768420263714 0.14122631283944787
0.020409768420263714 -0.14122631283944787
-0.1239713355081114 0.06975114750862893
-0.1239713355081114 -0.06975114750862893
-0.014720380026659853 0.140399080418245
-0.014720380026659853 -0.140399080418245
-0.001191893663262954 0.1412795774932817
-0.001191893663262954 -0.1412795774932817
-0.034590067405154606 0.13627871678620926
-0.034590067405154606 -0.13627871678620926
-0.10554496847576922 0.0876507339869743
-0.10554496847576922 -0.0876507339869743
-0.09852192573121799 0.09541199731642451
-0.09852192573121799 -0.09541199731642451
-0.1371714878014504 0.0
-0.12380445996988423 0.05603726850611087
-0.12380445996988423 -0.05603726850611087
0.13578541812819175 0.025461584050022745
0.13578541812819175 -0.025461584050022745
0.13670574521487475 0.0
0.13576322292349574 0.0
0.08958436818124524 0.09780413959376281
0.08958436818124524 -0.09780413959376281
0.10435165087688247 0.07988532828698125
0.10435165087688247 -0.07988532828698125
0.05914670157443033 0.11986670503871338
0.05914670157443033 -0.11986670503871338
0.07703192943968992 0.10569039019790784
0.07703192943968992 -0.10569039019790784
0.030040821769461906 0.1323516773255378
0.030040821769461906 -0.1323516773255378
0.12000636872009066 0.05712667598143324
0.12000636872009066 -0.05712667598143324
0.06633420433888784 0.11288071871155139
0.06633420433888784 -0.11288071871155139
-0.046963791494810815 0.12779698868001793
-0.046963791494810815 -0.12779698868001793
-0.06987968269842881 0.10687433062546872
-0.06987968269842881 -0.10687433062546872
-0.02132652347195082 0.131553867683138
-0.02132652347195082 -0.131553867683138
-0.003965191748190723 0.12982116557028905
-0.003965191748190723 -0.12982116557028905
0.009650914923881293 0.12945386261604044
0.009650914923881293 -0.12945386261604044
-0.12308407594922272 0.04903649667340705
-0.12308407594922272 -0.04903649667340705
0.03740356271160635 0.12235206675283893
0.03740356271160635 -0.12235206675283893
-0.07258911310092622 0.10406601624020886
-0.07258911310092622 -0.10406601624020886
-0.05329110962396905 0.11258335077519814
-0.05329110962396905 -0.11258335077519814
-0.12527865789132728 0.02978000967044238
-0.12527865789132728 -0.02978000967044238
0.12201479520130303 0.04396666558666645
0.12201479520130303 -0.04396666558666645
0.12964183233140678 0.008727775744508936
0.12964183233140678 -0.008727775744508936
-0.01374124968793682 0.12309311461850898
-0.01374124968793682 -0.12309311461850898
-0.12045209047728975 0.025833484714866836
-0.12045209047728975 -0.025833484714866836
-0.0772390098755733 0.0938211055401037
-0.0772390098755733 -0.0938211055401037
-0.10057688378748152 0.07121460167168761
-0.10057688378748152 -0.07121460167168761
0.07802865094551667 0.09679230220406455
0.07802865094551667 -0.09679230220406455
-0.11285654050164196 0.04797005857244916
-0.11285654050164196 -0.04797005857244916
0.10377781775890357 0.070430078493706
0.10377781775890357 -0.070430078493706
-0.08885152571758723 0.07937957101562344
-0.08885152571758723 -0.07937957101562344
0.10592019737963798 0.06548232802383368
0.10592019737963798 -0.06548232802383368
-0.10766875865351332 0.05254175348975512
-0.10766875865351332 -0.05254175348975512
0.12077091272960663 0.0317029255358428
0.12077091272960663 -0.0317029255358428
0.11963841886444458 0.0
0.054540388676060494 0.10679885445617887
0.054540388676060494 -0.10679885445617887
0.07727729330658421 0.0881329690697581
0.07727729330658421 -0.0881329690697581
0.10506337448089842 0.05626095029597447
0.10506337448089842 -0.05626095029597447
0.027197843175098116 0.11500083655585204
0.027197843175098116 -0.11500083655585204
0.07272108824953956 0.088987853313825
0.07272108824953956 -0.088987853313825
0.049151057117122754 0.10078376374543112
0.049151057117122754 -0.10078376374543112
0.10530209551025813 0.043651119170422914
0.10530209551025813 -0.043651119170422914
-0.09310451135789866 0.0709751955069004
-0.09310451135789866 -0.0709751955069004
-0.044671131525156976 0.10919991733894777
-0.044671131525156976 -0.10919991733894777
-0.018757444234707772 0.11615145788088778
-0.018757444234707772 -0.11615145788088778
0.11180994843134098 0.0
-0.11814217728815908 0.012794449757805332
-0.11814217728815908 -0.012794449757805332
0.08289452200482028 0.07307819612787497
0.08289452200482028 -0.07307819612787497
0.03222034156279773 0.10783280722741177
0.03222034156279773 -0.10783280722741177
-0.07266124301421681 0.08293731620166522
-0.07266124301421681 -0.08293731620166522
-0.0021546605584294672 0.11290741848042714
-0.0021546605584294672 -0.11290741848042714
0.07771150117471011 0.07218547614946558
0.07771150117471011 -0.07218547614946558
-0.11033224314141815 0.03214777140385497
-0.11033224314141815 -0.03214777140385497
-0.061536403806874765 0.08684978251058366
-0.061536403806874765 -0.08684978251058366
-0.11407635093360208 0.004862412833762253
-0.11407635093360208 -0.004862412833762253
0.10540365527091514 0.01973702135111383
0.10540365527091514 -0.01973702135111383
0.05874488437821768 0.08569900984495117
0.05874488437821768 -0.08569900984495117
0.10295986141475716 0.0025846934533330108
0.10295986141475716 -0.0025846934533330108
0.09561593173982358 0.03630757833845036
0.09561593173982358 -0.03630757833845036
-0.03039268321748642 0.10215067655668433
-0.03039268321748642 -0.10215067655668433
-0.10369054781664776 0.013798133274272826
-0.10369054781664776 -0.013798133274272826
-0.10280161881884631 0.020812213133296606
-0.10280161881884631 -0.020812213133296606
0.09779349113762378 0.017544722639155397
0.09779349113762378 -0.017544722639155397
-0.008523105219315368 0.10470136122748087
-0.008523105219315368 -0.10470136122748087
0.08529167713370805 0.04605736199531494
0.08529167713370805 -0.04605736199531494
-0.09765493787185764 0.0
-0.05071383396448849 0.08943906541815813
-0.05071383396448849 -0.08943906541815813
-0.07743267641332419 0.06606740188395477
-0.07743267641332419 -0.06606740188395477
0.0771772805778003 0.0535859849754441
0.0771772805778003 -0.0535859849754441
-0.016545442720215957 0.09924132734160669
-0.016545442720215957 -0.09924132734160669
0.0697236774735204 0.06546754980187823
0.0697236774735204 -0.06546754980187823
-0.08892606470588049 0.042708905713681904
-0.08892606470588049 -0.042708905713681904
0.019846205006460126 0.09604099014475033
0.019846205006460126 -0.09604099014475033
-0.0492525110965257 0.0830760338162556
-0.0492525110965257 -0.0830760338162556
-0.0565952485273665 0.07817508582970531
-0.0565952485273665 -0.07817508582970531
0.05111272913282816 0.07519586295758987
0.05111272913282816 -0.07519586295758987
0.010517836979050624 0.09559698186742514
0.010517836979050624 -0.09559698186742514
-0.07429497730435095 0.05829593421613964
-0.07429497730435095 -0.05829593421613964
-0.07766368935279302 0.05213535009211753
-0.07766368935279302 -0.05213535009211753
0.011651765531387815 0.09001897897329947
0.011651765531387815 -0.09001897897329947
-0.0242740356521872 0.08833195515425284
-0.0242740356521872 -0.08833195515425284
0.004927890633325055 0.08565550757164699
0.004927890633325055 -0.08565550757164699
0.022148032031342926 0.08210096045785871
0.022148032031342926 -0.08210096045785871
0.07870239526706375 0.037460218626453386
0.07870239526706375 -0.037460218626453386
0.08644313093281497 0.017942327743028855
0.08644313093281497 -0.017942327743028855
0.026413359470256446 0.07899781545836469
0.026413359470256446 -0.07899781545836469
0.04191871955258432 0.07087658412012655
0.04191871955258432 -0.07087658412012655
-0.08487028310602973 0.022738310769603247
-0.08487028310602973 -0.022738310769603247
-0.0863887461818664 0.011098287517795109
-0.0863887461818664 -0.011098287517795109
0.05430613049017559 0.0608623359550329
0.05430613049017559 -0.0608623359550329
-0.08313267080028701 0.0
-0.062320311533595005 0.055072176550870315
-0.062320311533595005 -0.055072176550870315
0.08208800143229499 0.022857346553532033
0.08208800143229499 -0.022857346553532033
-0.07591653115922407 0.033814781209776594
-0.07591653115922407 -0.033814781209776594
0.06724489440655415 0.046142809670431724
0.06724489440655415 -0.046142809670431724
-0.048482492317468394 0.06390445896274508
-0.048482492317468394 -0.06390445896274508
-0.056411033436714095 0.0559008952520797
-0.056411033436714095 -0.0559008952520797
-0.016447126561646055 0.07852710743989916
-0.016447126561646055 -0.07852710743989916
-0.028501400832146542 0.07083902155987402
-0.028501400832146542 -0.07083902155987402
-0.05467580689987679 0.04501657867311271
-0.05467580689987679 -0.04501657867311271
0.031703746254925176 0.06561047140283048
0.031703746254925176 -0.06561047140283048
0.0438907483848746 0.05916733065804995
0.0438907483848746 -0.05916733065804995
0.07950952011940106 0.00990428667808464
0.07950952011940106 -0.00990428667808464
-0.0755226008828616 0.0
0.002470216910286944 0.07485412195363089
0.002470216910286944 -0.07485412195363089
0.04481501465795228 0.05238999852636654
0.04481501465795228 -0.05238999852636654
-0.07100267859260734 0.024225786536257354
-0.07100267859260734 -0.024225786536257354
0.07231952338692207 0.020809781867512603
0.07231952338692207 -0.020809781867512603
0.056369879808002295 0.040187352492567954
0.056369879808002295 -0.040187352492567954
-0.0192700678903555 0.06791929761076844
-0.0192700678903555 -0.06791929761076844
-0.03882744610785428 0.05407677668365042
-0.03882744610785428 -0.05407677668365042
-0.06357213936577302 0.006837903501021208
-0.06357213936577302 -0.006837903501021208
-0.06279155497781433 0.0
0.06560245146822498 0.0
-0.05725783435040181 0.014803202247367114
-0.05725783435040181 -0.014803202247367114
-0.04402647792532048 0.03761530772603859
-0.04402647792532048 -0.03761530772603859
-0.05413581221292629 0.020291371210233396
-0.05413581221292629 -0.020291371210233396
-0.002362340304519264 0.06380531633779708
-0.002362340304519264 -0.06380531633779708
-0.0073922537651342915 0.06217320724888652
-0.0073922537651342915 -0.06217320724888652
0.04768291585431241 0.034148578738994115
0.04768291585431241 -0.034148578738994115
0.016181523743371163 0.05520650987054029
0.016181523743371163 -0.05520650987054029
-0.016988603791603857 0.05314501366921846
-0.016988603791603857 -0.05314501366921846
-0.034242140954693634 0.04160716585613114
-0.034242140954693634 -0.04160716585613114
0.04970383114208439 0.022351860356189083
0.04970383114208439 -0.022351860356189083
0.025015888241941522 0.046194977469243496
0.025015888241941522 -0.046194977469243496
0.05177969566031374 0.005821236556518953
0.05177969566031374 -0.005821236556518953
0.048933006961741396 0.014130664525547855
0.048933006961741396 -0.014130664525547855
-0.02383073295589958 0.046070390111593584
-0.02383073295589958 -0.046070390111593584
0.031022135641329385 0.03946002167591189
0.031022135641329385 -0.03946002167591189
-0.002450899052381254 0.05289130187503289
-0.002450899052381254 -0.05289130187503289
-0.03988449089196648 0.01629139438917338
-0.03988449089196648 -0.01629139438917338
0.00019446459437992488 0.04476905962340352
0.00019446459437992488 -0.04476905962340352
0.01851287091599765 0.03805195647144109
0.01851287091599765 -0.03805195647144109
0.03648708409771187 0.025278655359246577
0.03648708409771187 -0.025278655359246577
0.008669956042991804 0.04034459720886712
0.008669956042991804 -0.04034459720886712
0.03350940839351921 0.0
-0.037542869801963294 0.010249940896546303
-0.037542869801963294 -0.010249940896546303
-0.03601262945374821 0.021394913204126655
-0.03601262945374821 -0.021394913204126655
-0.019770852347953678 0.030363582309954274
-0.019770852347953678 -0.030363582309954274
0.022511246108164823 0.020865439792041546
0.022511246108164823 -0.020865439792041546
0.014083527160221963 0.030201153581088255
0.014083527160221963 -0.030201153581088255
0.029924060938319973 0.0054589387020827634
0.029924060938319973 -0.0054589387020827634
-0.032973533233748735 0.0
-0.01180718891134067 0.018322537115648775
-0.01180718891134067 -0.018322537115648775
0.017033885159567445 0.0
0.008993328487741828 0.018703816786362945
0.008993328487741828 -0.018703816786362945
0.0022611754073936455 0.008994236150793745
0.0022611754073936455 -0.008994236150793745
-0.012072805347314601 0.013835047923775459
-0.012072805347314601 -0.013835047923775459
0.005777392074612265 0.0
-0.020366990743335443 0.005490382777337907
-0.020366990743335443 -0.005490382777337907
-0.014408562541067572 0.0
-2.0288172010025916 0.0
1.868876692376393 0.0
0.1746336945896177 1.3637528616232435
0.1746336945896177 -1.3637528616232435
-0.8877929837340823 0.8845165757348199
-0.8877929837340823 -0.8845165757348199
0.9413147648615203 0.6786446859071285
0.9413147648615203 -0.6786446859071285
-1.0750869071282851 0.1521585389978581
-1.0750869071282851 -0.1521585389978581
0.5134975585358913 0.9559121760205759
0.5134975585358913 -0.9559121760205759
-0.9132943753108685 0.4760285029972904
-0.9132943753108685 -0.4760285029972904
-0.9793417406095317 0.09922263990237967
-0.9793417406095317 -0.09922263990237967
0.7674468331859867 0.6596437856985219
0.7674468331859867 -0.6596437856985219
0.8674215020011062 0.4709053420721881
0.8674215020011062 -0.4709053420721881
1.0012592485483058 0.0
0.9793370671997071 0.14152576727322722
0.9793370671997071 -0.14152576727322722
0.6315843940176533 0.7247977709217025
0.6315843940176533 -0.7247977709217025
0.8774526112836327 0.3450993103567322
0.8774526112836327 -0.3450993103567322
-0.04600620012840488 0.9852747182757716
-0.04600620012840488 -0.9852747182757716
0.4886514697802889 0.7991950986491775
0.4886514697802889 -0.7991950986491775
0.875986994879024 0.147271132791551
0.875986994879024 -0.147271132791551
-0.5074099397540179 0.8436054009817148
-0.5074099397540179 -0.8436054009817148
-0.6466842755389861 0.7103312051195013
-0.6466842755389861 -0.7103312051195013
-0.2932599891880523 0.9125908180120031
-0.2932599891880523 -0.9125908180120031
-0.7903282079994645 0.49552189423039456
-0.7903282079994645 -0.49552189423039456
-0.5184743166838524 0.7650132661829973
-0.5184743166838524 -0.7650132661829973
-0.4082098983796062 0.8248678150488342
-0.4082098983796062 -0.8248678150488342
0.2160571125487817 0.8956568158276791
0.2160571125487817 -0.8956568158276791
-0.20016056136262475 0.884541012212765
-0.20016056136262475 -0.884541012212765
-0.011432526475795611 0.8982338529298716
-0.011432526475795611 -0.8982338529298716
0.30071486748343346 0.8359941830208489
0.30071486748343346 -0.8359941830208489
-0.8460430810281444 0.2818914895220834
-0.8460430810281444 -0.2818914895220834
-0.7724991422243299 0.42694877601279485
-0.7724991422243299 -0.42694877601279485
-0.8763592128610411 0.0
-0.8307153144478671 0.0
-0.627009190282274 0.569645683074783
-0.627009190282274 -0.569645683074783
-0.2485306779446797 0.8126254978940497
-0.2485306779446797 -0.8126254978940497
-0.40139322479472983 0.7350157063484999
-0.40139322479472983 -0.7350157063484999
-0.785928215856389 0.18020930084766343
-0.785928215856389 -0.18020930084766343
-0.7495232899731759 0.2952581155217499
-0.7495232899731759 -0.2952581155217499
-0.7903374566862272 0.11007735492117561
-0.7903374566862272 -0.11007735492117561
0.5460279795817449 0.6342056887168215
0.5460279795817449 -0.6342056887168215
0.40505625814259016 0.7281771364152135
0.40505625814259016 -0.7281771364152135
0.6375326182688965 0.5347259913216349
0.6375326182688965 -0.5347259913216349
0.3128193092572262 0.7644247736591536
0.3128193092572262 -0.7644247736591536
-0.6600475400718174 0.40712087338782654
-0.6600475400718174 -0.40712087338782654
-0.05668364509834009 0.798744117263897
-0.05668364509834009 -0.798744117263897
0.751856912456503 0.3174375647133098
0.751856912456503 -0.3174375647133098
0.08451157671600307 0.7937657684225974
0.08451157671600307 -0.7937657684225974
-0.5315999189636599 0.5661799708518775
-0.5315999189636599 -0.5661799708518775
0.7415994021062577 0.2889469319424979
0.7415994021062577 -0.2889469319424979
0.47899215183116073 0.5964241637393449
0.47899215183116073 -0.5964241637393449
0.6007302264651606 0.4730223316127206
0.6007302264651606 -0.4730223316127206
0.7659835992985526 0.07713210725683002
0.7659835992985526 -0.07713210725683002
0.21128174984327397 0.7303897823163674
0.21128174984327397 -0.7303897823163674
0.741890797301878 0.1945742940916375
0.741890797301878 -0.1945742940916375
0.32328698238343634 0.6842561775737258
0.32328698238343634 -0.6842561775737258
-0.35587756120718506 0.651103293128183
-0.35587756120718506 -0.651103293128183
0.7429161527788796 0.11864008406262305
0.7429161527788796 -0.11864008406262305
-0.14478200412782805 0.7225303198632053
-0.14478200412782805 -0.7225303198632053
-0.22715419904286788 0.6841415982183428
-0.22715419904286788 -0.6841415982183428
-0.4961676248604897 0.4895722403343988
-0.4961676248604897 -0.4895722403343988
0.5865691944278382 0.38504413878805893
0.5865691944278382 -0.38504413878805893
0.7119617554391513 0.0
0.6615784622716354 0.22051472497027416
0.6615784622716354 -0.22051472497027416
-0.06180142825890962 0.6889182786467146
-0.06180142825890962 -0.6889182786467146
0.27386965999150437 0.6311079349415628
0.27386965999150437 -0.6311079349415628
-0.6614528920629059 0.1308971046114803
-0.6614528920629059 -0.1308971046114803
-0.5763284007814559 0.3229398701670149
-0.5763284007814559 -0.3229398701670149
0.3994635144345476 0.5259767972565519
0.3994635144345476 -0.5259767972565519
-0.3125405391842461 0.5735617615063211
-0.3125405391842461 -0.5735617615063211
-0.6311816482537915 0.0
0.5171923776075124 0.39336344192379
0.5171923776075124 -0.39336344192379
0.3103531940161911 0.5635053486558091
0.3103531940161911 -0.5635053486558091
-0.21063952352289073 0.5984076579899695
-0.21063952352289073 -0.5984076579899695
0.1223529323307964 0.6159963811323166
0.1223529323307964 -0.6159963811323166
-0.5948705116902813 0.1874118828655271
-0.5948705116902813 -0.1874118828655271
-0.6216881443705102 0.04552441993285208
-0.6216881443705102 -0.04552441993285208
-0.5286024588270382 0.3096544868556095
-0.5286024588270382 -0.3096544868556095
0.5520192992497033 0.2627647331090171
0.5520192992497033 -0.2627647331090171
0.060892819006197224 0.5888729798083987
0.060892819006197224 -0.5888729798083987
0.21442019289992142 0.5519745155765151
0.21442019289992142 -0.5519745155765151
-0.43518808020752386 0.3909338217038179
-0.43518808020752386 -0.3909338217038179
0.4252101245400288 0.40127181865643
0.4252101245400288 -0.40127181865643
-0.05523996942857824 0.5569247673930455
-0.05523996942857824 -0.5569247673930455
0.5672965328409632 0.033602367459931524
0.5672965328409632 -0.033602367459931524
-0.2771754291427825 0.4725526394455874
-0.2771754291427825 -0.4725526394455874
-0.4395056893014616 0.3139948841805443
-0.4395056893014616 -0.3139948841805443
-0.4878912951680464 0.22442131191182818
-0.4878912951680464 -0.22442131191182818
-0.1057091351406941 0.5315988474872692
-0.1057091351406941 -0.5315988474872692
-0.5287872136223806 0.059138823969341905
-0.5287872136223806 -0.059138823969341905
0.2945851782900394 0.4520581846904345
0.2945851782900394 -0.4520581846904345
0.4646277213699126 0.2595908795797689
0.4646277213699126 -0.2595908795797689
0.5212023534940111 0.06255203920134915
0.5212023534940111 -0.06255203920134915
0.3393367192460763 0.39446322637811493
0.3393367192460763 -0.39446322637811493
-0.34843074814259634 0.3864051445895374
-0.34843074814259634 -0.3864051445895374
0.5074465751434216 0.0
0.49191277054907834 0.15630975229703756
0.49191277054907834 -0.15630975229703756
0.406464651494594 0.30829021444589116
0.406464651494594 -0.30829021444589116
-0.23500854546735256 0.44946597628658713
-0.23500854546735256 -0.44946597628658713
-0.1093098060117203 0.48656350257183956
-0.1093098060117203 -0.48656350257183956
-0.4895378462556917 0.0
-0.4575176857989105 0.16567634427633587
-0.4575176857989105 -0.16567634427633587
0.4343564696564764 0.21336734062343685
0.4343564696564764 -0.21336734062343685
-0.05663385951146553 0.47513973331136633
-0.05663385951146553 -0.47513973331136633
0.12654184998872084 0.44687327796044707
0.12654184998872084 -0.44687327796044707
0.0006855137747032293 0.4566496097029976
0.0006855137747032293 -0.4566496097029976
0.15689378683633168 0.4277564831167664
0.15689378683633168 -0.4277564831167664
-0.4078781538069443 0.18608959510008186
-0.4078781538069443 -0.18608959510008186
-0.44016902365006133 0.0
-0.3444520951103442 0.27966759884654013
-0.3444520951103442 -0.27966759884654013
0.34790745729475153 0.27371349478022855
0.34790745729475153 -0.27371349478022855
-0.2845194915126873 0.33377866229685715
-0.2845194915126873 -0.33377866229685715
0.2663267900033688 0.33890649512919174
0.2663267900033688 -0.33890649512919174
-0.16229035740287914 0.3976705415267113
-0.16229035740287914 -0.3976705415267113
0.41356606617328473 0.0
-0.3951836404951694 0.10410407198490629
-0.3951836404951694 -0.10410407198490629
0.3991313963561024 0.10130200149284832
0.3991313963561024 -0.10130200149284832
-0.3900651294552998 0.05876698550743758
-0.3900651294552998 -0.05876698550743758
-0.22392330444001665 0.3406754582430587
-0.22392330444001665 -0.3406754582430587
0.010846508743497425 0.4118006090733931
0.010846508743497425 -0.4118006090733931
0.07182453302706784 0.398188185654092
0.07182453302706784 -0.398188185654092
-0.3261299102273114 0.20645753447799467
-0.3261299102273114 -0.20645753447799467
0.15807028941854584 0.3623827452105805
0.15807028941854584 -0.3623827452105805
-0.35545253720406395 0.1232037328278497
-0.35545253720406395 -0.1232037328278497
-0.2512216079531245 0.2882390227391626
-0.2512216079531245 -0.2882390227391626
-0.35349323437212016 0.0
-0.1455588955996543 0.3560053035026231
-0.1455588955996543 -0.3560053035026231
0.3111566988500147 0.224495056534501
0.3111566988500147 -0.224495056534501
0.013087260967896443 0.3825221987786699
0.013087260967896443 -0.3825221987786699
-0.08044209498013656 0.3705152766294354
-0.08044209498013656 -0.3705152766294354
0.25574884436716183 0.2714403989360555
0.25574884436716183 -0.2714403989360555
0.24082453938544265 0.2850658828539223
0.24082453938544265 -0.2850658828539223
-0.22866122815596263 0.2829548490653241
-0.22866122815596263 -0.2829548490653241
0.36770985637893144 0.0203275069387871
0.36770985637893144 -0.0203275069387871
-0.06139211420753255 0.3584402274152941
-0.06139211420753255 -0.3584402274152941
0.2968311819246956 0.19866041479945898
0.2968311819246956 -0.19866041479945898
-0.1254527503375053 0.3344020291026141
-0.1254527503375053 -0.3344020291026141
0.3258009753006209 0.13575511398782045
0.3258009753006209 -0.13575511398782045
0.3377344110198309 0.07135962904571097
0.3377344110198309 -0.07135962904571097
-0.3209548204669642 0.105347059338088
-0.3209548204669642 -0.105347059338088
0.1118354476574337 0.3256649163719408
0.1118354476574337 -0.3256649163719408
-0.29006757090682167 0.16651097918089658
-0.29006757090682167 -0.16651097918089658
0.307358958603376 0.123235658554885
0.307358958603376 -0.123235658554885
0.014264119976504855 0.3306720913563108
0.014264119976504855 -0.3306720913563108
0.13046403879528723 0.30474196776150475
0.13046403879528723 -0.30474196776150475
0.15632515139164405 0.28976404760271207
0.15632515139164405 -0.28976404760271207
-0.20868916381323813 0.2425190851215011
-0.20868916381323813 -0.2425190851215011
-0.2905495845809874 0.12615117051792676
-0.2905495845809874 -0.12615117051792676
0.1916019433908469 0.24949656850181567
0.1916019433908469 -0.24949656850181567
0.3140787359514241 0.009167256456163628
0.3140787359514241 -0.009167256456163628
-0.30063726868193585 0.06462078229602868
-0.30063726868193585 -0.06462078229602868
-0.018132405200136037 0.30982696808141
-0.018132405200136037 -0.30982696808141
-0.09548830350537929 0.29560630848010566
-0.09548830350537929 -0.29560630848010566
-0.24342474299119302 0.18352868318742213
-0.24342474299119302 -0.18352868318742213
0.2439659231142276 0.18882529943382778
0.2439659231142276 -0.18882529943382778
-0.29272221426812467 0.0
-0.19209859370991914 0.2322485743495913
-0.19209859370991914 -0.2322485743495913
0.21023511244589083 0.21679548563591217
0.21023511244589083 -0.21679548563591217
0.11964751396316797 0.2736343387087279
0.11964751396316797 -0.2736343387087279
-0.06521183256438422 0.2909941744551964
-0.06521183256438422 -0.2909941744551964
0.294145389580883 0.07148680283908364
0.294145389580883 -0.07148680283908364
0.0467310389994129 0.2862668037883034
0.0467310389994129 -0.2862668037883034
-0.036320033167587536 0.2869329682275805
-0.036320033167587536 -0.2869329682275805
-0.28134525418761114 0.0
0.16756097987507068 0.24022423280170557
0.16756097987507068 -0.24022423280170557
0.26998310888138377 0.10385393643084787
0.26998310888138377 -0.10385393643084787
-0.2802554055490559 0.01994725542839535
-0.2802554055490559 -0.01994725542839535
-0.27148086734162635 0.07810950150706042
-0.27148086734162635 -0.07810950150706042
-0.15700340114411754 0.2342103297161359
-0.15700340114411754 -0.2342103297161359
-0.09719321578273964 0.2645823114422226
-0.09719321578273964 -0.2645823114422226
0.23410724124813148 0.16649488633595258
0.23410724124813148 -0.16649488633595258
0.28388589925053886 0.029868051411979294
0.28388589925053886 -0.029868051411979294
-0.23093319058773537 0.1574383177714104
-0.23093319058773537 -0.1574383177714104
-0.21065041577835775 0.1731230246296338
-0.21065041577835775 -0.1731230246296338
0.06899928625033207 0.2644956370406756
0.06899928625033207 -0.2644956370406756
-0.2485255010557686 0.10360671723383039
-0.2485255010557686 -0.10360671723383039
0.1304280997499307 0.23710004363761872
0.1304280997499307 -0.23710004363761872
0.08428876618236286 0.2546761590332142
0.08428876618236286 -0.2546761590332142
0.1646815618098395 0.21848966290693103
0.1646815618098395 -0.21848966290693103
0.23455084375574417 0.13054628086472694
0.23455084375574417 -0.13054628086472694
-0.22990625527975206 0.13604679286995625
-0.22990625527975206 -0.13604679286995625
-0.038534815900284895 0.26111447647471026
-0.038534815900284895 -0.26111447647471026
-0.17082197970236013 0.19672845744718856
-0.17082197970236013 -0.19672845744718856
0.24342953860454922 0.10499451002058416
0.24342953860454922 -0.10499451002058416
-0.22831939543188062 0.12556706463445713
-0.22831939543188062 -0.12556706463445713
0.25809903618085484 0.040440827423350804
0.25809903618085484 -0.040440827423350804
0.1562172264693192 0.2092779959893207
0.1562172264693192 -0.2092779959893207
0.1981858307151924 0.164759637851668
0.1981858307151924 -0.164759637851668
-0.10415610041489404 0.2354061754929306
-0.10415610041489404 -0.2354061754929306
0.24556672713770789 0.05678537744014564
0.24556672713770789 -0.05678537744014564
0.2255804610157927 0.1087830073307685
0.2255804610157927 -0.1087830073307685
0.20957118234635924 0.13487709558803193
0.20957118234635924 -0.13487709558803193
0.19235956188001316 0.15774141082317017
0.19235956188001316 -0.15774141082317017
0.23912843211331 0.010183144597259532
0.23912843211331 -0.010183144597259532
0.1488041290645418 0.1856973757033627
0.1488041290645418 -0.1856973757033627
0.0945013984420845 0.22694332364110317
0.0945013984420845 -0.22694332364110317
0.045844720990955594 0.2515784799588329
0.045844720990955594 -0.2515784799588329
-0.05625126490934222 0.25330614665261325
-0.05625126490934222 -0.25330614665261325
-0.2475234107048135 0.053959877962970804
-0.2475234107048135 -0.053959877962970804
-0.22691796280174897 0.0969002600272248
-0.22691796280174897 -0.0969002600272248
-0.24856267650435043 0.02714988956045556
-0.24856267650435043 -0.02714988956045556
-0.1274066752083643 0.21650082051409494
-0.1274066752083643 -0.21650082051409494
-0.17839852862449282 0.16240408949546706
-0.17839852862449282 -0.16240408949546706
-0.23509055061907938 0.0071977662395626306
-0.23509055061907938 -0.0071977662395626306
-0.2301454603576144 0.06999639129575475
-0.2301454603576144 -0.06999639129575475
0.008208425045279622 0.2469244551938261
0.008208425045279622 -0.2469244551938261
-0.15961869628363112 0.18043187399416558
-0.15961869628363112 -0.18043187399416558
0.029442872363013853 0.23656036321412516
0.029442872363013853 -0.23656036321412516
-0.12446333835599008 0.20942804498710912
-0.12446333835599008 -0.20942804498710912
-0.07675724232903064 0.22631374133066198
-0.07675724232903064 -0.22631374133066198
-0.021150356280166708 0.23931425639096918
-0.021150356280166708 -0.23931425639096918
-0.05069490720054465 0.23126617492706197
-0.05069490720054465 -0.23126617492706197
-0.021652341300018654 0.2326334994047374
-0.021652341300018654 -0.2326334994047374
-0.11622247580144673 0.2036661415740971
-0.11622247580144673 -0.2036661415740971
-0.18929710950054118 0.12374541393100752
-0.18929710950054118 -0.12374541393100752
0.11692497599886431 0.2075712359037626
0.11692497599886431 -0.2075712359037626
0.04677420817414442 0.2262845475317454
0.04677420817414442 -0.2262845475317454
0.23602657220020443 0.0
-0.21668600213208555 0.05403009318794903
-0.21668600213208555 -0.05403009318794903
0.1222838259357134 0.19650795651706618
0.1222838259357134 -0.19650795651706618
0.16678601149042105 0.1587205680874738
0.16678601149042105 -0.1587205680874738
-0.16382818880426953 0.14754302699459507
-0.16382818880426953 -0.14754302699459507
0.20777671556987065 0.1026557914424979
0.20777671556987065 -0.1026557914424979
0.1815700986889507 0.13723059186256525
0.1815700986889507 -0.13723059186256525
0.2177787953482704 0.06351647068623396
0.2177787953482704 -0.06351647068623396
0.22149622854845674 0.04801511787627907
0.22149622854845674 -0.04801511787627907
-0.12820162248043826 0.17670140995736275
-0.12820162248043826 -0.17670140995736275
0.19202097905844473 0.11570214036555637
0.19202097905844473 -0.11570214036555637
0.20470452537272812 0.08595717314573144
0.20470452537272812 -0.08595717314573144
0.14821819719029122 0.16305727343435691
0.14821819719029122 -0.16305727343435691
0.22235209434997955 0.0
0.20103140223601879 0.08292411878718306
0.20103140223601879 -0.08292411878718306
0.21019457012972537 0.046721222727190134
0.21019457012972537 -0.046721222727190134
0.12953272271671645 0.176272636444106
0.12953272271671645 -0.176272636444106
0.16359743921298048 0.1363193812367773
0.16359743921298048 -0.1363193812367773
0.030201448456104115 0.2189793984722763
0.030201448456104115 -0.2189793984722763
-0.01756613466058696 0.21822329142868455
-0.01756613466058696 -0.21822329142868455
-0.08853558827888616 0.1981156554484851
-0.08853558827888616 -0.1981156554484851
0.05303690681398726 0.2087264274614819
0.05303690681398726 -0.2087264274614819
-0.14065186605539975 0.1612871261656045
-0.14065186605539975 -0.1612871261656045
-0.1888407769704194 0.10909049768104535
-0.1888407769704194 -0.10909049768104535
-0.09411163721430801 0.18839192748913025
-0.09411163721430801 -0.18839192748913025
-0.1996648379395095 0.08275867329976025
-0.1996648379395095 -0.08275867329976025
0.07814209944385594 0.1952681840524053
0.07814209944385594 -0.1952681840524053
0.10376088337237922 0.1828274040169318
0.10376088337237922 -0.1828274040169318
-0.2155647353937418 0.013746953804748746
-0.2155647353937418 -0.013746953804748746
-0.2086755620647328 0.01800754554736508
-0.2086755620647328 -0.01800754554736508
-0.18443678643776457 0.0931119564400786
-0.18443678643776457 -0.0931119564400786
-0.15467330748637853 0.13226145742380244
-0.15467330748637853 -0.13226145742380244
-0.17278788103913514 0.10745889436445373
-0.17278788103913514 -0.10745889436445373
-0.20512022330825372 0.0
-0.20437922786138865 0.0278422602301277
-0.20437922786138865 -0.0278422602301277
-0.1975585676123715 0.05629341169880813
-0.1975585676123715 -0.05629341169880813
0.20927533358044864 0.0
-0.07159689899261104 0.19292532950312383
-0.07159689899261104 -0.19292532950312383
0.0614282571648672 0.19845533804343957
0.0614282571648672 -0.19845533804343957
-0.00023542572292071276 0.205617200289313
-0.00023542572292071276 -0.205617200289313
0.1949555607766602 0.052275471546825304
0.1949555607766602 -0.052275471546825304
0.15562547109534156 0.1283407657931127
0.15562547109534156 -0.1283407657931127
0.08990681013658772 0.18070440757399595
0.08990681013658772 -0.18070440757399595
-0.12240103582320075 0.15313197721149438
-0.12240103582320075 -0.15313197721149438
0.14677183031592517 0.13565475886798634
0.14677183031592517 -0.13565475886798634
-0.0345725116258319 0.20027349266722216
-0.0345725116258319 -0.20027349266722216
0.1672204397137897 0.1042371944842758
0.1672204397137897 -0.1042371944842758
0.10831016206460184 0.165099408223105
0.10831016206460184 -0.165099408223105
-0.13406087645172204 0.13632047920915333
-0.13406087645172204 -0.13632047920915333
-0.034733647804738824 0.1952070285404862
-0.034733647804738824 -0.1952070285404862
0.0407281593707674 0.19403182311244052
0.0407281593707674 -0.19403182311244052
-0.19260347805058764 0.0163486492543458
-0.19260347805058764 -0.0163486492543458
-0.17704723795813754 0.07442068687096992
-0.17704723795813754 -0.07442068687096992
-0.16636591067059792 0.09195377787102944
-0.16636591067059792 -0.09195377787102944
-0.14879281521686827 0.11090036040733625
-0.14879281521686827 -0.11090036040733625
-0.13126969007519124 0.1296431534506538
-0.13126969007519124 -0.1296431534506538
-0.11477275254005478 0.1485274856583472
-0.11477275254005478 -0.1485274856583472
-0.10805041487669187 0.15602483610049017
-0.10805041487669187 -0.15602483610049017
-0.09743826621137239 0.16120047835446127
-0.09743826621137239 -0.16120047835446127
0.11441778409757992 0.1517984191978105
0.11441778409757992 -0.1517984191978105
0.15777645244823815 0.10771248748797246
0.15777645244823815 -0.10771248748797246
0.18892191848264536 0.03130403080593592
0.18892191848264536 -0.03130403080593592
-0.07455238708745657 0.1712594537176118
-0.07455238708745657 -0.1712594537176118
0.16609833628560652 0.08410132988330564
0.16609833628560652 -0.08410132988330564
0.023962743426691274 0.18642475139454628
0.023962743426691274 -0.18642475139454628
0.007497330366201239 0.18738601531937543
0.007497330366201239 -0.18738601531937543
-0.0015240932189117288 0.18736498274996333
-0.0015240932189117288 -0.18736498274996333
0.17805112965094494 0.050173868695328534
0.17805112965094494 -0.050173868695328534
-0.06197299032326807 0.1753199569017735
-0.06197299032326807 -0.1753199569017735
0.14132558162368491 0.11401472199126694
0.14132558162368491 -0.11401472199126694
0.12989677828691937 0.12493396556082365
0.12989677828691937 -0.12493396556082365
-0.14832296590765787 0.09867882592347965
-0.14832296590765787 -0.09867882592347965
-0.17128958853072995 0.053531084893007966
-0.17128958853072995 -0.053531084893007966
-0.026887821045936816 0.1821358982555011
-0.026887821045936816 -0.1821358982555011
0.1841061961976463 0.021748329644296897
0.1841061961976463 -0.021748329644296897
0.05035392232722215 0.17434279467091085
0.05035392232722215 -0.17434279467091085
0.09021598735306022 0.15273705890122094
0.09021598735306022 -0.15273705890122094
0.1112756542146354 0.13958065686867888
0.1112756542146354 -0.13958065686867888
0.15472631175682552 0.08194501801851703
0.15472631175682552 -0.08194501801851703
-0.12036771079850259 0.1181272677364211
-0.12036771079850259 -0.1181272677364211
0.1219116585535695 0.12475175670521994
0.1219116585535695 -0.12475175670521994
0.1807190858479774 0.005077508596538358
0.1807190858479774 -0.005077508596538358
-0.13253699035745248 0.10315575719294394
-0.13253699035745248 -0.10315575719294394
0.10220531377000033 0.1363821785060518
0.10220531377000033 -0.1363821785060518
-0.04352092547830798 0.17356586507603064
-0.04352092547830798 -0.17356586507603064
0.06410304676287007 0.16522741445380223
0.06410304676287007 -0.16522741445380223
0.1661488880638493 0.059750446788939746
0.1661488880638493 -0.059750446788939746
-0.1642867890588 0.06223811594651494
-0.1642867890588 -0.06223811594651494
-0.17695446424987454 0.0048880612230519675
-0.17695446424987454 -0.0048880612230519675
-0.17199316691617586 0.025795021689687975
-0.17199316691617586 -0.025795021689687975
0.0784148350493249 0.15513929149868702
0.0784148350493249 -0.15513929149868702
-0.1654909656720595 0.04969090786514325
-0.1654909656720595 -0.04969090786514325
-0.07897377874906293 0.1529547304149638
-0.07897377874906293 -0.1529547304149638
-0.1618102652810326 0.03845603023081883
-0.1618102652810326 -0.03845603023081883
-0.13916413481265894 0.08737423535596738
-0.13916413481265894 -0.08737423535596738
-0.10323618673280541 0.12729427366788112
-0.10323618673280541 -0.12729427366788112
0.049174274404043615 0.16400720840412955
0.049174274404043615 -0.16400720840412955
-0.07388883602755345 0.1505905608055664
-0.07388883602755345 -0.1505905608055664
0.1244197652692562 0.10595647247686295
0.1244197652692562 -0.10595647247686295
0.09864988729099544 0.12960446523163852
0.09864988729099544 -0.12960446523163852
0.023722811334987416 0.16823595019516316
0.023722811334987416 -0.16823595019516316
-0.024865712087363046 0.1674103027465798
-0.024865712087363046 -0.1674103027465798
0.15599023220632224 0.05605863103519684
0.15599023220632224 -0.05605863103519684
-0.007731981773758587 0.16555485173747525
-0.007731981773758587 -0.16555485173747525
0.16317722823627817 0.030387728940253874
0.16317722823627817 -0.030387728940253874
-0.03805208492718662 0.15867987748713958
-0.03805208492718662 -0.15867987748713958
0.15951890084851672 0.039150591756430216
0.15951890084851672 -0.039150591756430216
-0.015647088246458975 0.1650125121011769
-0.015647088246458975 -0.1650125121011769
0.026125592145387833 0.1639746306876715
0.026125592145387833 -0.1639746306876715
0.16392441478096795 0.01204373293800984
0.16392441478096795 -0.01204373293800984
-0.08484451669952275 0.13941751232200533
-0.08484451669952275 -0.13941751232200533
-0.16135479127050426 0.0
-0.05902341192091311 0.14915903788155851
-0.05902341192091311 -0.14915903788155851
0.08250985394417837 0.13626951965568582
0.08250985394417837 -0.13626951965568582
0.14152284507188204 0.07082794069374831
0.14152284507188204 -0.07082794069374831
-0.15937615565259985 0.017541582493058844
-0.15937615565259985 -0.017541582493058844
-0.11435135916516295 0.09948004797506484
-0.11435135916516295 -0.09948004797506484
-0.12172532113727656 0.09058337022711443
-0.12172532113727656 -0.09058337022711443
0.1228198428340766 0.09409218265282329
0.1228198428340766 -0.09409218265282329
0.13259312095228978 0.0803709923414275
0.13259312095228978 -0.0803709923414275
0.14525818846347582 0.05524188505914315
0.14525818846347582 -0.05524188505914315
-0.1401624522138782 0.057083991933708896
-0.1401624522138782 -0.057083991933708896
0.03724698619284554 0.1493195612170533
0.03724698619284554 -0.1493195612170533
-0.06561787299981207 0.13717593640836886
-0.06561787299981207 -0.13717593640836886
0.1517680310609855 0.02985985252607651
0.1517680310609855 -0.02985985252607651
0.04966288226338754 0.1395335455277824
0.04966288226338754 -0.1395335455277824
0.07217217910624961 0.12542332120974384
0.07217217910624961 -0.12542332120974384
-0.1300206927896169 0.07039273865817797
-0.1300206927896169 -0.07039273865817797
-0.08277002062540723 0.12292597672787901
-0.08277002062540723 -0.12292597672787901
-0.1054617656128156 0.10258421554620763
-0.1054617656128156 -0.10258421554620763
-0.017207354109387434 0.14817712387659945
-0.017207354109387434 -0.14817712387659945
0.1505521595693773 0.0
0.0035640036686710183 0.14877385990019923
0.0035640036686710183 -0.14877385990019923
0.14862105708982623 0.009820871131767809
0.14862105708982623 -0.009820871131767809
-0.09466833509113128 0.10916469307687132
-0.09466833509113128 -0.10916469307687132
-0.03031847778973215 0.14342217812013106
-0.03031847778973215 -0.14342217812013106
-0.14014983207303133 0.04077336106071741
-0.14014983207303133 -0.04077336106071741
0.022678811587026025 0.14411730775447168
0.022678811587026025 -0.14411730775447168
-0.0661426166972372 0.12378233916427436
-0.0661426166972372 -0.12378233916427436
-0.04487055705203036 0.13281355307237028
-0.04487055705203036 -0.13281355307237028
0.04584908130216682 0.13208188824060496
0.04584908130216682 -0.13208188824060496
0.10720716991576006 0.09110549040492567
0.10720716991576006 -0.09110549040492567
0.14275757445847662 0.0
0.11891845579495619 0.07194579081132807
0.11891845579495619 -0.07194579081132807
0.13232489016917798 0.04455892290417238
0.13232489016917798 -0.04455892290417238
-0.13539884282937015 0.044057388954797695
-0.13539884282937015 -0.044057388954797695
-0.1366853058989391 0.03583255422854941
-0.1366853058989391 -0.03583255422854941
0.0898660731830849 0.10216503915778248
0.0898660731830849 -0.10216503915778248
-0.11666101554434076 0.06948650808754087
-0.11666101554434076 -0.06948650808754087
0.12063809997977021 0.06493619974715137
0.12063809997977021 -0.06493619974715137
0.09124366804726297 0.09741365456443936
0.09124366804726297 -0.09741365456443936
-0.08949818799560616 0.09951074578315584
-0.08949818799560616 -0.09951074578315584
-0.10998255167524217 0.074081960893235
-0.10998255167524217 -0.074081960893235
0.10423234552759114 0.07679200035580043
0.10423234552759114 -0.07679200035580043
0.08224126752010161 0.09929496359512244
0.08224126752010161 -0.09929496359512244
0.061650083423418454 0.11716191983707229
0.061650083423418454 -0.11716191983707229
0.030390016911664458 0.13542576568575712
0.030390016911664458 -0.13542576568575712
-0.12118912533466505 0.05746647519046708
-0.12118912533466505 -0.05746647519046708
-0.039789916038495424 0.13262207968879194
-0.039789916038495424 -0.13262207968879194
0.015651137620956303 0.13619753251119976
0.015651137620956303 -0.13619753251119976
-0.066444575385159 0.11132051903405758
-0.066444575385159 -0.11132051903405758
-0.023095240111872112 0.1343721623463001
-0.023095240111872112 -0.1343721623463001
0.12308261183963237 0.05217006304643477
0.12308261183963237 -0.05217006304643477
-0.09387670704982722 0.08272844610191829
-0.09387670704982722 -0.08272844610191829
-0.13320319589850832 0.01640914651742169
-0.13320319589850832 -0.01640914651742169
-0.05370499605402039 0.12087748377441686
-0.05370499605402039 -0.12087748377441686
-0.12314871847309848 0.04320322550063459
-0.12314871847309848 -0.04320322550063459
-0.1183828161111725 0.05274694360699296
-0.1183828161111725 -0.05274694360699296
-0.12968243363957666 0.003710051335396754
-0.12968243363957666 -0.003710051335396754
0.13202016742048395 0.0223690219187688
0.13202016742048395 -0.0223690219187688
0.11993382634848518 0.051199380307000254
0.11993382634848518 -0.051199380307000254
-0.1257413213719452 0.0
-0.10968239281433084 0.054297534508740426
-0.10968239281433084 -0.054297534508740426
-0.043342342101129736 0.11781849605417885
-0.043342342101129736 -0.11781849605417885
-0.07195868497882268 0.09725067818627171
-0.07195868497882268 -0.09725067818627171
0.02242792932491556 0.12750993367241528
0.02242792932491556 -0.12750993367241528
0.06461327311083172 0.104913353341248
0.06461327311083172 -0.104913353341248
-0.08024802272092367 0.08840714987378549
-0.08024802272092367 -0.08840714987378549
0.03567042166807795 0.12069897996814258
0.03567042166807795 -0.12069897996814258
-0.016699660149771277 0.12449134225117182
-0.016699660149771277 -0.12449134225117182
0.08304432921874273 0.08725761506063044
0.08304432921874273 -0.08725761506063044
0.04977097493320312 0.11128061580606012
0.04977097493320312 -0.11128061580606012
0.1195315816909603 0.023839976030415804
0.1195315816909603 -0.023839976030415804
-0.003942187937171901 0.12378277571294062
-0.003942187937171901 -0.12378277571294062
0.08883426053844005 0.0759335444989838
0.08883426053844005 -0.0759335444989838
0.12021913698047582 0.01833426391352685
0.12021913698047582 -0.01833426391352685
0.10487845717646233 0.05327583751782416
0.10487845717646233 -0.05327583751782416
0.01955849551331795 0.12113896678210669
0.01955849551331795 -0.12113896678210669
-0.07245320971249358 0.08969235152700265
-0.07245320971249358 -0.08969235152700265
-0.09769889006818724 0.061265723317580005
-0.09769889006818724 -0.061265723317580005
-0.05302277193496399 0.10096375884754286
-0.05302277193496399 -0.10096375884754286
-0.1172282677798934 0.02405211300504528
-0.1172282677798934 -0.02405211300504528
-0.05319573631841742 0.09452766901931448
-0.05319573631841742 -0.09452766901931448
0.05730014482021489 0.09095015240204567
0.05730014482021489 -0.09095015240204567
0.07646174762720956 0.07919066779684719
0.07646174762720956 -0.07919066779684719
0.021558769678346038 0.1140296713792741
0.021558769678346038 -0.1140296713792741
-0.11564982287374159 0.00594516226880213
-0.11564982287374159 -0.00594516226880213
0.11598030793367431 0.005644331904649343
0.11598030793367431 -0.005644331904649343
0.11579957220197407 0.015268389839320301
0.11579957220197407 -0.015268389839320301
0.08589762322650255 0.059724117699550286
0.08589762322650255 -0.059724117699550286
0.10323279694126247 0.04238466784285598
0.10323279694126247 -0.04238466784285598
0.0368226494379309 0.10376704813147733
0.0368226494379309 -0.10376704813147733
-0.10534811773697843 0.0
-0.01830404782741634 0.1108090587489349
-0.01830404782741634 -0.1108090587489349
-0.0017632616739487676 0.11249942503218058
-0.0017632616739487676 -0.11249942503218058
-0.1081837892928706 0.019161540811532533
-0.1081837892928706 -0.019161540811532533
0.04032373488044873 0.09914313680575822
0.04032373488044873 -0.09914313680575822
0.007903210082931022 0.11176478781908901
0.007903210082931022 -0.11176478781908901
-0.1018775052547394 0.03394156862753016
-0.1018775052547394 -0.03394156862753016
-0.09651402975087359 0.04470963139732114
-0.09651402975087359 -0.04470963139732114
0.08902878199189387 0.04866048655807532
0.08902878199189387 -0.04866048655807532
-0.032443749997351765 0.09993600639970043
-0.032443749997351765 -0.09993600639970043
0.10121281663639216 0.020987757359885593
0.10121281663639216 -0.020987757359885593
-0.04964388215002198 0.09050064794085035
-0.04964388215002198 -0.09050064794085035
0.07086323787265575 0.06336146934151295
0.07086323787265575 -0.06336146934151295
0.10062226004769065 0.015352931559424752
0.10062226004769065 -0.015352931559424752
-0.07330410752934324 0.0685786729354187
-0.07330410752934324 -0.0685786729354187
-0.08600736113599544 0.053058035442291124
-0.08600736113599544 -0.053058035442291124
-0.03373706160957918 0.09424154919676048
-0.03373706160957918 -0.09424154919676048
-0.07922453678903238 0.057781142233170456
-0.07922453678903238 -0.057781142233170456
-0.01867665549264894 0.09770139711947824
-0.01867665549264894 -0.09770139711947824
0.0909166878135163 0.03499692728257909
0.0909166878135163 -0.03499692728257909
0.006934740885238361 0.09775361688626236
0.006934740885238361 -0.09775361688626236
-0.06186496433537325 0.07182271698656556
-0.06186496433537325 -0.07182271698656556
0.021287689731573058 0.0926280817554562
0.021287689731573058 -0.0926280817554562
-0.08820259734273697 0.026903467392190364
-0.08820259734273697 -0.026903467392190364
0.05825455946359437 0.07196954760223362
0.05825455946359437 -0.07196954760223362
0.0351400604639538 0.08390549535444246
0.0351400604639538 -0.08390549535444246
-0.01399249279708981 0.09132766831843628
-0.01399249279708981 -0.09132766831843628
-0.0765321259342279 0.04463224758808713
-0.0765321259342279 -0.04463224758808713
0.08913547919005578 0.004833897656005921
0.08913547919005578 -0.004833897656005921
0.06875599781380529 0.050033771317179905
0.06875599781380529 -0.050033771317179905
-0.023663628777263468 0.08628491575961032
-0.023663628777263468 -0.08628491575961032
-0.044702836118282505 0.07212934867012205
-0.044702836118282505 -0.07212934867012205
-0.08736893884544675 0.0
-0.08164677602101275 0.023717981605467193
-0.08164677602101275 -0.023717981605467193
0.08582025109042435 0.012929510957608328
0.08582025109042435 -0.012929510957608328
-0.07054776394904268 0.04402607078608965
-0.07054776394904268 -0.04402607078608965
0.044416788609558513 0.0693709192564776
0.044416788609558513 -0.0693709192564776
0.07554098674309287 0.035029207285219806
0.07554098674309287 -0.035029207285219806
0.030065474568186562 0.07625547219313498
0.030065474568186562 -0.07625547219313498
0.058473520113306365 0.05524631118598952
0.058473520113306365 -0.05524631118598952
-0.04188320319062101 0.0691062171346837
-0.04188320319062101 -0.0691062171346837
0.024365550849463707 0.07724760953967315
0.024365550849463707 -0.07724760953967315
-0.07105092264033222 0.03141821127004912
-0.07105092264033222 -0.03141821127004912
-0.058499575357105926 0.05011499003516901
-0.058499575357105926 -0.05011499003516901
-0.05178096261682042 0.057520445491783
-0.05178096261682042 -0.057520445491783
-0.07879583444744967 0.0036651294802363013
-0.07879583444744967 -0.0036651294802363013
0.06866627718947368 0.03594482509713823
0.06866627718947368 -0.03594482509713823
0.043285798753242996 0.061590503735093824
0.043285798753242996 -0.061590503735093824
-0.004721346625195475 0.07794744529682995
-0.004721346625195475 -0.07794744529682995
0.010354372775795134 0.07450700511008858
0.010354372775795134 -0.07450700511008858
-0.029706650163554373 0.06333644873813045
-0.029706650163554373 -0.06333644873813045
-0.03926992058574472 0.056739128256485014
-0.03926992058574472 -0.056739128256485014
0.052544815234258836 0.04276651632369659
0.052544815234258836 -0.04276651632369659
0.07157246696694042 0.017018264503035948
0.07157246696694042 -0.017018264503035948
0.005565998748115352 0.07026109526706528
0.005565998748115352 -0.07026109526706528
0.0684632442708749 0.01015269103332045
0.0684632442708749 -0.01015269103332045
-0.01292888553339172 0.06846519579689829
-0.01292888553339172 -0.06846519579689829
0.06602078749951013 0.016917854739891422
0.06602078749951013 -0.016917854739891422
-0.06600605631830717 0.012386859175765859
-0.06600605631830717 -0.012386859175765859
-0.05861983191333421 0.026241781849125925
-0.05861983191333421 -0.026241781849125925
0.03897903415802935 0.0501152007845146
0.03897903415802935 -0.0501152007845146
-0.026119941188749794 0.05637327875522954
-0.026119941188749794 -0.05637327875522954
-0.0357232597497576 0.047790173976499754
-0.0357232597497576 -0.047790173976499754
-0.05252377523375942 0.017034788691218005
-0.05252377523375942 -0.017034788691218005
-0.04094147008848209 0.039655970554692534
-0.04094147008848209 -0.039655970554692534
-0.05859188433321348 0.0028409301020929003
-0.05859188433321348 -0.0028409301020929003
0.020881034259240948 0.05577130387284575
0.020881034259240948 -0.05577130387284575
-0.051151964179731446 0.0
-0.045839343259649806 0.018703033125906317
-0.045839343259649806 -0.018703033125906317
0.042139063366947935 0.03639403846138696
0.042139063366947935 -0.03639403846138696
-0.03502237205312764 0.03369534010680288
-0.03502237205312764 -0.03369534010680288
0.052535294693955445 0.01379224341747318
0.052535294693955445 -0.01379224341747318
0.0015386929313484614 0.05433174913438275
0.0015386929313484614 -0.05433174913438275
0.04045244004267406 0.028935475637010565
0.04045244004267406 -0.028935475637010565
0.032902843579925095 0.037512635256058045
0.032902843579925095 -0.037512635256058045
0.048273796900034874 0.00400739049507157
0.048273796900034874 -0.00400739049507157
-0.00928892393313166 0.04856761784053195
-0.00928892393313166 -0.04856761784053195
-0.021211179598225337 0.04432063598736961
-0.021211179598225337 -0.04432063598736961
0.02360783547131378 0.04339350363515959
0.02360783547131378 -0.04339350363515959
0.01288135021467839 0.04388600556279044
0.01288135021467839 -0.04388600556279044
-0.0038209584547651185 0.05092550404037037
-0.0038209584547651185 -0.05092550404037037
0.045107838460774326 0.0
-0.03540168198640989 0.017849226864339342
-0.03540168198640989 -0.017849226864339342
0.019062750341318248 0.03522488541178987
0.019062750341318248 -0.03522488541178987
0.03473285335887792 0.012540362159244367
0.03473285335887792 -0.012540362159244367
-0.038351856649787096 0.0
0.02899626638677705 0.009010488659694353
0.02899626638677705 -0.009010488659694353
0.0087255691636632 0.03663722201197275
0.0087255691636632 -0.03663722201197275
-0.017244573153168956 0.023460590097550107
-0.017244573153168956 -0.023460590097550107
0.023233493819124918 0.0
-0.0016143546784599934 0.029592485430977297
-0.0016143546784599934 -0.029592485430977297
-0.02877364294389207 0.0052666605310721275
-0.02877364294389207 -0.0052666605310721275
0.019111834167097358 0.019515295422904776
0.019111834167097358 -0.019515295422904776
0.011800690322101563 0.014344875081872039
0.011800690322101563 -0.014344875081872039
-0.014092980266889156 0.000495156056908703
-0.014092980266889156 -0.000495156056908703
-0.008499430000770422 0.009595880782400236
-0.008499430000770422 -0.009595880782400236
-0.003719544870370111 0.003412857322225515
-0.003719544870370111 -0.003412857322225515
