0.2712231138710558 1.743855059217692
0.2712231138710558 -1.743855059217692
-0.5027435487612152 1.6112500465900306
-0.5027435487612152 -1.6112500465900306
1.4974585168759116 0.0
-1.20195730157031 0.8559567083206641
-1.20195730157031 -0.8559567083206641
1.2070891400248558 0.0
0.983899270457093 0.39067761417804764
0.983899270457093 -0.39067761417804764
0.012498832556642525 1.0489741041552862
0.012498832556642525 -1.0489741041552862
-0.43778234215720413 0.9307283734198398
-0.43778234215720413 -0.9307283734198398
-0.6805117761803332 0.7197321124974668
-0.6805117761803332 -0.7197321124974668
-0.8190436538410841 0.5533558891840452
-0.8190436538410841 -0.5533558891840452
-0.5767154128447088 0.8066429754795016
-0.5767154128447088 -0.8066429754795016
-0.47510346782753754 0.8779409867627892
-0.47510346782753754 -0.8779409867627892
0.11377617310453342 1.0051202914619826
0.11377617310453342 -1.0051202914619826
0.4394185274405885 0.9047652420656273
0.4394185274405885 -0.9047652420656273
0.6265162185188831 0.7864286896872317
0.6265162185188831 -0.7864286896872317
0.5504312017496882 0.8218339851682932
0.5504312017496882 -0.8218339851682932
0.6928109299785283 0.6985543932681685
0.6928109299785283 -0.6985543932681685
0.6622351078686818 0.7232826305388922
0.6622351078686818 -0.7232826305388922
-0.9257629350089293 0.3598239799511902
-0.9257629350089293 -0.3598239799511902
-0.9990710550750027 0.03467193123909763
-0.9990710550750027 -0.03467193123909763
-0.6435957279111965 0.7249398741135473
-0.6435957279111965 -0.7249398741135473
-0.974114951028993 0.18872687730275395
-0.974114951028993 -0.18872687730275395
-0.6844016004989111 0.6775251725155591
-0.6844016004989111 -0.6775251725155591
-0.3131658686264541 0.938806756088667
-0.3131658686264541 -0.938806756088667
-0.7325785026007289 0.6243679318581389
-0.7325785026007289 -0.6243679318581389
0.7104810291077572 0.6676640489435526
0.7104810291077572 -0.6676640489435526
-0.8696331079183015 0.4399846877368527
-0.8696331079183015 -0.4399846877368527
0.9883947249174798 0.19068665827580117
0.9883947249174798 -0.19068665827580117
-0.7666654974301079 0.5615619917774607
-0.7666654974301079 -0.5615619917774607
0.1770942723625375 0.9806372396866218
0.1770942723625375 -0.9806372396866218
0.7640557454605457 0.5903362172707087
0.7640557454605457 -0.5903362172707087
-0.978361844858233 0.06956050387552701
-0.978361844858233 -0.06956050387552701
0.7930361803288817 0.5471532378034539
0.7930361803288817 -0.5471532378034539
-0.9319755376495426 0.28032706599006013
-0.9319755376495426 -0.28032706599006013
0.020951183253337058 0.9880172093784276
0.020951183253337058 -0.9880172093784276
0.924926336405002 0.3675656485547851
0.924926336405002 -0.3675656485547851
-0.0001573220979705081 0.9803938747496891
-0.0001573220979705081 -0.9803938747496891
-0.8843819119473262 0.3700257139730368
-0.8843819119473262 -0.3700257139730368
-0.21048613176659892 0.9480321801473154
-0.21048613176659892 -0.9480321801473154
-0.509958780114194 0.806936011235079
-0.509958780114194 -0.806936011235079
-0.5274449537094474 0.7913787606809862
-0.5274449537094474 -0.7913787606809862
0.860642499792017 0.4512285475886648
0.860642499792017 -0.4512285475886648
0.8326239486278262 0.4875231605869348
0.8326239486278262 -0.4875231605869348
-0.349674835764899 0.8908778228404666
-0.349674835764899 -0.8908778228404666
0.972874736247368 0.09493460726163531
0.972874736247368 -0.09493460726163531
0.3625437978165804 0.9048983297707861
0.3625437978165804 -0.9048983297707861
0.46456563806694967 0.8453078169760131
0.46456563806694967 -0.8453078169760131
0.9335926195084319 0.27725517049970055
0.9335926195084319 -0.27725517049970055
0.4948081200003602 0.8193454023198226
0.4948081200003602 -0.8193454023198226
0.2666730932010677 0.9318862004432118
0.2666730932010677 -0.9318862004432118
0.8809059441586022 0.3891694253048146
0.8809059441586022 -0.3891694253048146
-0.7238980481232555 0.6012286066866457
-0.7238980481232555 -0.6012286066866457
0.37285404358310686 0.8816806582801755
0.37285404358310686 -0.8816806582801755
0.5411896392374937 0.768083673198984
0.5411896392374937 -0.768083673198984
0.28189567145432537 0.9080132059441186
0.28189567145432537 -0.9080132059441186
-0.2247395877496376 0.928388410418463
-0.2247395877496376 -0.928388410418463
-0.051239487167161805 0.9501961069607487
-0.051239487167161805 -0.9501961069607487
-0.6809213688451463 0.6371025014735456
-0.6809213688451463 -0.6371025014735456
-0.44580963340342966 0.8248020240286561
-0.44580963340342966 -0.8248020240286561
-0.8398222842010749 0.41839571927128805
-0.8398222842010749 -0.41839571927128805
-0.7980984060641658 0.4851911664736696
-0.7980984060641658 -0.4851911664736696
0.9495543857604857 0.14843207664429736
0.9495543857604857 -0.14843207664429736
0.9538641530117504 0.10890057505645948
0.9538641530117504 -0.10890057505645948
0.639671976393818 0.6667892253727318
0.639671976393818 -0.6667892253727318
-0.16605862967495127 0.9316126493333455
-0.16605862967495127 -0.9316126493333455
0.18534208789815426 0.9277756912835935
0.18534208789815426 -0.9277756912835935
-0.9479064631184762 0.0866605608634946
-0.9479064631184762 -0.0866605608634946
-0.9256800066811397 0.22171035021527438
-0.9256800066811397 -0.22171035021527438
-0.9480392290342209 0.0
0.9306445269950816 0.20290051290044614
0.9306445269950816 -0.20290051290044614
-0.5321608516735713 0.7479035932207947
-0.5321608516735713 -0.7479035932207947
-0.7349405784161676 0.5446761024774472
-0.7349405784161676 -0.5446761024774472
0.7891806482141112 0.4762621540019107
0.7891806482141112 -0.4762621540019107
0.7467686341145355 0.5261526624871345
0.7467686341145355 -0.5261526624871345
0.692838811542296 0.5823162420502139
0.692838811542296 -0.5823162420502139
0.31698583437963324 0.8812223306781389
0.31698583437963324 -0.8812223306781389
0.5307729339182867 0.7378489679747605
0.5307729339182867 -0.7378489679747605
-0.34980473497026365 0.8629905581572852
-0.34980473497026365 -0.8629905581572852
-0.6466035115030646 0.6333633826840003
-0.6466035115030646 -0.6333633826840003
0.2153717418545561 0.9104444149185721
0.2153717418545561 -0.9104444149185721
-0.29336745974042877 0.8808570765687864
-0.29336745974042877 -0.8808570765687864
0.6444012953347282 0.619374644730807
0.6444012953347282 -0.619374644730807
0.8411536193161802 0.3936154227608994
0.8411536193161802 -0.3936154227608994
0.422113374741773 0.8185429288220788
0.422113374741773 -0.8185429288220788
-0.132219814923891 0.9156312893592836
-0.132219814923891 -0.9156312893592836
0.8932260906408185 0.26860533617288657
0.8932260906408185 -0.26860533617288657
-0.8595282407005482 0.331545248409073
-0.8595282407005482 -0.331545248409073
-0.8791704495656687 0.2892181531690917
-0.8791704495656687 -0.2892181531690917
0.7958751361042026 0.44267060405456427
0.7958751361042026 -0.44267060405456427
0.5755910992760344 0.6817627703669478
0.5755910992760344 -0.6817627703669478
0.5516739702129698 0.7012644601456965
0.5516739702129698 -0.7012644601456965
0.0075031900309707675 0.9239161484279762
0.0075031900309707675 -0.9239161484279762
0.8472776298428043 0.32974704322353143
0.8472776298428043 -0.32974704322353143
0.9179954015875751 0.09167543381781502
0.9179954015875751 -0.09167543381781502
-0.9018210487081031 0.20487790183747775
-0.9018210487081031 -0.20487790183747775
-0.5383206060338164 0.7223226497523293
-0.5383206060338164 -0.7223226497523293
0.08099201887953998 0.9074350463211136
0.08099201887953998 -0.9074350463211136
-0.7244935560144175 0.5304559288619515
-0.7244935560144175 -0.5304559288619515
0.9105727710539395 0.007799280334911739
0.9105727710539395 -0.007799280334911739
-0.09758087529467244 0.9010557950501323
-0.09758087529467244 -0.9010557950501323
-0.5520359142827269 0.6927580571528081
-0.5520359142827269 -0.6927580571528081
-0.23930454642924837 0.8677157721635202
-0.23930454642924837 -0.8677157721635202
-0.8558116628443493 0.2954751899520177
-0.8558116628443493 -0.2954751899520177
-0.8992503572529322 0.1373429213930691
-0.8992503572529322 -0.1373429213930691
-0.3968786620638729 0.7948347944616155
-0.3968786620638729 -0.7948347944616155
0.006805898739115641 0.9026779168628002
0.006805898739115641 -0.9026779168628002
-0.8695364362091988 0.2455828783572202
-0.8695364362091988 -0.2455828783572202
-0.47556521675600016 0.7386734441344345
-0.47556521675600016 -0.7386734441344345
-0.9045357142243334 0.0
-0.7854321179977477 0.408444332637094
-0.7854321179977477 -0.408444332637094
-0.9066232699944274 0.04327752439415919
-0.9066232699944274 -0.04327752439415919
0.6444855378498962 0.5825705427338571
0.6444855378498962 -0.5825705427338571
-0.6375770325010846 0.5877227682635173
-0.6375770325010846 -0.5877227682635173
0.5919048220484395 0.6232559229601686
0.5919048220484395 -0.6232559229601686
-0.4493892087216881 0.7410257990645736
-0.4493892087216881 -0.7410257990645736
0.16467087273443418 0.8777457539714311
0.16467087273443418 -0.8777457539714311
0.07522256850803907 0.8873347167413429
0.07522256850803907 -0.8873347167413429
0.6985724255371626 0.5132965639176467
0.6985724255371626 -0.5132965639176467
0.2596914666240998 0.8497415148812232
0.2596914666240998 -0.8497415148812232
0.522181228080935 0.6834585115821439
0.522181228080935 -0.6834585115821439
0.8853012461156043 0.13452851458136533
0.8853012461156043 -0.13452851458136533
-0.5702112096149656 0.6316038320195706
-0.5702112096149656 -0.6316038320195706
-0.3238580316235701 0.8163627953040956
-0.3238580316235701 -0.8163627953040956
0.3072190490477192 0.8230842672427653
0.3072190490477192 -0.8230842672427653
-0.4044295627230424 0.7606530769196311
-0.4044295627230424 -0.7606530769196311
-0.7301263792741705 0.46009003169674445
-0.7301263792741705 -0.46009003169674445
-0.08363499716171469 0.8633387318705696
-0.08363499716171469 -0.8633387318705696
-0.5314032107426452 0.6582025842065403
-0.5314032107426452 -0.6582025842065403
-0.1941553563291062 0.8414892003024224
-0.1941553563291062 -0.8414892003024224
-0.7714632671126249 0.3719501058564548
-0.7714632671126249 -0.3719501058564548
0.8872493820583492 0.07305821129960488
0.8872493820583492 -0.07305821129960488
0.3762486015615466 0.7794175980236576
0.3762486015615466 -0.7794175980236576
0.20734743362599864 0.8413189010755509
0.20734743362599864 -0.8413189010755509
0.8585082355037168 0.18990903134638984
0.8585082355037168 -0.18990903134638984
0.40256135404284793 0.7543703412774133
0.40256135404284793 -0.7543703412774133
0.8027590483115139 0.3348164472950924
0.8027590483115139 -0.3348164472950924
0.8698658766599124 0.0
-0.6800554592387997 0.49039897708594843
-0.6800554592387997 -0.49039897708594843
0.709754501212591 0.47375501361346206
0.709754501212591 -0.47375501361346206
0.44282244209728544 0.7246814782600312
0.44282244209728544 -0.7246814782600312
0.7251804538810569 0.4479728335025063
0.7251804538810569 -0.4479728335025063
0.6351080290188384 0.5540342897126657
0.6351080290188384 -0.5540342897126657
-0.7253487834248111 0.42508743886069694
-0.7253487834248111 -0.42508743886069694
0.4710826750292302 0.6923714526309577
0.4710826750292302 -0.6923714526309577
0.5830534613389532 0.5966536993586908
0.5830534613389532 -0.5966536993586908
0.8562945572110578 0.1267775203770843
0.8562945572110578 -0.1267775203770843
0.856494913227811 0.025385573121450018
0.856494913227811 -0.025385573121450018
-0.048983919844069 0.8498963134366198
-0.048983919844069 -0.8498963134366198
-0.23128483434751018 0.819121878195856
-0.23128483434751018 -0.819121878195856
-0.8494529479114064 0.13877544472036382
-0.8494529479114064 -0.13877544472036382
-0.7786350373608726 0.32492610051603904
-0.7786350373608726 -0.32492610051603904
-0.8096832460382881 0.26315924888037856
-0.8096832460382881 -0.26315924888037856
0.6625167160598631 0.485076133730665
0.6625167160598631 -0.485076133730665
-0.6085961646532667 0.5512896639125818
-0.6085961646532667 -0.5512896639125818
-0.3929757274801206 0.7260044984309464
-0.3929757274801206 -0.7260044984309464
-0.19101366980823453 0.8196450441300899
-0.19101366980823453 -0.8196450441300899
0.7788732731723427 0.31464270512855286
0.7788732731723427 -0.31464270512855286
-0.5693194679577862 0.5803707511793594
-0.5693194679577862 -0.5803707511793594
0.7121344871249083 0.4154511220490791
0.7121344871249083 -0.4154511220490791
0.4003879869184906 0.7072144368430684
0.4003879869184906 -0.7072144368430684
0.818400477474768 0.2074874887739341
0.818400477474768 -0.2074874887739341
0.1931129513798704 0.8163515227765444
0.1931129513798704 -0.8163515227765444
0.09368836714401665 0.8317258516422327
0.09368836714401665 -0.8317258516422327
0.809555110906268 0.22761515195135765
0.809555110906268 -0.22761515195135765
-0.7166447989033093 0.3929002709069311
-0.7166447989033093 -0.3929002709069311
-0.8244540234389948 0.17676385836097863
-0.8244540234389948 -0.17676385836097863
-0.841064295135364 0.04744858522461286
-0.841064295135364 -0.04744858522461286
-0.8260171896575618 0.1483518758606808
-0.8260171896575618 -0.1483518758606808
0.5565194521473142 0.5671899264813256
0.5565194521473142 -0.5671899264813256
0.7530225638677039 0.3443722819255172
0.7530225638677039 -0.3443722819255172
-0.6179658280440659 0.5000773797684417
-0.6179658280440659 -0.5000773797684417
-0.0997873719811514 0.8203273219785452
-0.0997873719811514 -0.8203273219785452
-0.29079948971798075 0.767570702557698
-0.29079948971798075 -0.767570702557698
0.32133493970445715 0.7384416920102047
0.32133493970445715 -0.7384416920102047
-0.8223721110230892 0.11117677993826115
-0.8223721110230892 -0.11117677993826115
-0.8283884681688201 0.007759329780147403
-0.8283884681688201 -0.007759329780147403
0.1845358346431648 0.7827100480314487
0.1845358346431648 -0.7827100480314487
0.2688699417619591 0.7504972446328877
0.2688699417619591 -0.7504972446328877
-0.20599076225824964 0.782526858542607
-0.20599076225824964 -0.782526858542607
0.8111432350788668 0.09290261431045507
0.8111432350788668 -0.09290261431045507
-0.41866561963855153 0.6746021895068354
-0.41866561963855153 -0.6746021895068354
-0.4565570681247414 0.6425592445766459
-0.4565570681247414 -0.6425592445766459
0.7644705018973446 0.27936273615987234
0.7644705018973446 -0.27936273615987234
-0.2255456020492057 0.7708280210080669
-0.2255456020492057 -0.7708280210080669
0.6072274267719335 0.47970011016048075
0.6072274267719335 -0.47970011016048075
-0.671198465409216 0.42450673449313514
-0.671198465409216 -0.42450673449313514
-0.7464717628492874 0.29609602672424035
-0.7464717628492874 -0.29609602672424035
0.7188642124429718 0.3376353833464457
0.7188642124429718 -0.3376353833464457
0.7726243632477654 0.2194777312091614
0.7726243632477654 -0.2194777312091614
-0.2591448201788981 0.7498929776870688
-0.2591448201788981 -0.7498929776870688
-0.7774204319259225 0.1727055523907086
-0.7774204319259225 -0.1727055523907086
-0.795995137206513 0.08253790810610546
-0.795995137206513 -0.08253790810610546
0.4536568714981887 0.6298485470266486
0.4536568714981887 -0.6298485470266486
0.20650255724204164 0.7686581709316561
0.20650255724204164 -0.7686581709316561
9.392331140714604e-05 0.7921556477219996
9.392331140714604e-05 -0.7921556477219996
0.5795270893172797 0.49657197528469216
0.5795270893172797 -0.49657197528469216
-0.5796483816091516 0.5142702835750257
-0.5796483816091516 -0.5142702835750257
-0.13828891542654326 0.7752627334778412
-0.13828891542654326 -0.7752627334778412
0.7947737399800107 0.0
0.6611417004186119 0.38385526366598915
0.6611417004186119 -0.38385526366598915
0.3738251533983227 0.6623260137062675
0.3738251533983227 -0.6623260137062675
0.026482507601137344 0.784422742894982
0.026482507601137344 -0.784422742894982
0.06358028439621669 0.7798649436318439
0.06358028439621669 -0.7798649436318439
0.11357243938336654 0.7764095507910119
0.11357243938336654 -0.7764095507910119
-0.7477371901313807 0.2221218411454417
-0.7477371901313807 -0.2221218411454417
-0.451694549526378 0.6076787652887692
-0.451694549526378 -0.6076787652887692
-0.5070171491964519 0.559232115953934
-0.5070171491964519 -0.559232115953934
-0.6871051704557416 0.3479111417153255
-0.6871051704557416 -0.3479111417153255
-0.7798358739500876 0.0
0.4756061931559267 0.5817532059539713
0.4756061931559267 -0.5817532059539713
-0.10527445444262246 0.7672369438782402
-0.10527445444262246 -0.7672369438782402
-0.6260504711885351 0.41600080763831165
-0.6260504711885351 -0.41600080763831165
0.42817000174457376 0.6107325748106552
0.42817000174457376 -0.6107325748106552
0.3502031078158606 0.6656099787967776
0.3502031078158606 -0.6656099787967776
0.4892506985567687 0.5464007308154585
0.4892506985567687 -0.5464007308154585
-0.27972276774767785 0.7025796743599653
-0.27972276774767785 -0.7025796743599653
0.2905027943412599 0.6972950866609118
0.2905027943412599 -0.6972950866609118
-0.4793380098050146 0.5609855780527583
-0.4793380098050146 -0.5609855780527583
0.778549779887194 0.0
-0.7048862408031815 0.2845239859774989
-0.7048862408031815 -0.2845239859774989
-0.42652262879641445 0.5958925956329022
-0.42652262879641445 -0.5958925956329022
0.7609624068697503 0.13698115693842997
0.7609624068697503 -0.13698115693842997
-0.3947417288703177 0.6156064858290197
-0.3947417288703177 -0.6156064858290197
0.5994047127432789 0.40607577040860454
0.5994047127432789 -0.40607577040860454
0.7011295456397566 0.25024520507286685
0.7011295456397566 -0.25024520507286685
0.7532320599613369 0.11864382383579472
0.7532320599613369 -0.11864382383579472
0.5048900184824073 0.500438032631132
0.5048900184824073 -0.500438032631132
0.20435527345501134 0.7257540926937863
0.20435527345501134 -0.7257540926937863
-0.5128943077193947 0.5030055621823003
-0.5128943077193947 -0.5030055621823003
-0.3372546122399668 0.6593370451534929
-0.3372546122399668 -0.6593370451534929
0.669248315316368 0.3075183292043344
0.669248315316368 -0.3075183292043344
0.3375961612823273 0.6511936959158569
0.3375961612823273 -0.6511936959158569
0.5923717116717084 0.3772828825612627
0.5923717116717084 -0.3772828825612627
0.13221127007788455 0.7414228202819436
0.13221127007788455 -0.7414228202819436
0.4055882557595972 0.5671294534167303
0.4055882557595972 -0.5671294534167303
-0.22699036833082298 0.7049041440568315
-0.22699036833082298 -0.7049041440568315
-0.2502417266216641 0.6896379932400204
-0.2502417266216641 -0.6896379932400204
-0.7310669170340974 0.07747676838563501
-0.7310669170340974 -0.07747676838563501
-0.6262821076966154 0.37281431612990806
-0.6262821076966154 -0.37281431612990806
-0.38868160862391316 0.6116955298984476
-0.38868160862391316 -0.6116955298984476
-0.07305386110471407 0.7266634609834612
-0.07305386110471407 -0.7266634609834612
0.10826522019573967 0.7277266741723535
0.10826522019573967 -0.7277266741723535
-0.5518911639554402 0.4386715535745423
-0.5518911639554402 -0.4386715535745423
-0.4787498363755939 0.5161789390184526
-0.4787498363755939 -0.5161789390184526
-0.3468888708530651 0.619603431195829
-0.3468888708530651 -0.619603431195829
-0.5925630610748631 0.382485266447945
-0.5925630610748631 -0.382485266447945
-0.5283953434917918 0.45284344438680457
-0.5283953434917918 -0.45284344438680457
-0.32581532708505856 0.6240694903235982
-0.32581532708505856 -0.6240694903235982
-0.007888819519903814 0.7280760914333849
-0.007888819519903814 -0.7280760914333849
0.23102301482753396 0.6879880319301197
0.23102301482753396 -0.6879880319301197
0.5458543331752821 0.4298883576339724
0.5458543331752821 -0.4298883576339724
-0.53863585375257 0.42678992265215165
-0.53863585375257 -0.42678992265215165
-0.7092141929891959 0.12187752710436874
-0.7092141929891959 -0.12187752710436874
0.034620007846858536 0.7237586072604689
0.034620007846858536 -0.7237586072604689
0.7296359055859711 0.0
-0.6706248999519617 0.22034435586207618
-0.6706248999519617 -0.22034435586207618
0.7125839936487975 0.13010422745923994
0.7125839936487975 -0.13010422745923994
0.7187796189790787 0.0917612362759699
0.7187796189790787 -0.0917612362759699
0.32800966508624974 0.6062739034267872
0.32800966508624974 -0.6062739034267872
0.42757051587184636 0.5252810589270192
0.42757051587184636 -0.5252810589270192
0.6773496805460668 0.22765012476357777
0.6773496805460668 -0.22765012476357777
-0.12648426314540162 0.6985944820129681
-0.12648426314540162 -0.6985944820129681
-0.20517785893276388 0.6735235223553346
-0.20517785893276388 -0.6735235223553346
-0.06859624742665135 0.6946490080690327
-0.06859624742665135 -0.6946490080690327
0.16097909622356432 0.6837437148853225
0.16097909622356432 -0.6837437148853225
0.10802705356952046 0.6908934152459341
0.10802705356952046 -0.6908934152459341
0.6991343784555839 0.02784111898383348
0.6991343784555839 -0.02784111898383348
0.5976827854785097 0.32760842826174674
0.5976827854785097 -0.32760842826174674
0.3229108509688746 0.5931116379208681
0.3229108509688746 -0.5931116379208681
0.579579423385123 0.3415398690186935
0.579579423385123 -0.3415398690186935
-0.671648695292927 0.188763613928119
-0.671648695292927 -0.188763613928119
0.6737694987209892 0.14942389151074476
0.6737694987209892 -0.14942389151074476
-0.6402333486588319 0.2575933298567067
-0.6402333486588319 -0.2575933298567067
0.4792920821396639 0.44368381426688386
0.4792920821396639 -0.44368381426688386
-0.6941190578020725 0.0
-0.433006401737714 0.4903609534712442
-0.433006401737714 -0.4903609534712442
-0.6887337205663897 0.043871181453197156
-0.6887337205663897 -0.043871181453197156
-0.5799612609130735 0.32224938996556973
-0.5799612609130735 -0.32224938996556973
-0.46204123602421754 0.44757945253632836
-0.46204123602421754 -0.44757945253632836
-0.6762184855577873 0.05838710511982823
-0.6762184855577873 -0.05838710511982823
-0.5963122587664791 0.28133080115250164
-0.5963122587664791 -0.28133080115250164
-0.5411407316259771 0.3495472247222034
-0.5411407316259771 -0.3495472247222034
-0.65318033562292 0.14834945111754097
-0.65318033562292 -0.14834945111754097
-0.32011728498850145 0.5723399761397792
-0.32011728498850145 -0.5723399761397792
0.4843333394052134 0.4245992196181352
0.4843333394052134 -0.4245992196181352
-0.6500523476350056 0.0
0.048651927959080354 0.680452989960314
0.048651927959080354 -0.680452989960314
-0.39558851628564473 0.48749680450882565
-0.39558851628564473 -0.48749680450882565
0.21214397263801088 0.6353787185644248
0.21214397263801088 -0.6353787185644248
0.6543819861494586 0.16761695037426178
0.6543819861494586 -0.16761695037426178
-0.16290778881700135 0.6447120294269364
-0.16290778881700135 -0.6447120294269364
0.14972822350564685 0.653322597379814
0.14972822350564685 -0.653322597379814
0.6217842199285555 0.22800642147718442
0.6217842199285555 -0.22800642147718442
0.6399834797005968 0.1881238106851654
0.6399834797005968 -0.1881238106851654
-0.6026557683663367 0.23638672449601125
-0.6026557683663367 -0.23638672449601125
0.6553594003486729 0.0432760633749022
0.6553594003486729 -0.0432760633749022
0.6397945380337768 0.08625840060640737
0.6397945380337768 -0.08625840060640737
0.5780303682499153 0.2699809077267289
0.5780303682499153 -0.2699809077267289
0.5205955444786021 0.34996780746632555
0.5205955444786021 -0.34996780746632555
-0.2703007375389217 0.5988401760003934
-0.2703007375389217 -0.5988401760003934
0.09399453038353414 0.648429032717056
0.09399453038353414 -0.648429032717056
0.27349164306367113 0.5772825475146919
0.27349164306367113 -0.5772825475146919
-0.09691883591802158 0.6497929580475654
-0.09691883591802158 -0.6497929580475654
0.2323213371489094 0.5957593363634355
0.2323213371489094 -0.5957593363634355
0.014636900933868241 0.6488885762661536
0.014636900933868241 -0.6488885762661536
0.31312046041431985 0.5393218175535747
0.31312046041431985 -0.5393218175535747
-0.13900220231562216 0.6284162628785362
-0.13900220231562216 -0.6284162628785362
-0.05391593822282317 0.637378226432023
-0.05391593822282317 -0.637378226432023
-0.549278513885207 0.3025290974382031
-0.549278513885207 -0.3025290974382031
-0.3597899739339435 0.499703094237303
-0.3597899739339435 -0.499703094237303
-0.19335741952213076 0.6018010293180744
-0.19335741952213076 -0.6018010293180744
-0.635490082322163 0.0
-0.5822895709920601 0.2123632241652585
-0.5822895709920601 -0.2123632241652585
-0.6149295141106905 0.10781807645638693
-0.6149295141106905 -0.10781807645638693
-0.47750089861598566 0.3691583402219171
-0.47750089861598566 -0.3691583402219171
-0.6200706091104405 0.05414332232094051
-0.6200706091104405 -0.05414332232094051
0.3879747690749874 0.4691190574193113
0.3879747690749874 -0.4691190574193113
0.47916343340125794 0.3717403930521967
0.47916343340125794 -0.3717403930521967
-0.24707912296609458 0.5539764560561482
-0.24707912296609458 -0.5539764560561482
-0.5513444901951773 0.22543863526402844
-0.5513444901951773 -0.22543863526402844
0.5738236977595095 0.2110728031095322
0.5738236977595095 -0.2110728031095322
0.297538839564515 0.517635534297345
0.297538839564515 -0.517635534297345
0.4268245484621436 0.4074893953233611
0.4268245484621436 -0.4074893953233611
-0.564898836550132 0.1798760403085113
-0.564898836550132 -0.1798760403085113
0.6075427173084833 0.013913185920237103
0.6075427173084833 -0.013913185920237103
0.5151154800332037 0.3015501403587046
0.5151154800332037 -0.3015501403587046
0.2816441695950191 0.5201038398016343
0.2816441695950191 -0.5201038398016343
-0.4789847725153834 0.30778895792258243
-0.4789847725153834 -0.30778895792258243
-0.3270156676045701 0.4678124520304019
-0.3270156676045701 -0.4678124520304019
-0.18288135551494572 0.5738843362809717
-0.18288135551494572 -0.5738843362809717
-0.40316752099282704 0.39492629618758307
-0.40316752099282704 -0.39492629618758307
0.14274044495879637 0.5871081879463786
0.14274044495879637 -0.5871081879463786
0.2130026103019923 0.5550232201106867
0.2130026103019923 -0.5550232201106867
-0.0554768842372428 0.5967573259184819
-0.0554768842372428 -0.5967573259184819
0.37154466675874676 0.432447201826407
0.37154466675874676 -0.432447201826407
-0.41320035803594396 0.3692011596564024
-0.41320035803594396 -0.3692011596564024
-0.005508603544524813 0.5994967222612217
-0.005508603544524813 -0.5994967222612217
0.4460056618042574 0.3535932085971768
0.4460056618042574 -0.3535932085971768
0.32936273251041537 0.4664693012573616
0.32936273251041537 -0.4664693012573616
0.055980928956071443 0.5928966435628605
0.055980928956071443 -0.5928966435628605
-0.5568725055257504 0.06775049463303108
-0.5568725055257504 -0.06775049463303108
-0.5472247576314919 0.08834906107364314
-0.5472247576314919 -0.08834906107364314
-0.54955374876195 0.0
-0.44415607206829755 0.3195147143594993
-0.44415607206829755 -0.3195147143594993
-0.3128658962809052 0.45937639202595715
-0.3128658962809052 -0.45937639202595715
-0.4794407694901027 0.25105794155539574
-0.4794407694901027 -0.25105794155539574
-0.2309455431585145 0.5098326271382978
-0.2309455431585145 -0.5098326271382978
-0.26476016305149985 0.47177921176638377
-0.26476016305149985 -0.47177921176638377
-0.19307046103978975 0.5171205790511602
-0.19307046103978975 -0.5171205790511602
0.5809899821189456 0.051753998142696586
0.5809899821189456 -0.051753998142696586
0.17549011740732096 0.5329225148842193
0.17549011740732096 -0.5329225148842193
0.1342016390174317 0.543400896544347
0.1342016390174317 -0.543400896544347
0.5715827127884803 0.10572083848144583
0.5715827127884803 -0.10572083848144583
0.5227535086050904 0.24671506153251854
0.5227535086050904 -0.24671506153251854
0.5303885940651936 0.2152454082695814
0.5303885940651936 -0.2152454082695814
0.5601992312744342 0.09559296694542835
0.5601992312744342 -0.09559296694542835
0.26690394180796373 0.4784457246320481
0.26690394180796373 -0.4784457246320481
0.3052017958374781 0.4582109286250998
0.3052017958374781 -0.4582109286250998
0.5591748632583421 0.0
0.5435836993771225 0.1463516572284612
0.5435836993771225 -0.1463516572284612
-0.09563350277525795 0.5412425953890555
-0.09563350277525795 -0.5412425953890555
0.36822022597411497 0.4032636066375673
0.36822022597411497 -0.4032636066375673
0.46243532475201776 0.2859824092454163
0.46243532475201776 -0.2859824092454163
0.40118477468036107 0.3504423608501115
0.40118477468036107 -0.3504423608501115
0.5072683343384438 0.19228382500172378
0.5072683343384438 -0.19228382500172378
-0.5416214159108247 0.0
-0.3042444493811753 0.4214255622984753
-0.3042444493811753 -0.4214255622984753
-0.36904933602771905 0.35716809464859245
-0.36904933602771905 -0.35716809464859245
0.08145457881045469 0.5333386541013768
0.08145457881045469 -0.5333386541013768
0.5228906606221306 0.0
-0.5076419955306893 0.142072389951128
-0.5076419955306893 -0.142072389951128
0.16218963810719766 0.5078269141691828
0.16218963810719766 -0.5078269141691828
-0.3909421343876789 0.3094047721432513
-0.3909421343876789 -0.3094047721432513
0.015312656766633598 0.5325302390138358
0.015312656766633598 -0.5325302390138358
-0.015069621826548293 0.5333117357161264
-0.015069621826548293 -0.5333117357161264
-0.03766827009645164 0.5277696564164981
-0.03766827009645164 -0.5277696564164981
-0.4822401981492277 0.1766520877075746
-0.4822401981492277 -0.1766520877075746
-0.19051634142704044 0.4724992708085754
-0.19051634142704044 -0.4724992708085754
0.04857655688660541 0.5193291047880543
0.04857655688660541 -0.5193291047880543
-0.44521113148984137 0.2228835940794844
-0.44521113148984137 -0.2228835940794844
-0.47913666926150567 0.14095116837435523
-0.47913666926150567 -0.14095116837435523
-0.49113977475911963 0.07863067507376158
-0.49113977475911963 -0.07863067507376158
-0.39470981492946106 0.29329579780558923
-0.39470981492946106 -0.29329579780558923
0.22329521915706374 0.4513539285427235
0.22329521915706374 -0.4513539285427235
-0.0974508977639569 0.4990367745475662
-0.0974508977639569 -0.4990367745475662
0.2538506314046678 0.4166812649239748
0.2538506314046678 -0.4166812649239748
0.38833624289343455 0.3004578972978187
0.38833624289343455 -0.3004578972978187
0.43107878926071364 0.23835504371437707
0.43107878926071364 -0.23835504371437707
-0.2389188276413508 0.4079189327332947
-0.2389188276413508 -0.4079189327332947
0.4541172859082524 0.19569034516534467
0.4541172859082524 -0.19569034516534467
0.488142232350948 0.09943506122766327
0.488142232350948 -0.09943506122766327
-0.40379456592239166 0.24226612845072484
-0.40379456592239166 -0.24226612845072484
0.4903140314667563 0.052116080644816515
0.4903140314667563 -0.052116080644816515
0.3216948610093656 0.33861351563036657
0.3216948610093656 -0.33861351563036657
-0.08976496477917847 0.469676818039548
-0.08976496477917847 -0.469676818039548
0.29579437169841805 0.3438014839516264
0.29579437169841805 -0.3438014839516264
0.45907371884849874 0.13286551534315644
0.45907371884849874 -0.13286551534315644
-0.019252469959720478 0.4719532241835631
-0.019252469959720478 -0.4719532241835631
0.42526223775699695 0.19349153766914887
0.42526223775699695 -0.19349153766914887
-0.4656457846041864 0.0
0.11181487005570442 0.44167244164153696
0.11181487005570442 -0.44167244164153696
0.46815518032381104 0.0
-0.15508450300409526 0.42510723699182335
-0.15508450300409526 -0.42510723699182335
-0.4223950201836085 0.15956258809173662
-0.4223950201836085 -0.15956258809173662
0.4495771923675665 0.06501651956616408
0.4495771923675665 -0.06501651956616408
-0.2705540290156295 0.33955607373373975
-0.2705540290156295 -0.33955607373373975
0.30913227558215384 0.29357828039649536
0.30913227558215384 -0.29357828039649536
0.18248364553419028 0.39573348729754226
0.18248364553419028 -0.39573348729754226
0.2500803915778149 0.3433883121552578
0.2500803915778149 -0.3433883121552578
0.1089978460492431 0.4295838430334471
0.1089978460492431 -0.4295838430334471
0.3644213209093291 0.23098779236048644
0.3644213209093291 -0.23098779236048644
0.3749681433296017 0.19313161381060243
0.3749681433296017 -0.19313161381060243
-0.06474022922975059 0.43200795670137837
-0.06474022922975059 -0.43200795670137837
-0.13543581831294438 0.41619006276509646
-0.13543581831294438 -0.41619006276509646
-0.19078188707990085 0.37794328549453776
-0.19078188707990085 -0.37794328549453776
-0.2696979129843119 0.32454525071920876
-0.2696979129843119 -0.32454525071920876
-0.42119027652464924 0.13238036013188423
-0.42119027652464924 -0.13238036013188423
-0.3837148227161405 0.18123115127501555
-0.3837148227161405 -0.18123115127501555
-0.35113491293477817 0.21053780772958924
-0.35113491293477817 -0.21053780772958924
-0.41777565638630354 0.07084528852655392
-0.41777565638630354 -0.07084528852655392
-0.42243582669717017 0.09603758283215208
-0.42243582669717017 -0.09603758283215208
-0.40066647648989034 0.0
0.0043174431804860434 0.4273168105021718
0.0043174431804860434 -0.4273168105021718
-0.296213231995728 0.28282950752083114
-0.296213231995728 -0.28282950752083114
0.051711939345761904 0.42408919729002975
0.051711939345761904 -0.42408919729002975
-0.17483660930490202 0.3589778534019938
-0.17483660930490202 -0.3589778534019938
0.1642881091007326 0.3650816959018689
0.1642881091007326 -0.3650816959018689
0.2805980882889352 0.2731779282881299
0.2805980882889352 -0.2731779282881299
0.3994916222160735 0.11826475857810037
0.3994916222160735 -0.11826475857810037
-0.29365570865615276 0.2530092357233272
-0.29365570865615276 -0.2530092357233272
0.3228706798836924 0.2094353356528551
0.3228706798836924 -0.2094353356528551
0.2608218072056744 0.27641826087123056
0.2608218072056744 -0.27641826087123056
0.40406479388904604 0.04045635728986754
0.40406479388904604 -0.04045635728986754
-0.36875430665884534 0.1452313782652013
-0.36875430665884534 -0.1452313782652013
-0.12640054481090662 0.35747674681911373
-0.12640054481090662 -0.35747674681911373
-0.36636912050623843 0.0
-0.23249791379241486 0.29610752239311816
-0.23249791379241486 -0.29610752239311816
-0.05313636038429319 0.37266009206987283
-0.05313636038429319 -0.37266009206987283
0.03560977442227041 0.380209482546831
0.03560977442227041 -0.380209482546831
0.1185128868316282 0.3542105667956592
0.1185128868316282 -0.3542105667956592
0.2160417671984864 0.2830672241969329
0.2160417671984864 -0.2830672241969329
-0.1978750678011313 0.30740960513768384
-0.1978750678011313 -0.30740960513768384
0.17936531062441424 0.3141541190253853
0.17936531062441424 -0.3141541190253853
0.3568300926724245 0.09550231490374556
0.3568300926724245 -0.09550231490374556
-0.2887416188188535 0.20990167450599737
-0.2887416188188535 -0.20990167450599737
0.319159441630609 0.1668820964053803
0.319159441630609 -0.1668820964053803
-0.3255846751148501 0.1377000744878187
-0.3255846751148501 -0.1377000744878187
0.3585524625255615 0.038225086665143286
0.3585524625255615 -0.038225086665143286
0.12615047346985214 0.33206931436430753
0.12615047346985214 -0.33206931436430753
-0.3503090412654831 0.02435483898698968
-0.3503090412654831 -0.02435483898698968
0.06505793715936817 0.3499340109338759
0.06505793715936817 -0.3499340109338759
-0.22214660571781883 0.24602981717797306
-0.22214660571781883 -0.24602981717797306
0.2800770575519017 0.16969841065877092
0.2800770575519017 -0.16969841065877092
0.0032544430902652073 0.3507540594428025
0.0032544430902652073 -0.3507540594428025
0.3049635121824561 0.13115194112578493
0.3049635121824561 -0.13115194112578493
-0.18719820925154307 0.26788269811411997
-0.18719820925154307 -0.26788269811411997
0.20963976241120863 0.24478464913672002
0.20963976241120863 -0.24478464913672002
-0.33536404532684594 0.0
-0.27074934648027843 0.14593583580940558
-0.27074934648027843 -0.14593583580940558
-0.20253046197608426 0.23594614745487702
-0.20253046197608426 -0.23594614745487702
-0.09315588842276859 0.2945349196914227
-0.09315588842276859 -0.2945349196914227
0.31179914677902343 0.0
0.15435987053490655 0.2629360737538798
0.15435987053490655 -0.2629360737538798
-0.05636640511421599 0.32251393350560564
-0.05636640511421599 -0.32251393350560564
0.25715317570265595 0.15931165184795945
0.25715317570265595 -0.15931165184795945
0.18021652378251052 0.21764224368512847
0.18021652378251052 -0.21764224368512847
0.30208056952928286 0.07840321242252238
0.30208056952928286 -0.07840321242252238
0.07056461750396302 0.29192906882543435
0.07056461750396302 -0.29192906882543435
0.27790973871913394 0.049476417402035046
0.27790973871913394 -0.049476417402035046
0.21020148726247623 0.17391245777349254
0.21020148726247623 -0.17391245777349254
-0.028533494230347893 0.2975924155463313
-0.028533494230347893 -0.2975924155463313
0.10612395672416851 0.26321123029010507
0.10612395672416851 -0.26321123029010507
-0.2976301183660722 0.0
-0.06929695014479426 0.2845506301814786
-0.06929695014479426 -0.2845506301814786
-0.27213798133593414 0.07768614232521456
-0.27213798133593414 -0.07768614232521456
-0.2812986999223266 0.05063526821250092
-0.2812986999223266 -0.05063526821250092
-0.14941480373963517 0.23293020475247647
-0.14941480373963517 -0.23293020475247647
-0.23111911305228622 0.13512652416854334
-0.23111911305228622 -0.13512652416854334
0.06869084851262203 0.25134058185267394
0.06869084851262203 -0.25134058185267394
0.24935639355147388 0.0
-0.19172845864736898 0.16551917993984486
-0.19172845864736898 -0.16551917993984486
0.19599486002330355 0.11629660348592272
0.19599486002330355 -0.11629660348592272
0.1259264118260493 0.19261685911932103
0.1259264118260493 -0.19261685911932103
-0.06165178779463504 0.2507664692976778
-0.06165178779463504 -0.2507664692976778
0.20744512069687843 0.04431235297592014
0.20744512069687843 -0.04431235297592014
-0.2370924316263727 0.04877000691886507
-0.2370924316263727 -0.04877000691886507
0.04404437932330294 0.21861621432713874
0.04404437932330294 -0.21861621432713874
-0.25386161726213063 0.0
0.1480929263484068 0.1478752366157041
0.1480929263484068 -0.1478752366157041
-0.23851624804639876 0.0
-0.059562972061045716 0.211903370304528
-0.059562972061045716 -0.211903370304528
-0.14747266811811682 0.14920527225824667
-0.14747266811811682 -0.14920527225824667
-0.03367953029733044 0.20926899303347452
-0.03367953029733044 -0.20926899303347452
-0.0900719580555854 0.18347495168717246
-0.0900719580555854 -0.18347495168717246
-0.178429263659738 0.06944791484331612
-0.178429263659738 -0.06944791484331612
0.20301365229441629 0.0
0.18431259063543481 0.08166612845058922
0.18431259063543481 -0.08166612845058922
-0.12450018744122311 0.1204500282261178
-0.12450018744122311 -0.1204500282261178
0.023734933649507003 0.15902646518618174
0.023734933649507003 -0.15902646518618174
0.04788886893895451 0.13558151087878592
0.04788886893895451 -0.13558151087878592
0.09892944774891674 0.10348771801471325
0.09892944774891674 -0.10348771801471325
-0.16668851636297044 0.0
-0.15699730656331812 0.022609772795394494
-0.15699730656331812 -0.022609772795394494
0.1439238641890825 0.0
-0.027158753817618304 0.13672735040924752
-0.027158753817618304 -0.13672735040924752
-0.11675175302062576 0.05410296398930105
-0.11675175302062576 -0.05410296398930105
0.10633722102098288 0.0
0.10333534657137419 0.048680157894766055
0.10333534657137419 -0.048680157894766055
0.02626931036566025 0.10896040674310846
0.02626931036566025 -0.10896040674310846
-0.058074021364900655 0.0735736440792596
-0.058074021364900655 -0.0735736440792596
-0.04666521483389034 0.05479179045583869
-0.04666521483389034 -0.05479179045583869
0.04362409772353207 0.07191853326607907
0.04362409772353207 -0.07191853326607907
0.04502153303040549 0.0
-0.013395397519663416 0.02696899651719242
-0.013395397519663416 -0.02696899651719242
0.023200010226262023 0.015834392597996686
0.023200010226262023 -0.015834392597996686
-0.048888723552088884 0.0
