0.1800729075426083 1.5253890612960777
0.1800729075426083 -1.5253890612960777
1.3883980330382917 0.0
-1.059474097995928 0.33277027569687906
-1.059474097995928 -0.33277027569687906
0.9221569604176296 0.5440350298799023
0.9221569604176296 -0.5440350298799023
-0.30349694112386694 1.065436095137449
-0.30349694112386694 -1.065436095137449
-0.7168744079780649 0.7980971127380678
-0.7168744079780649 -0.7980971127380678
-1.0354710115292707 0.0
-0.9437284160261046 0.3842933365552106
-0.9437284160261046 -0.3842933365552106
-0.528307877078263 0.8872145013532049
-0.528307877078263 -0.8872145013532049
-0.8878482238271487 0.48388101865507616
-0.8878482238271487 -0.48388101865507616
-0.7389892154257118 0.7028156579967386
-0.7389892154257118 -0.7028156579967386
-0.9740282339843829 0.2094695568439584
-0.9740282339843829 -0.2094695568439584
-0.9759889308601952 0.1643178072195239
-0.9759889308601952 -0.1643178072195239
-0.625991697220255 0.7956505409839353
-0.625991697220255 -0.7956505409839353
1.0015974789659343 0.2277583161691865
1.0015974789659343 -0.2277583161691865
0.9167596659402253 0.4345222716228749
0.9167596659402253 -0.4345222716228749
-0.8529175285182797 0.46418368688785666
-0.8529175285182797 -0.46418368688785666
-0.757058125937329 0.6199041782265368
-0.757058125937329 -0.6199041782265368
-0.2874346065319765 0.9621701682857138
-0.2874346065319765 -0.9621701682857138
0.13041074711590894 1.0024565796349485
0.13041074711590894 -1.0024565796349485
0.33988422102387594 0.9479031151745229
0.33988422102387594 -0.9479031151745229
0.0198147055975261 0.9981552243761829
0.0198147055975261 -0.9981552243761829
0.9856975047628899 0.06403262188583601
0.9856975047628899 -0.06403262188583601
0.4121776370624929 0.911866860806143
0.4121776370624929 -0.911866860806143
0.9487881092294157 0.2686564365323338
0.9487881092294157 -0.2686564365323338
0.4722700315740411 0.8792787770434531
0.4722700315740411 -0.8792787770434531
0.6474337987958085 0.7462842339647123
0.6474337987958085 -0.7462842339647123
-0.047197196406350506 0.9877246631327916
-0.047197196406350506 -0.9877246631327916
0.5824789096089651 0.7979631913722612
0.5824789096089651 -0.7979631913722612
0.6891405284070644 0.7034923942291089
0.6891405284070644 -0.7034923942291089
-0.5413072134311501 0.8121100212950053
-0.5413072134311501 -0.8121100212950053
0.7521926784145363 0.6344021845578962
0.7521926784145363 -0.6344021845578962
0.4558633744789632 0.8676084008365251
0.4558633744789632 -0.8676084008365251
0.9705091141594276 0.0
0.8121223043695928 0.5335765236861616
0.8121223043695928 -0.5335765236861616
-0.7910324064000774 0.5409147499690871
-0.7910324064000774 -0.5409147499690871
-0.27408451844080767 0.9485734460021799
-0.27408451844080767 -0.9485734460021799
-0.6854530531601661 0.6711038997381391
-0.6854530531601661 -0.6711038997381391
0.5417978544121325 0.8016710836837211
0.5417978544121325 -0.8016710836837211
0.7469358990397899 0.5969518574442194
0.7469358990397899 -0.5969518574442194
0.6908035321173651 0.6615228201801239
0.6908035321173651 -0.6615228201801239
-0.5909117188639055 0.7480012650722433
-0.5909117188639055 -0.7480012650722433
0.6726544645658215 0.6706136180799283
0.6726544645658215 -0.6706136180799283
0.2267519333922549 0.9540364988401945
0.2267519333922549 -0.9540364988401945
0.752511109202517 0.5621427544278752
0.752511109202517 -0.5621427544278752
-0.724196482897244 0.6040488359266557
-0.724196482897244 -0.6040488359266557
0.5594258685915963 0.752525324215434
0.5594258685915963 -0.752525324215434
0.2674660643303268 0.9370253907216515
0.2674660643303268 -0.9370253907216515
0.7910937439295993 0.5199138048446925
0.7910937439295993 -0.5199138048446925
0.9063668134723963 0.3237796772787073
0.9063668134723963 -0.3237796772787073
0.9575717878858034 0.12339903234263368
0.9575717878858034 -0.12339903234263368
0.4746512994830906 0.8277165120077687
0.4746512994830906 -0.8277165120077687
0.8732363792781206 0.3722485121526994
0.8732363792781206 -0.3722485121526994
-0.41207667394804837 0.8719159824944783
-0.41207667394804837 -0.8719159824944783
-0.09308978564733489 0.9659329009614702
-0.09308978564733489 -0.9659329009614702
-0.14865268287779734 0.9583408604592369
-0.14865268287779734 -0.9583408604592369
0.1841153591971856 0.9373440037730525
0.1841153591971856 -0.9373440037730525
-0.36703150114256566 0.8794631370648522
-0.36703150114256566 -0.8794631370648522
-0.9165106084599157 0.2978851341067274
-0.9165106084599157 -0.2978851341067274
-0.5459146604040385 0.7593960801837292
-0.5459146604040385 -0.7593960801837292
0.5321828857928671 0.7475737474689615
0.5321828857928671 -0.7475737474689615
-0.9562075370266478 0.0
0.11448769576009901 0.9407369381581431
0.11448769576009901 -0.9407369381581431
-0.8147343228115096 0.47235459262582474
-0.8147343228115096 -0.47235459262582474
-0.8565075056472689 0.4055315167783263
-0.8565075056472689 -0.4055315167783263
0.84396738323018 0.38997789278510797
0.84396738323018 -0.38997789278510797
-0.24497699938714537 0.9200467327892261
-0.24497699938714537 -0.9200467327892261
-0.7440899163160336 0.5493071244211639
-0.7440899163160336 -0.5493071244211639
0.8065479472349188 0.4481902158747057
0.8065479472349188 -0.4481902158747057
-0.9388719385761397 0.12571211695662746
-0.9388719385761397 -0.12571211695662746
-0.942492882096902 0.06299975034824593
-0.942492882096902 -0.06299975034824593
0.791717681693634 0.4570139001075363
0.791717681693634 -0.4570139001075363
-0.08962419659979334 0.9417708192913029
-0.08962419659979334 -0.9417708192913029
-0.9197355926165126 0.19751696777451871
-0.9197355926165126 -0.19751696777451871
-0.9002194489419437 0.25474251716542545
-0.9002194489419437 -0.25474251716542545
-0.6474149924221176 0.6464660347480109
-0.6474149924221176 -0.6464660347480109
0.3236743235135321 0.8794384916724969
0.3236743235135321 -0.8794384916724969
0.9235518029752973 0.16706811102719984
0.9235518029752973 -0.16706811102719984
0.5678139677482013 0.7101653443015981
0.5678139677482013 -0.7101653443015981
0.6727801742397115 0.5994544718419179
0.6727801742397115 -0.5994544718419179
0.7314517554336589 0.5281631988709267
0.7314517554336589 -0.5281631988709267
-0.6840047734098513 0.5958649339554833
-0.6840047734098513 -0.5958649339554833
0.3607093117576137 0.8572583515580274
0.3607093117576137 -0.8572583515580274
0.4979434182830986 0.7592482633505399
0.4979434182830986 -0.7592482633505399
0.9033836308288132 0.21566172403133824
0.9033836308288132 -0.21566172403133824
0.6625460484255727 0.6011275921641809
0.6625460484255727 -0.6011275921641809
-0.8762550307209742 0.291614967972202
-0.8762550307209742 -0.291614967972202
-0.9220433153753249 0.042433256176562587
-0.9220433153753249 -0.042433256176562587
-0.3557693099767997 0.8546084741355132
-0.3557693099767997 -0.8546084741355132
-0.5897791944109061 0.6709146681530569
-0.5897791944109061 -0.6709146681530569
-0.010587040398670533 0.9306133821931496
-0.010587040398670533 -0.9306133821931496
-0.9084532686916464 0.0
0.9253979873661856 0.10659237490526521
0.9253979873661856 -0.10659237490526521
0.8632149511580098 0.32661026199941284
0.8632149511580098 -0.32661026199941284
0.6083889811606559 0.6458811916349759
0.6083889811606559 -0.6458811916349759
-0.8381491551969871 0.37087189973783835
-0.8381491551969871 -0.37087189973783835
0.41373984538293485 0.8212874021637999
0.41373984538293485 -0.8212874021637999
-0.9063353653244063 0.1376063027375165
-0.9063353653244063 -0.1376063027375165
0.8589580980860003 0.24862737925233705
0.8589580980860003 -0.24862737925233705
0.8933786346678969 0.0800608836573025
0.8933786346678969 -0.0800608836573025
-0.7787849544298249 0.44919128242737677
-0.7787849544298249 -0.44919128242737677
0.8139656580084873 0.34408854711621556
0.8139656580084873 -0.34408854711621556
-0.7528567160453924 0.48353733153857303
-0.7528567160453924 -0.48353733153857303
-0.24296010757827588 0.8857996863832994
-0.24296010757827588 -0.8857996863832994
-0.4265210320151721 0.7960909713325851
-0.4265210320151721 -0.7960909713325851
-0.5984596693863413 0.6444869318282614
-0.5984596693863413 -0.6444869318282614
-0.4786116197158183 0.7535546479873695
-0.4786116197158183 -0.7535546479873695
0.12366264502893784 0.8950476079143501
0.12366264502893784 -0.8950476079143501
0.17267092642869608 0.8882924022170222
0.17267092642869608 -0.8882924022170222
-0.09399522601149457 0.8992147294103984
-0.09399522601149457 -0.8992147294103984
0.21473858905487087 0.8733995530359137
0.21473858905487087 -0.8733995530359137
-0.15388288669638 0.8925512569324163
-0.15388288669638 -0.8925512569324163
-0.3782680861023253 0.8130771318391533
-0.3782680861023253 -0.8130771318391533
-0.8510918342821077 0.2737120156369061
-0.8510918342821077 -0.2737120156369061
0.31014681318712045 0.8392443548793656
0.31014681318712045 -0.8392443548793656
-0.5462083241896667 0.6719439564683716
-0.5462083241896667 -0.6719439564683716
-0.26707773790857037 0.8503901349672112
-0.26707773790857037 -0.8503901349672112
-0.8172522728325098 0.3319649198745351
-0.8172522728325098 -0.3319649198745351
-0.41970874597097885 0.7715359193255297
-0.41970874597097885 -0.7715359193255297
0.8980748807044977 0.0
0.8866556360448652 0.12968122945748095
0.8866556360448652 -0.12968122945748095
-0.6691866567352378 0.5365038557982469
-0.6691866567352378 -0.5365038557982469
-0.22129641370880823 0.8613368322163998
-0.22129641370880823 -0.8613368322163998
0.5553995033010013 0.6549352149815898
0.5553995033010013 -0.6549352149815898
0.7345075947370557 0.4478640150230131
0.7345075947370557 -0.4478640150230131
-0.8785099260698772 0.03259577567215445
-0.8785099260698772 -0.03259577567215445
-0.82172593790298 0.2997815740583984
-0.82172593790298 -0.2997815740583984
0.4574881221406738 0.7321013774888024
0.4574881221406738 -0.7321013774888024
-0.024766072035522058 0.8840604089245813
-0.024766072035522058 -0.8840604089245813
-0.14799452145458258 0.8748274015206006
-0.14799452145458258 -0.8748274015206006
0.5333851377130243 0.662694065579576
0.5333851377130243 -0.662694065579576
-0.5580969524585413 0.6151918431738999
-0.5580969524585413 -0.6151918431738999
0.6291821767190953 0.5472742820765053
0.6291821767190953 -0.5472742820765053
-0.2800338095834965 0.8286083148039416
-0.2800338095834965 -0.8286083148039416
-0.1927798289117157 0.855643948798665
-0.1927798289117157 -0.855643948798665
0.02495205955581794 0.8758012375150102
0.02495205955581794 -0.8758012375150102
0.25504580871882865 0.8348142275386247
0.25504580871882865 -0.8348142275386247
0.8244961342320611 0.2597414892231447
0.8244961342320611 -0.2597414892231447
0.8074178472244289 0.288145014316833
0.8074178472244289 -0.288145014316833
0.833770120298311 0.20241217552664176
0.833770120298311 -0.20241217552664176
0.31571714404362383 0.802458989157412
0.31571714404362383 -0.802458989157412
0.7687900967237873 0.34991821174767646
0.7687900967237873 -0.34991821174767646
-0.493398668259701 0.6700060601879434
-0.493398668259701 -0.6700060601879434
0.8517690754920177 0.07059796378653173
0.8517690754920177 -0.07059796378653173
0.27959746364195714 0.8127503537228375
0.27959746364195714 -0.8127503537228375
0.3693555666087027 0.7627415262051813
0.3693555666087027 -0.7627415262051813
-0.7545703005931876 0.3706282343612723
-0.7545703005931876 -0.3706282343612723
-0.8327493843335387 0.11861086098834729
-0.8327493843335387 -0.11861086098834729
-0.8004543154406811 0.2661269853944508
-0.8004543154406811 -0.2661269853944508
-0.6941877011529021 0.44764619774254244
-0.6941877011529021 -0.44764619774254244
-0.4399733322984857 0.7077253754264763
-0.4399733322984857 -0.7077253754264763
-0.655938376276755 0.49118948830783715
-0.655938376276755 -0.49118948830783715
-0.8077661718547984 0.2233529684744167
-0.8077661718547984 -0.2233529684744167
-0.35822731035693833 0.7595868789993755
-0.35822731035693833 -0.7595868789993755
-0.412020541808276 0.7210229345718913
-0.412020541808276 -0.7210229345718913
0.6745493594562519 0.48428967863713274
0.6745493594562519 -0.48428967863713274
0.10069033279295092 0.8368520243102753
0.10069033279295092 -0.8368520243102753
-0.586301123310285 0.5657775801441206
-0.586301123310285 -0.5657775801441206
-0.8302802729720736 0.07231747384028414
-0.8302802729720736 -0.07231747384028414
-0.618651400256945 0.5224917612059596
-0.618651400256945 -0.5224917612059596
-0.8116176597045277 0.16350996044352376
-0.8116176597045277 -0.16350996044352376
-0.30109236470747514 0.7759549072457261
-0.30109236470747514 -0.7759549072457261
0.5936801699352792 0.5597121060122585
0.5936801699352792 -0.5597121060122585
0.45200893542900344 0.6919121196157144
0.45200893542900344 -0.6919121196157144
0.05246618559742694 0.8291195397015013
0.05246618559742694 -0.8291195397015013
0.4212378826565727 0.7047071826357264
0.4212378826565727 -0.7047071826357264
0.6852882985697273 0.425259493126893
0.6852882985697273 -0.425259493126893
0.8209298028693417 0.15468392814078602
0.8209298028693417 -0.15468392814078602
0.8372058055351004 0.006433697886256913
0.8372058055351004 -0.006433697886256913
-0.8239175367479241 0.026700524654104028
-0.8239175367479241 -0.026700524654104028
-0.648694785647023 0.4616942785945998
-0.648694785647023 -0.4616942785945998
-0.49981403264765956 0.5998680443174992
-0.49981403264765956 -0.5998680443174992
0.1165492706742397 0.8195673648585395
0.1165492706742397 -0.8195673648585395
0.7303221032937139 0.36826523037507153
0.7303221032937139 -0.36826523037507153
0.6562369699175792 0.4501190730073614
0.6562369699175792 -0.4501190730073614
0.8088461186967539 0.18361722821245624
0.8088461186967539 -0.18361722821245624
0.6038386970285882 0.5060241790801421
0.6038386970285882 -0.5060241790801421
0.5042761853484388 0.6014927844093776
0.5042761853484388 -0.6014927844093776
-0.08588085735203022 0.8167479744465387
-0.08588085735203022 -0.8167479744465387
0.16025050124706852 0.8051119243947356
0.16025050124706852 -0.8051119243947356
-0.20280241938547838 0.787141900512088
-0.20280241938547838 -0.787141900512088
-0.7732096940733579 0.22043415803114108
-0.7732096940733579 -0.22043415803114108
-0.7346773494677172 0.2959382470726254
-0.7346773494677172 -0.2959382470726254
-0.7917874542378512 0.05828560270298754
-0.7917874542378512 -0.05828560270298754
-0.276779361097122 0.754657475295197
-0.276779361097122 -0.754657475295197
-0.6994849304230281 0.36345363870401504
-0.6994849304230281 -0.36345363870401504
-0.6594930813346469 0.41980091872847314
-0.6594930813346469 -0.41980091872847314
-0.33124793176761147 0.7237449132788302
-0.33124793176761147 -0.7237449132788302
-0.4042997930321205 0.6783358097742406
-0.4042997930321205 -0.6783358097742406
-0.4594154591993255 0.6278600301593575
-0.4594154591993255 -0.6278600301593575
-0.5785056821609269 0.5131246515799318
-0.5785056821609269 -0.5131246515799318
-0.43542528296650096 0.6477114079962952
-0.43542528296650096 -0.6477114079962952
0.34157622141618404 0.73079980522805
0.34157622141618404 -0.73079980522805
0.28278882102832936 0.7497169603783765
0.28278882102832936 -0.7497169603783765
0.7669385669041137 0.2413003812964912
0.7669385669041137 -0.2413003812964912
0.699991418163044 0.35812093983309334
0.699991418163044 -0.35812093983309334
0.7378601747128783 0.28785828127722574
0.7378601747128783 -0.28785828127722574
0.4346030743517466 0.6452514848898127
0.4346030743517466 -0.6452514848898127
0.5735973414182032 0.5140309396636914
0.5735973414182032 -0.5140309396636914
0.475425907797289 0.6118641185685225
0.475425907797289 -0.6118641185685225
0.6241749983201268 0.44116069326490154
0.6241749983201268 -0.44116069326490154
0.04788135678180328 0.7913600033350725
0.04788135678180328 -0.7913600033350725
-0.031419786294793195 0.7912346258570501
-0.031419786294793195 -0.7912346258570501
-0.5200141387870114 0.5458281112887281
-0.5200141387870114 -0.5458281112887281
-0.13057880831882293 0.7769600231245419
-0.13057880831882293 -0.7769600231245419
-0.611497071575696 0.44085885147911696
-0.611497071575696 -0.44085885147911696
0.6459836629092996 0.4117969888626923
0.6459836629092996 -0.4117969888626923
0.22895404353520465 0.7558769168031243
0.22895404353520465 -0.7558769168031243
-0.7807941685139649 0.0
-0.7035482973239022 0.32598407732136947
-0.7035482973239022 -0.32598407732136947
0.7701435603466131 0.14348346701932718
0.7701435603466131 -0.14348346701932718
0.7532229577469032 0.20688007305868514
0.7532229577469032 -0.20688007305868514
-0.7054835924024303 0.30110393298158705
-0.7054835924024303 -0.30110393298158705
-0.7534246039627208 0.1521514689889696
-0.7534246039627208 -0.1521514689889696
-0.7587791896994203 0.11481770228730545
-0.7587791896994203 -0.11481770228730545
-0.3386262990226597 0.6872605094401446
-0.3386262990226597 -0.6872605094401446
-0.24206211803141792 0.7368412970531171
-0.24206211803141792 -0.7368412970531171
-0.7592240787903026 0.04795212706401979
-0.7592240787903026 -0.04795212706401979
-0.15929056465873478 0.7468839441900237
-0.15929056465873478 -0.7468839441900237
0.3371712494258518 0.6931316308685067
0.3371712494258518 -0.6931316308685067
-0.5685373040424753 0.4604689219333758
-0.5685373040424753 -0.4604689219333758
0.10793382628676323 0.758824317643021
0.10793382628676323 -0.758824317643021
-0.6255295005488671 0.38806145775443757
-0.6255295005488671 -0.38806145775443757
-0.0008970962228001395 0.7624491208743894
-0.0008970962228001395 -0.7624491208743894
-0.04112172532020522 0.7593166787423037
-0.04112172532020522 -0.7593166787423037
0.7626843487201602 0.0
0.754818103718654 0.11944146060369674
0.754818103718654 -0.11944146060369674
0.763157399138679 0.04391529790226762
0.763157399138679 -0.04391529790226762
0.4588177408168085 0.5767746789022808
0.4588177408168085 -0.5767746789022808
0.5647536241267908 0.45662907000469605
0.5647536241267908 -0.45662907000469605
0.20251533964615348 0.7255591388869417
0.20251533964615348 -0.7255591388869417
-0.6991658757941348 0.24042064751014208
-0.6991658757941348 -0.24042064751014208
0.2757635777283262 0.6949240333050543
0.2757635777283262 -0.6949240333050543
0.3174144136204915 0.677031231544499
0.3174144136204915 -0.677031231544499
0.7449396217176452 0.0501732736085783
0.7449396217176452 -0.0501732736085783
-0.7298488492226457 0.0
-0.4449626257538658 0.5638518880689422
-0.4449626257538658 -0.5638518880689422
-0.5029723154763855 0.5008377302407954
-0.5029723154763855 -0.5008377302407954
0.4985168461915053 0.5162551636155553
0.4985168461915053 -0.5162551636155553
0.5489612739441964 0.45929777371782265
0.5489612739441964 -0.45929777371782265
-0.48729712248965384 0.5112930587431196
-0.48729712248965384 -0.5112930587431196
0.5805467185799944 0.4209220021215673
0.5805467185799944 -0.4209220021215673
-0.2676737142380904 0.6823490466027702
-0.2676737142380904 -0.6823490466027702
0.35574683453220735 0.6410084351790137
0.35574683453220735 -0.6410084351790137
0.6673779820715777 0.2832275178294722
0.6673779820715777 -0.2832275178294722
0.6953485090998687 0.22180568485629343
0.6953485090998687 -0.22180568485629343
0.7335074383031855 0.019037863519855928
0.7335074383031855 -0.019037863519855928
0.7029018931546005 0.1612016878194194
0.7029018931546005 -0.1612016878194194
-0.6429217888938004 0.32205376736738794
-0.6429217888938004 -0.32205376736738794
0.3884641523205904 0.5971916339934976
0.3884641523205904 -0.5971916339934976
0.6008398550059348 0.3651096077034261
0.6008398550059348 -0.3651096077034261
0.4531869413107191 0.5345022236690197
0.4531869413107191 -0.5345022236690197
-0.3082551999392368 0.6567854323843951
-0.3082551999392368 -0.6567854323843951
-0.6986166106665472 0.15719761099835142
-0.6986166106665472 -0.15719761099835142
0.12277498352682079 0.7188563776809871
0.12277498352682079 -0.7188563776809871
0.6560960738657642 0.26167456356152524
0.6560960738657642 -0.26167456356152524
-0.7013629689936636 0.11423645050442346
-0.7013629689936636 -0.11423645050442346
-0.061937738168608085 0.7253921256864667
-0.061937738168608085 -0.7253921256864667
-0.7102434984051686 0.029125743981270352
-0.7102434984051686 -0.029125743981270352
0.26183094669304907 0.6577218027470122
0.26183094669304907 -0.6577218027470122
-0.5112154063090278 0.46016916760599524
-0.5112154063090278 -0.46016916760599524
-0.6233957098148284 0.3023401895271132
-0.6233957098148284 -0.3023401895271132
0.0702654662874517 0.7073255005257859
0.0702654662874517 -0.7073255005257859
-0.3901340177296309 0.5627047973786452
-0.3901340177296309 -0.5627047973786452
-0.33699121356492695 0.6043382892831762
-0.33699121356492695 -0.6043382892831762
-0.12864072258950077 0.6899394340781511
-0.12864072258950077 -0.6899394340781511
-0.5577393572121767 0.3944448342242439
-0.5577393572121767 -0.3944448342242439
-0.023234116176775024 0.7069164763913505
-0.023234116176775024 -0.7069164763913505
0.16800469563887843 0.6763261445032128
0.16800469563887843 -0.6763261445032128
0.6800391712693616 0.11296759621162518
0.6800391712693616 -0.11296759621162518
-0.13152786452864276 0.6856621100159572
-0.13152786452864276 -0.6856621100159572
-0.6511296126314624 0.1927376263626349
-0.6511296126314624 -0.1927376263626349
0.2743011049527248 0.6304636063924093
0.2743011049527248 -0.6304636063924093
-0.48473660321064743 0.4470499105735827
-0.48473660321064743 -0.4470499105735827
0.3944562521012994 0.54649924550493
0.3944562521012994 -0.54649924550493
0.4864915727484837 0.4497884484424235
0.4864915727484837 -0.4497884484424235
-0.19621844966670562 0.6566523008167304
-0.19621844966670562 -0.6566523008167304
0.04779225766563341 0.6867792052559545
0.04779225766563341 -0.6867792052559545
0.22834076191872177 0.6453827978737688
0.22834076191872177 -0.6453827978737688
0.5028084068215539 0.43026354212481144
0.5028084068215539 -0.43026354212481144
-0.608673288715545 0.2704736964519153
-0.608673288715545 -0.2704736964519153
-0.6612542494283173 0.08127190527320147
-0.6612542494283173 -0.08127190527320147
0.33988820995990215 0.5737483348211074
0.33988820995990215 -0.5737483348211074
0.6658678670857942 0.0
0.6575009022824736 0.05246286631386344
0.6575009022824736 -0.05246286631386344
0.6125509779142195 0.24035667161770408
0.6125509779142195 -0.24035667161770408
0.5586274163645066 0.3204425427941319
0.5586274163645066 -0.3204425427941319
-0.1098623911773236 0.6594159993233238
-0.1098623911773236 -0.6594159993233238
-0.3410914530412975 0.5482550074916496
-0.3410914530412975 -0.5482550074916496
-0.39720492569424226 0.5055358384640032
-0.39720492569424226 -0.5055358384640032
0.5898208495898822 0.26632347879885293
0.5898208495898822 -0.26632347879885293
-0.42087769810488496 0.4762940522173025
-0.42087769810488496 -0.4762940522173025
-0.6373331690609727 0.13321940559659806
-0.6373331690609727 -0.13321940559659806
-0.5461020404153966 0.3245931605102482
-0.5461020404153966 -0.3245931605102482
0.010324354194932328 0.6577868135085081
0.010324354194932328 -0.6577868135085081
-0.6492456613946729 0.014699216048678255
-0.6492456613946729 -0.014699216048678255
-0.5217697764915188 0.3447056612947526
-0.5217697764915188 -0.3447056612947526
0.44967270845296625 0.43400277597170595
0.44967270845296625 -0.43400277597170595
0.6262374904689845 0.15146782064288405
0.6262374904689845 -0.15146782064288405
0.6317375044220886 0.09897457179032257
0.6317375044220886 -0.09897457179032257
0.5092615658493187 0.3416038004649942
0.5092615658493187 -0.3416038004649942
0.3949682151575806 0.47086428576463496
0.3949682151575806 -0.47086428576463496
0.1900427639803376 0.6218250487133248
0.1900427639803376 -0.6218250487133248
0.11525557525742472 0.637128473889573
0.11525557525742472 -0.637128473889573
-0.4354157642620662 0.430084414427569
-0.4354157642620662 -0.430084414427569
-0.4690643892671601 0.37903290233733966
-0.4690643892671601 -0.37903290233733966
-0.2845944472288071 0.5616350267806884
-0.2845944472288071 -0.5616350267806884
-0.5680237760066051 0.26098476010722754
-0.5680237760066051 -0.26098476010722754
-0.35154502217345285 0.4941458355928994
-0.35154502217345285 -0.4941458355928994
0.453595324725504 0.38968465835486676
0.453595324725504 -0.38968465835486676
0.0851372685288952 0.6333158620084484
0.0851372685288952 -0.6333158620084484
-0.18721760843550972 0.6173529671641248
-0.18721760843550972 -0.6173529671641248
-0.050121640693873135 0.6429674821803157
-0.050121640693873135 -0.6429674821803157
-0.1796669869322346 0.6181284751909033
-0.1796669869322346 -0.6181284751909033
-0.600269898098953 0.181715062276656
-0.600269898098953 -0.181715062276656
-0.23910493995203214 0.5776542153005818
-0.23910493995203214 -0.5776542153005818
-0.5837848126440758 0.0
-0.5805185180841798 0.2121276746143684
-0.5805185180841798 -0.2121276746143684
0.5986356677914417 0.16899929504696795
0.5986356677914417 -0.16899929504696795
0.292938123214575 0.5496540288364727
0.292938123214575 -0.5496540288364727
0.2864404616749071 0.5505022368490063
0.2864404616749071 -0.5505022368490063
0.4726592558154452 0.35738364422582436
0.4726592558154452 -0.35738364422582436
0.5132888509903349 0.30153189718857765
0.5132888509903349 -0.30153189718857765
0.24597800628088404 0.5657321372535106
0.24597800628088404 -0.5657321372535106
-0.49533888618370703 0.3314638293174761
-0.49533888618370703 -0.3314638293174761
0.2018250657911482 0.5821337091364516
0.2018250657911482 -0.5821337091364516
0.03801981927166381 0.6236549308661913
0.03801981927166381 -0.6236549308661913
0.5638121258390741 0.21619634034749521
0.5638121258390741 -0.21619634034749521
0.264550091686939 0.5422310805385141
0.264550091686939 -0.5422310805385141
-0.5089367471212597 0.28723845334041836
-0.5089367471212597 -0.28723845334041836
-0.4019245959096721 0.41001070894133906
-0.4019245959096721 -0.41001070894133906
-0.04301719727987663 0.6185586123289947
-0.04301719727987663 -0.6185586123289947
-0.1658695638788757 0.5921306967008624
-0.1658695638788757 -0.5921306967008624
0.31273554782842145 0.4844037280688624
0.31273554782842145 -0.4844037280688624
-0.07685111326721632 0.6125800091796736
-0.07685111326721632 -0.6125800091796736
-0.2003161389818448 0.5691525304737274
-0.2003161389818448 -0.5691525304737274
0.608344178606475 0.011012626598964672
0.608344178606475 -0.011012626598964672
0.589587824268502 0.13591087277543523
0.589587824268502 -0.13591087277543523
-0.5962614888564135 0.04583692256639693
-0.5962614888564135 -0.04583692256639693
0.03619582324775934 0.6065610522481439
0.03619582324775934 -0.6065610522481439
-0.5095479486715812 0.27229494930944664
-0.5095479486715812 -0.27229494930944664
-0.2896920525022545 0.49613872839883777
-0.2896920525022545 -0.49613872839883777
-0.5415534951356308 0.14419563494349466
-0.5415534951356308 -0.14419563494349466
-0.4740427001434091 0.29199578413955446
-0.4740427001434091 -0.29199578413955446
-0.06214553897760809 0.5734053490757784
-0.06214553897760809 -0.5734053490757784
-0.21393172783753436 0.5144363914185995
-0.21393172783753436 -0.5144363914185995
0.1870194610787233 0.5335301243413287
0.1870194610787233 -0.5335301243413287
0.563106140378874 0.0
0.04774774644924429 0.5618699468932218
0.04774774644924429 -0.5618699468932218
0.5025175247438673 0.24240238386160837
0.5025175247438673 -0.24240238386160837
0.2600166659868317 0.48520476041717514
0.2600166659868317 -0.48520476041717514
0.39238396309388124 0.3831156557460237
0.39238396309388124 -0.3831156557460237
0.5484237176323381 0.08955443089820264
0.5484237176323381 -0.08955443089820264
0.4628898049909831 0.27363283354467816
0.4628898049909831 -0.27363283354467816
0.32976332279620046 0.4258570959982659
0.32976332279620046 -0.4258570959982659
-0.01599701831854533 0.5556118413246124
-0.01599701831854533 -0.5556118413246124
0.37749300982016737 0.38332095275426575
0.37749300982016737 -0.38332095275426575
-0.4170254699719174 0.3385122511914925
-0.4170254699719174 -0.3385122511914925
-0.5441928942622681 0.011907980311346943
-0.5441928942622681 -0.011907980311346943
-0.34352881231560095 0.4005625606906844
-0.34352881231560095 -0.4005625606906844
-0.09346210512696956 0.5361719026965143
-0.09346210512696956 -0.5361719026965143
0.5199158398372568 0.1543032150278433
0.5199158398372568 -0.1543032150278433
0.12445988557385335 0.5243665201502012
0.12445988557385335 -0.5243665201502012
0.48809566493668183 0.20915155744073977
0.48809566493668183 -0.20915155744073977
0.5311131578331736 0.05913955393413809
0.5311131578331736 -0.05913955393413809
0.5191809574834982 0.0
0.37453993949004183 0.3275780823869602
0.37453993949004183 -0.3275780823869602
0.22206372124813667 0.46476798379520334
0.22206372124813667 -0.46476798379520334
-0.033880592638766145 0.5256294699644974
-0.033880592638766145 -0.5256294699644974
-0.05716110136084056 0.5229739024686006
-0.05716110136084056 -0.5229739024686006
-0.16375290253377472 0.49555162797288527
-0.16375290253377472 -0.49555162797288527
-0.48673037247296047 0.1942296083957768
-0.48673037247296047 -0.1942296083957768
-0.21060664087505973 0.469514124782405
-0.21060664087505973 -0.469514124782405
-0.5020877986991983 0.1052192981366866
-0.5020877986991983 -0.1052192981366866
-0.38187164963146236 0.33247081229431913
-0.38187164963146236 -0.33247081229431913
-0.4887607915198325 0.15413551712124646
-0.4887607915198325 -0.15413551712124646
-0.2999445956795561 0.39631474153037716
-0.2999445956795561 -0.39631474153037716
-0.3490813715069002 0.3544820630945412
-0.3490813715069002 -0.3544820630945412
0.4182186887168744 0.24728402394652063
0.4182186887168744 -0.24728402394652063
-0.24859320709555072 0.4254246185100288
-0.24859320709555072 -0.4254246185100288
0.4889389204493568 0.13760649307745249
0.4889389204493568 -0.13760649307745249
0.3957360562870823 0.2809531126227115
0.3957360562870823 -0.2809531126227115
0.18288817366939297 0.47292431054339007
0.18288817366939297 -0.47292431054339007
0.2830064334253729 0.3821322525230607
0.2830064334253729 -0.3821322525230607
-0.3644859203597177 0.29163472964320314
-0.3644859203597177 -0.29163472964320314
0.10209529764675637 0.49700085889044776
0.10209529764675637 -0.49700085889044776
0.11295042881471083 0.4946514804805981
0.11295042881471083 -0.4946514804805981
0.17462441273917675 0.4693770909595262
0.17462441273917675 -0.4693770909595262
-0.48833727559776213 0.016571251102835867
-0.48833727559776213 -0.016571251102835867
-0.4439946951596718 0.18986819880850833
-0.4439946951596718 -0.18986819880850833
-0.000670463576903646 0.49910835961709077
-0.000670463576903646 -0.49910835961709077
-0.45830950836059975 0.14242340764696348
-0.45830950836059975 -0.14242340764696348
-0.10862108351549712 0.478235670025904
-0.10862108351549712 -0.478235670025904
-0.47485170354726536 0.04429763038039025
-0.47485170354726536 -0.04429763038039025
-0.22165501255886172 0.41827462614168126
-0.22165501255886172 -0.41827462614168126
-0.42871795765889337 0.1701505681603399
-0.42871795765889337 -0.1701505681603399
-0.3929640719047036 0.2302378096614069
-0.3929640719047036 -0.2302378096614069
0.4425953034048167 0.16240601184683942
0.4425953034048167 -0.16240601184683942
-0.26942155255470507 0.3739668724487532
-0.26942155255470507 -0.3739668724487532
0.4770559317782596 0.0
0.3175434094733578 0.3376459082751597
0.3175434094733578 -0.3376459082751597
-0.4576543074188483 0.0
0.46617761263287644 0.06575165179868087
0.46617761263287644 -0.06575165179868087
0.259530525074246 0.37731352017745173
0.259530525074246 -0.37731352017745173
-0.0070128060206139375 0.4649945371755141
-0.0070128060206139375 -0.4649945371755141
0.42717141700205163 0.13594749999328404
0.42717141700205163 -0.13594749999328404
-0.19403010462105785 0.4087092186676015
-0.19403010462105785 -0.4087092186676015
0.1922678058706671 0.4032525897145265
0.1922678058706671 -0.4032525897145265
0.3465998525995071 0.2633293202122786
0.3465998525995071 -0.2633293202122786
-0.3457918436106676 0.2670510930384434
-0.3457918436106676 -0.2670510930384434
-0.11364829129256834 0.4249886408030067
-0.11364829129256834 -0.4249886408030067
-0.28356961046679907 0.31985910244858856
-0.28356961046679907 -0.31985910244858856
0.03287074202006651 0.4401512255930594
0.03287074202006651 -0.4401512255930594
0.39380219357756663 0.1735731724761303
0.39380219357756663 -0.1735731724761303
-0.18224003672735178 0.3757847113288706
-0.18224003672735178 -0.3757847113288706
-0.3779907351870484 0.17052362260481302
-0.3779907351870484 -0.17052362260481302
-0.2763647563220021 0.28986822442292226
-0.2763647563220021 -0.28986822442292226
0.2476859468813259 0.33072748187852513
0.2476859468813259 -0.33072748187852513
0.3443780827481166 0.2285584188259968
0.3443780827481166 -0.2285584188259968
0.42815139899328014 0.062260329073868255
0.42815139899328014 -0.062260329073868255
0.4290418837495053 0.0
0.16533922566173487 0.3665163545615779
0.16533922566173487 -0.3665163545615779
0.08843826675486124 0.41341902499646704
0.08843826675486124 -0.41341902499646704
-0.403246126524202 0.07322099975650523
-0.403246126524202 -0.07322099975650523
0.34027793020998576 0.19853248854674715
0.34027793020998576 -0.19853248854674715
-0.39354636127788095 0.0
-0.3829240149561439 0.0
-0.3556924630817638 0.12150871143017777
-0.3556924630817638 -0.12150871143017777
-0.30837931024424986 0.20368566974495464
-0.30837931024424986 -0.20368566974495464
-0.3595505022562516 0.08767135373451132
-0.3595505022562516 -0.08767135373451132
-0.27905282921321134 0.2360612115241246
-0.27905282921321134 -0.2360612115241246
-0.023544480401203605 0.40526687135908807
-0.023544480401203605 -0.40526687135908807
-0.10060071359991896 0.38252331656051486
-0.10060071359991896 -0.38252331656051486
-0.21828898508499683 0.2936151141660569
-0.21828898508499683 -0.2936151141660569
-0.31245527262149686 0.1669937129041627
-0.31245527262149686 -0.1669937129041627
0.40509545305338124 0.0
-0.05260540797147388 0.38569855301432426
-0.05260540797147388 -0.38569855301432426
0.1029123983697704 0.3829112365048361
0.1029123983697704 -0.3829112365048361
-0.06815289680513326 0.37688477707304674
-0.06815289680513326 -0.37688477707304674
0.35113433949503153 0.16802204738471863
0.35113433949503153 -0.16802204738471863
-0.14736927487398854 0.32849803311651987
-0.14736927487398854 -0.32849803311651987
0.3581352025445228 0.1435107377548016
0.3581352025445228 -0.1435107377548016
0.24402503578638876 0.27720086519917525
0.24402503578638876 -0.27720086519917525
0.1204796724272793 0.3496771349310751
0.1204796724272793 -0.3496771349310751
0.27768163871938234 0.22746208032971377
0.27768163871938234 -0.22746208032971377
0.3660281882739126 0.0680874043951449
0.3660281882739126 -0.0680874043951449
0.03483870163549759 0.35885022436846736
0.03483870163549759 -0.35885022436846736
0.07064843165838727 0.3558371263105014
0.07064843165838727 -0.3558371263105014
0.19618737422022337 0.29025596029742085
0.19618737422022337 -0.29025596029742085
0.35151267165284705 0.020306278940847588
0.35151267165284705 -0.020306278940847588
-0.06498552156508555 0.3408570727993004
-0.06498552156508555 -0.3408570727993004
0.17198034746146582 0.29261848037464905
0.17198034746146582 -0.29261848037464905
0.23308504468718633 0.23255080327495933
0.23308504468718633 -0.23255080327495933
0.09005032227403383 0.3322685452289352
0.09005032227403383 -0.3322685452289352
-0.3344373051273807 0.04390399803024703
-0.3344373051273807 -0.04390399803024703
-0.20153921704334243 0.2549048330281186
-0.20153921704334243 -0.2549048330281186
0.29870770591427676 0.1465598059368781
0.29870770591427676 -0.1465598059368781
-0.11752628033776664 0.30136825076639195
-0.11752628033776664 -0.30136825076639195
-0.2747838914980116 0.1374279005971059
-0.2747838914980116 -0.1374279005971059
0.23223409208176407 0.2160600229186356
0.23223409208176407 -0.2160600229186356
0.02232336366728307 0.327308756697947
0.02232336366728307 -0.327308756697947
-0.22085205098366661 0.18142868423965208
-0.22085205098366661 -0.18142868423965208
-0.25920031119303977 0.13783862465024163
-0.25920031119303977 -0.13783862465024163
0.22284942957818188 0.17588003739817878
0.22284942957818188 -0.17588003739817878
0.15047782611627986 0.23176056944539047
0.15047782611627986 -0.23176056944539047
0.3030432471312334 0.06061511866783549
0.3030432471312334 -0.06061511866783549
-0.03778766415932908 0.29917646072833143
-0.03778766415932908 -0.29917646072833143
-0.2814314415805025 0.08360890435077571
-0.2814314415805025 -0.08360890435077571
-0.29236647369715596 0.01706129994308888
-0.29236647369715596 -0.01706129994308888
-0.15356437266187145 0.22010050778158508
-0.15356437266187145 -0.22010050778158508
-0.1367180212762229 0.23477016950863863
-0.1367180212762229 -0.23477016950863863
0.29901646931350706 0.04513142275499005
0.29901646931350706 -0.04513142275499005
-0.11567373908558587 0.24661664824211876
-0.11567373908558587 -0.24661664824211876
-0.0493912941629609 0.27347549220840367
-0.0493912941629609 -0.27347549220840367
0.09913160986334443 0.2566622991351649
0.09913160986334443 -0.2566622991351649
-0.24700237792326224 0.03850810737605095
-0.24700237792326224 -0.03850810737605095
0.0272722144949291 0.2630037632385789
0.0272722144949291 -0.2630037632385789
0.22674498668589227 0.14498639730667176
0.22674498668589227 -0.14498639730667176
-0.2212106495688862 0.07486107012886697
-0.2212106495688862 -0.07486107012886697
-0.21548361234803087 0.0
0.24525447197352215 0.08771154691641331
0.24525447197352215 -0.08771154691641331
-0.10318561513903174 0.20438346117821202
-0.10318561513903174 -0.20438346117821202
-0.07883928662880012 0.20967969453596774
-0.07883928662880012 -0.20967969453596774
-0.1425557265474665 0.12402125791026185
-0.1425557265474665 -0.12402125791026185
-0.16401108492062239 0.08550128883409054
-0.16401108492062239 -0.08550128883409054
0.10408178084625606 0.19069430629900658
0.10408178084625606 -0.19069430629900658
-0.002782874062342122 0.21223403073641414
-0.002782874062342122 -0.21223403073641414
0.13421789009936919 0.17167921475712017
0.13421789009936919 -0.17167921475712017
0.23097109416096148 0.0
0.16277517940935116 0.13492968189493604
0.16277517940935116 -0.13492968189493604
0.02152876843978626 0.1976132487891119
0.02152876843978626 -0.1976132487891119
0.2321604266433987 0.03511542402559957
0.2321604266433987 -0.03511542402559957
-0.1828331383965386 0.0
0.17842655053698783 0.08908793678803603
0.17842655053698783 -0.08908793678803603
0.20532464342717824 0.031963899181398095
0.20532464342717824 -0.031963899181398095
-0.026377053404072877 0.19679073723393886
-0.026377053404072877 -0.19679073723393886
0.07539447639790259 0.16416263782429805
0.07539447639790259 -0.16416263782429805
-0.10820010040662709 0.1320640277071302
-0.10820010040662709 -0.1320640277071302
0.10279236017288473 0.10729262251445067
0.10279236017288473 -0.10729262251445067
-0.03052765086113028 0.14415459263129832
-0.03052765086113028 -0.14415459263129832
-0.12004021310409405 0.015469459326099983
-0.12004021310409405 -0.015469459326099983
-0.08420909491268917 0.12269788506635161
-0.08420909491268917 -0.12269788506635161
0.14181468370740785 0.011084065472657492
0.14181468370740785 -0.011084065472657492
0.08030595540797617 0.0877794258878429
0.08030595540797617 -0.0877794258878429
-0.05227636979545171 0.09298096473598103
-0.05227636979545171 -0.09298096473598103
0.11103938462544086 0.04999254740948693
0.11103938462544086 -0.04999254740948693
-0.07682320092847081 0.016331365405814636
-0.07682320092847081 -0.016331365405814636
-0.03016139366506478 0.05314471188334949
-0.03016139366506478 -0.05314471188334949
0.06083525078045421 0.03618748349416356
0.06083525078045421 -0.03618748349416356
0.12260897903028269 0.0
-0.04308300435922611 0.0
0.0513280066569548 0.00861869816148071
0.0513280066569548 -0.00861869816148071
