0.412528119746504 1.5862374685704332
0.412528119746504 -1.5862374685704332
-1.6162486351025376 0.0
1.0899526376835658 0.2653380359260434
1.0899526376835658 -0.2653380359260434
0.9382204424847078 0.515792857268813
0.9382204424847078 -0.515792857268813
-1.0205641988845575 0.369340238621367
-1.0205641988845575 -0.369340238621367
0.9367257100093025 0.4080355953598421
0.9367257100093025 -0.4080355953598421
0.2866261727464755 1.018091395180153
0.2866261727464755 -1.018091395180153
0.9890728372352516 0.16046815818718835
0.9890728372352516 -0.16046815818718835
0.9953658923228409 0.03630657048165892
0.9953658923228409 -0.03630657048165892
0.820498686848439 0.5656611587021441
0.820498686848439 -0.5656611587021441
0.5399448517175197 0.8464375849488912
0.5399448517175197 -0.8464375849488912
-1.0297384752341614 0.1680965952366568
-1.0297384752341614 -0.1680965952366568
0.6358550285526449 0.7506315743836608
0.6358550285526449 -0.7506315743836608
0.6708980910361495 0.6976278154048879
0.6708980910361495 -0.6976278154048879
0.6830676293902964 0.6760642787299309
0.6830676293902964 -0.6760642787299309
0.7295104315448084 0.6162969396550266
0.7295104315448084 -0.6162969396550266
0.576367536687505 0.7812423161980369
0.576367536687505 -0.7812423161980369
0.356889409299328 0.9342683414972166
0.356889409299328 -0.9342683414972166
0.7862417196743094 0.540011518163994
0.7862417196743094 -0.540011518163994
-0.5131866975400141 0.8866331842531505
-0.5131866975400141 -0.8866331842531505
-0.8391557210406884 0.6098123378976988
-0.8391557210406884 -0.6098123378976988
0.5847314751099628 0.7579957530036671
0.5847314751099628 -0.7579957530036671
-0.7356577348953414 0.7058168854969125
-0.7356577348953414 -0.7058168854969125
0.256430893176273 0.9609078010296302
0.256430893176273 -0.9609078010296302
-0.8654705767438344 0.5457232369100012
-0.8654705767438344 -0.5457232369100012
0.17455693414216636 0.9877717637324733
0.17455693414216636 -0.9877717637324733
-0.5919044090124889 0.8001512199230044
-0.5919044090124889 -0.8001512199230044
-0.3378281176688131 0.9419201785763387
-0.3378281176688131 -0.9419201785763387
-0.6329184306772448 0.7416502418322657
-0.6329184306772448 -0.7416502418322657
-0.9899492916972918 0.037062978931117645
-0.9899492916972918 -0.037062978931117645
-0.7845671059310976 0.5966022879550102
-0.7845671059310976 -0.5966022879550102
-0.2927471123458727 0.9433758144352571
-0.2927471123458727 -0.9433758144352571
0.04809379836349023 0.9895309194545961
0.04809379836349023 -0.9895309194545961
-0.6574323663801656 0.7047720728014053
-0.6574323663801656 -0.7047720728014053
-0.013063519871111318 0.9882346417565517
-0.013063519871111318 -0.9882346417565517
-0.9244123018167449 0.29742753366983343
-0.9244123018167449 -0.29742753366983343
-0.4028402693930205 0.8777758745576507
-0.4028402693930205 -0.8777758745576507
-0.9116933798538938 0.33043500069019727
-0.9116933798538938 -0.33043500069019727
-0.8898958012140371 0.38005485581321397
-0.8898958012140371 -0.38005485581321397
-0.22089575383096155 0.9464928152539629
-0.22089575383096155 -0.9464928152539629
-0.10314916523747003 0.9743190762842301
-0.10314916523747003 -0.9743190762842301
-0.7971385349437023 0.5299108228921809
-0.7971385349437023 -0.5299108228921809
-0.6942438828062032 0.6470272018882014
-0.6942438828062032 -0.6470272018882014
-0.14678376364694243 0.9603346671334835
-0.14678376364694243 -0.9603346671334835
0.094191943306102 0.9694897279117947
0.094191943306102 -0.9694897279117947
-0.06615347903070133 0.9643635475775003
-0.06615347903070133 -0.9643635475775003
-0.9493404496176322 0.15066880641433064
-0.9493404496176322 -0.15066880641433064
-0.746992760581096 0.5843525789521937
-0.746992760581096 -0.5843525789521937
-0.8548467367305808 0.414481866813834
-0.8548467367305808 -0.414481866813834
-0.4110127387416319 0.8537991587739335
-0.4110127387416319 -0.8537991587739335
-0.19242925861728719 0.93812482123469
-0.19242925861728719 -0.93812482123469
0.9631467897550948 0.0
0.9316926242141574 0.2663358972574321
0.9316926242141574 -0.2663358972574321
0.9469055608282739 0.18709676691441154
0.9469055608282739 -0.18709676691441154
0.4421393766324869 0.8384220781740466
0.4421393766324869 -0.8384220781740466
0.3920491251716903 0.8660692976194014
0.3920491251716903 -0.8660692976194014
0.8892432141129767 0.3555514774228265
0.8892432141129767 -0.3555514774228265
0.5161604500429441 0.7865274723955047
0.5161604500429441 -0.7865274723955047
0.8288621484476107 0.4567901046323195
0.8288621484476107 -0.4567901046323195
0.35648407487472733 0.8749401935350594
0.35648407487472733 -0.8749401935350594
0.8635244128133497 0.3849030790062345
0.8635244128133497 -0.3849030790062345
0.6371256271193462 0.6725202536206728
0.6371256271193462 -0.6725202536206728
0.6961172075205107 0.6062404641308319
0.6961172075205107 -0.6062404641308319
-0.9308046792165705 0.12460690245515234
-0.9308046792165705 -0.12460690245515234
-0.5139205345371338 0.780297306687427
-0.5139205345371338 -0.780297306687427
-0.3258297516179039 0.8831814223350348
-0.3258297516179039 -0.8831814223350348
-0.5873874732361031 0.7084317857253067
-0.5873874732361031 -0.7084317857253067
-0.24712157271139035 0.9093502659207939
-0.24712157271139035 -0.9093502659207939
0.8499603381586318 0.4032694951276365
0.8499603381586318 -0.4032694951276365
-0.797203652472894 0.4774351806704037
-0.797203652472894 -0.4774351806704037
-0.9244645479021364 0.0
-0.9011945846524911 0.22395736477387465
-0.9011945846524911 -0.22395736477387465
-0.5082801988763708 0.7582547035160769
-0.5082801988763708 -0.7582547035160769
0.9345053660236147 0.12577121781030934
0.9345053660236147 -0.12577121781030934
0.47580685106464626 0.7850916758509658
0.47580685106464626 -0.7850916758509658
0.22291566247523686 0.9059398213303937
0.22291566247523686 -0.9059398213303937
0.2734173052893709 0.8897942901867972
0.2734173052893709 -0.8897942901867972
0.7839748054129911 0.4756555468738372
0.7839748054129911 -0.4756555468738372
-0.11155085202933063 0.9226945141178384
-0.11155085202933063 -0.9226945141178384
0.7674477924266008 0.48490827845612583
0.7674477924266008 -0.48490827845612583
0.6463299951393542 0.6179548192828646
0.6463299951393542 -0.6179548192828646
-0.04722845558638547 0.9223112430751705
-0.04722845558638547 -0.9223112430751705
-0.3455252534230196 0.8495225964290182
-0.3455252534230196 -0.8495225964290182
-0.3857905027296664 0.8278458211368044
-0.3857905027296664 -0.8278458211368044
-0.4621516812323258 0.7788488461495587
-0.4621516812323258 -0.7788488461495587
-0.9205185047027451 0.023043358031850595
-0.9205185047027451 -0.023043358031850595
-0.6136350727609525 0.6521870185730357
-0.6136350727609525 -0.6521870185730357
-0.7125404870755725 0.5279152045476914
-0.7125404870755725 -0.5279152045476914
0.6062428724451601 0.6438412680547807
0.6062428724451601 -0.6438412680547807
-0.9117105788329254 0.0553599449201569
-0.9117105788329254 -0.0553599449201569
-0.6175930308838808 0.6332723506528223
-0.6175930308838808 -0.6332723506528223
-0.8531054343816273 0.3052283781812459
-0.8531054343816273 -0.3052283781812459
0.9083261886805686 0.0
0.688806268562002 0.5588498125569036
0.688806268562002 -0.5588498125569036
0.5535780078245865 0.6875228728125443
0.5535780078245865 -0.6875228728125443
0.18871558930602894 0.9000712621214066
0.18871558930602894 -0.9000712621214066
0.5224836608479184 0.7081881647065907
0.5224836608479184 -0.7081881647065907
-0.03117628621010618 0.9154515609450862
-0.03117628621010618 -0.9154515609450862
0.1252092359423045 0.9068125916741175
0.1252092359423045 -0.9068125916741175
0.9030754087146637 0.1413662692668748
0.9030754087146637 -0.1413662692668748
-0.5422347788143385 0.6775274367966966
-0.5422347788143385 -0.6775274367966966
0.30930749674716895 0.8513556290048829
0.30930749674716895 -0.8513556290048829
-0.7781159890883689 0.43047142768694985
-0.7781159890883689 -0.43047142768694985
0.8804780210325117 0.2088466811078542
0.8804780210325117 -0.2088466811078542
0.7882388774271776 0.41512584952055787
0.7882388774271776 -0.41512584952055787
0.8412986147393526 0.294656985686073
0.8412986147393526 -0.294656985686073
0.40097555370159316 0.7992983371033563
0.40097555370159316 -0.7992983371033563
-0.8808984279904017 0.17170344928928707
-0.8808984279904017 -0.17170344928928707
-0.8417059251086932 0.3000245894788514
-0.8417059251086932 -0.3000245894788514
-0.884160529620012 0.11279474877120005
-0.884160529620012 -0.11279474877120005
0.48749162229963394 0.7259917997902915
0.48749162229963394 -0.7259917997902915
0.09082625130413115 0.901798431018455
0.09082625130413115 -0.901798431018455
-0.8614333856624741 0.21166577467139597
-0.8614333856624741 -0.21166577467139597
-0.4319058026192444 0.7672627129008579
-0.4319058026192444 -0.7672627129008579
0.026511495346301123 0.8946625114973643
0.026511495346301123 -0.8946625114973643
0.6666938262100229 0.5340792656951493
0.6666938262100229 -0.5340792656951493
-0.5160969400828568 0.6935905732952313
-0.5160969400828568 -0.6935905732952313
-0.789787563575462 0.37904473267771777
-0.789787563575462 -0.37904473267771777
0.1078255708732008 0.8837217788028703
0.1078255708732008 -0.8837217788028703
-0.3352959734051316 0.8083427710808646
-0.3352959734051316 -0.8083427710808646
0.4164483443166125 0.7625053053121875
0.4164483443166125 -0.7625053053121875
-0.6445346178769303 0.5549436745172905
-0.6445346178769303 -0.5549436745172905
-0.8022657678997065 0.34260812204766344
-0.8022657678997065 -0.34260812204766344
-0.020703777165996667 0.8839441747308813
-0.020703777165996667 -0.8839441747308813
0.8996510739368209 0.02469349117494376
0.8996510739368209 -0.02469349117494376
-0.6900507564627577 0.49255032789295067
-0.6900507564627577 -0.49255032789295067
-0.6135680976325748 0.5753029327806312
-0.6135680976325748 -0.5753029327806312
-0.7449516567485853 0.4244206647705714
-0.7449516567485853 -0.4244206647705714
-0.6305429111931461 0.5529171012229825
-0.6305429111931461 -0.5529171012229825
0.8787657777810494 0.14908297427945108
0.8787657777810494 -0.14908297427945108
0.5726849910938896 0.6147478315591416
0.5726849910938896 -0.6147478315591416
0.5846134195164503 0.596557670687509
0.5846134195164503 -0.596557670687509
0.719931591395669 0.44950471537900893
0.719931591395669 -0.44950471537900893
-0.26843208893788295 0.8256196714928965
-0.26843208893788295 -0.8256196714928965
-0.17488118931516441 0.8543842872111533
-0.17488118931516441 -0.8543842872111533
-0.18243368905346286 0.8513794475035436
-0.18243368905346286 -0.8513794475035436
0.6815242405037487 0.4885302690958516
0.6815242405037487 -0.4885302690958516
-0.5715374382936915 0.59860908289534
-0.5715374382936915 -0.59860908289534
-0.8591943524424981 0.0
0.8927217458504164 0.0
-0.2332175198761537 0.8275263627372745
-0.2332175198761537 -0.8275263627372745
-0.8236551796160863 0.2423621765699301
-0.8236551796160863 -0.2423621765699301
0.1639627742192567 0.8520719039739212
0.1639627742192567 -0.8520719039739212
-0.38476562290538974 0.7558599627021038
-0.38476562290538974 -0.7558599627021038
-0.069205365253732 0.8531370441602791
-0.069205365253732 -0.8531370441602791
0.22619832812433754 0.8300154763399575
0.22619832812433754 -0.8300154763399575
0.8702538497731016 0.07387805053204449
0.8702538497731016 -0.07387805053204449
0.7726535981650255 0.3802113752933322
0.7726535981650255 -0.3802113752933322
0.40789076131520413 0.7395617762030489
0.40789076131520413 -0.7395617762030489
-0.6707104119495735 0.49402926785178075
-0.6707104119495735 -0.49402926785178075
0.8294687921069208 0.23545767104057233
0.8294687921069208 -0.23545767104057233
-0.44613173163445957 0.7090546100471274
-0.44613173163445957 -0.7090546100471274
0.8085614037242274 0.28379162982108486
0.8085614037242274 -0.28379162982108486
-0.7219266040298848 0.4019098636358487
-0.7219266040298848 -0.4019098636358487
0.3437598035192977 0.7668158891560354
0.3437598035192977 -0.7668158891560354
-0.6971284497395385 0.43476972665481406
-0.6971284497395385 -0.43476972665481406
0.2827833483669808 0.795777748565452
0.2827833483669808 -0.795777748565452
0.7807336778466363 0.33627593347426427
0.7807336778466363 -0.33627593347426427
-0.518560505119684 0.6131235633510046
-0.518560505119684 -0.6131235633510046
-0.42701685760622576 0.693277428495736
-0.42701685760622576 -0.693277428495736
-0.5865224185034713 0.5485255696153385
-0.5865224185034713 -0.5485255696153385
-0.8403819924302967 0.11363301897909338
-0.8403819924302967 -0.11363301897909338
0.42672261437712544 0.6989233199158477
0.42672261437712544 -0.6989233199158477
-0.32645440037681484 0.7643736629370645
-0.32645440037681484 -0.7643736629370645
0.16756790332824165 0.825773869941246
0.16756790332824165 -0.825773869941246
0.4652214978851115 0.6595432132780078
0.4652214978851115 -0.6595432132780078
0.681155149189786 0.44717605241518377
0.681155149189786 -0.44717605241518377
0.8514503128972032 0.01475890883621816
0.8514503128972032 -0.01475890883621816
0.5818734287516616 0.5437583716795672
0.5818734287516616 -0.5437583716795672
-0.8407662737756747 0.059201576248439955
-0.8407662737756747 -0.059201576248439955
0.7527563936525082 0.35831843325561596
0.7527563936525082 -0.35831843325561596
0.2999568970652876 0.7693351380739757
0.2999568970652876 -0.7693351380739757
-0.7703935445510065 0.26143155843809085
-0.7703935445510065 -0.26143155843809085
-0.7656880055582156 0.2690911412794878
-0.7656880055582156 -0.2690911412794878
-0.7473803618429402 0.3001057620485782
-0.7473803618429402 -0.3001057620485782
-0.5658489310827899 0.5516063770803717
-0.5658489310827899 -0.5516063770803717
-0.8088489926290994 0.0
-0.4004225219773774 0.7071794684160698
-0.4004225219773774 -0.7071794684160698
-0.044497635472135304 0.8115845271337023
-0.044497635472135304 -0.8115845271337023
-0.26136098106264416 0.7535378597383504
-0.26136098106264416 -0.7535378597383504
0.37795541651002396 0.7229776624474156
0.37795541651002396 -0.7229776624474156
0.839089981038686 0.10019876734763916
0.839089981038686 -0.10019876734763916
0.07135152763656305 0.810900063907093
0.07135152763656305 -0.810900063907093
-0.3369785161064298 0.7116110722928907
-0.3369785161064298 -0.7116110722928907
0.20468153785216375 0.7907731397647759
0.20468153785216375 -0.7907731397647759
0.7521997637101885 0.330960261428856
0.7521997637101885 -0.330960261428856
0.8254625605242674 0.11752624276443378
0.8254625605242674 -0.11752624276443378
0.6026705653102431 0.5091574416229944
0.6026705653102431 -0.5091574416229944
0.3018882093742241 0.7407710022620846
0.3018882093742241 -0.7407710022620846
0.1914164374937593 0.777131792717225
0.1914164374937593 -0.777131792717225
0.6900358043359822 0.4023914001546838
0.6900358043359822 -0.4023914001546838
0.7974127389251465 0.17779465502636382
0.7974127389251465 -0.17779465502636382
0.6451202290988294 0.4552145332593912
0.6451202290988294 -0.4552145332593912
-0.2048596511127342 0.7698719584193605
-0.2048596511127342 -0.7698719584193605
-0.7643973904537775 0.20550391122268366
-0.7643973904537775 -0.20550391122268366
-0.6422836319003122 0.4329230221829882
-0.6422836319003122 -0.4329230221829882
-0.45859075052400444 0.6168832583721812
-0.45859075052400444 -0.6168832583721812
0.8200506223543175 0.0
0.0006579709218040922 0.7959065101815626
0.0006579709218040922 -0.7959065101815626
0.510639875027197 0.5766182401553215
0.510639875027197 -0.5766182401553215
0.4478375448511075 0.6321713121834388
0.4478375448511075 -0.6321713121834388
-0.08939916115798868 0.7809160668369095
-0.08939916115798868 -0.7809160668369095
0.5685526451926545 0.50893258242304
0.5685526451926545 -0.50893258242304
0.4674311978456078 0.5978960903457912
0.4674311978456078 -0.5978960903457912
0.7747531128557799 0.20055017331418304
0.7747531128557799 -0.20055017331418304
0.6293352551481641 0.42226440942778554
0.6293352551481641 -0.42226440942778554
0.7807015720539424 0.0
-0.37016979614790224 0.6590188676993958
-0.37016979614790224 -0.6590188676993958
-0.7116278740133598 0.30297409925609253
-0.7116278740133598 -0.30297409925609253
-0.5762939573284578 0.4806383151393399
-0.5762939573284578 -0.4806383151393399
-0.6120525129779676 0.4363940764911015
-0.6120525129779676 -0.4363940764911015
-0.7691182935943447 0.132312663002672
-0.7691182935943447 -0.132312663002672
-0.4613302780995893 0.576934940301645
-0.4613302780995893 -0.576934940301645
-0.7584494906905956 0.17349723120661986
-0.7584494906905956 -0.17349723120661986
-0.5235440425034319 0.5087976729932355
-0.5235440425034319 -0.5087976729932355
-0.7724671748757402 0.01920190479669591
-0.7724671748757402 -0.01920190479669591
0.7857319569286021 0.11109968105829975
0.7857319569286021 -0.11109968105829975
0.7467524405518595 0.23098472034289638
0.7467524405518595 -0.23098472034289638
0.7183154984323505 0.25926865591879905
0.7183154984323505 -0.25926865591879905
0.6641326906314722 0.3562282240635199
0.6641326906314722 -0.3562282240635199
-0.7655120013491918 0.04012215322015371
-0.7655120013491918 -0.04012215322015371
0.679291040317429 0.3014711917613871
0.679291040317429 -0.3014711917613871
0.1283152542809039 0.754703047115383
0.1283152542809039 -0.754703047115383
-0.01154739520020398 0.7698481479548601
-0.01154739520020398 -0.7698481479548601
-0.1429322898696031 0.7494809140458586
-0.1429322898696031 -0.7494809140458586
0.25034651694159926 0.7025810098889416
0.25034651694159926 -0.7025810098889416
0.17160382501451593 0.729233244983008
0.17160382501451593 -0.729233244983008
-0.1639556718494855 0.74267979886918
-0.1639556718494855 -0.74267979886918
0.04396619837336068 0.7520308171261165
0.04396619837336068 -0.7520308171261165
-0.18218592016582263 0.7319471809213723
-0.18218592016582263 -0.7319471809213723
-0.2863455232547776 0.6849901222443308
-0.2863455232547776 -0.6849901222443308
-0.626546268212991 0.40039883765554496
-0.626546268212991 -0.40039883765554496
-0.08836786667018431 0.7451894868118336
-0.08836786667018431 -0.7451894868118336
-0.40252584975825256 0.6008981677030284
-0.40252584975825256 -0.6008981677030284
-0.6627773036559501 0.3125697917535948
-0.6627773036559501 -0.3125697917535948
-0.24714399116707436 0.686815938530788
-0.24714399116707436 -0.686815938530788
0.004206549064368764 0.7365073753835509
0.004206549064368764 -0.7365073753835509
-0.6391944553477666 0.3447870795258402
-0.6391944553477666 -0.3447870795258402
-0.7030901487060803 0.2126912029775158
-0.7030901487060803 -0.2126912029775158
-0.578587745997557 0.42205038010169765
-0.578587745997557 -0.42205038010169765
0.41723486222634787 0.6060521006444926
0.41723486222634787 -0.6060521006444926
-0.32366080776497663 0.6399093264623846
-0.32366080776497663 -0.6399093264623846
0.17800805520388996 0.7053831915756394
0.17800805520388996 -0.7053831915756394
0.3050461736054575 0.6576746307991054
0.3050461736054575 -0.6576746307991054
0.7075830585142338 0.20234549760335882
0.7075830585142338 -0.20234549760335882
0.5767256995289696 0.43288321165446714
0.5767256995289696 -0.43288321165446714
0.47574360952410283 0.5317037301978673
0.47574360952410283 -0.5317037301978673
-0.7137657138471724 0.09649518344682163
-0.7137657138471724 -0.09649518344682163
0.5440149761908936 0.4536637988925443
0.5440149761908936 -0.4536637988925443
-0.5069359294238023 0.470177782171559
-0.5069359294238023 -0.470177782171559
-0.08360877162858375 0.7155051978864237
-0.08360877162858375 -0.7155051978864237
-0.43693567663473876 0.5225151187297354
-0.43693567663473876 -0.5225151187297354
-0.4478386832241877 0.5088333318730193
-0.4478386832241877 -0.5088333318730193
0.05804119595229057 0.7127438285577212
0.05804119595229057 -0.7127438285577212
0.7261546739824779 0.06023919646421137
0.7261546739824779 -0.06023919646421137
0.397300202688897 0.5757180872905779
0.397300202688897 -0.5757180872905779
0.5729962745235586 0.389076231297611
0.5729962745235586 -0.389076231297611
0.6419153078838211 0.3111665080247827
0.6419153078838211 -0.3111665080247827
0.311822885997177 0.6356866364809519
0.311822885997177 -0.6356866364809519
0.5014488556387992 0.4660511450997228
0.5014488556387992 -0.4660511450997228
-0.6917613936267097 0.1188585964827691
-0.6917613936267097 -0.1188585964827691
-0.7038593655781202 0.014901123229367107
-0.7038593655781202 -0.014901123229367107
-0.670967028641212 0.15294675441449068
-0.670967028641212 -0.15294675441449068
-0.6368455291535036 0.24237281360169863
-0.6368455291535036 -0.24237281360169863
-0.47468782683751826 0.47175760494734176
-0.47468782683751826 -0.47175760494734176
-0.5932281353591278 0.30184496077859596
-0.5932281353591278 -0.30184496077859596
-0.36720189898513145 0.5672996837000773
-0.36720189898513145 -0.5672996837000773
-0.29874435268748056 0.6076488796456394
-0.29874435268748056 -0.6076488796456394
0.17386636130182498 0.6756803696480306
0.17386636130182498 -0.6756803696480306
-0.16177428692395965 0.6620475509657412
-0.16177428692395965 -0.6620475509657412
-0.03188285676246845 0.6943553526678523
-0.03188285676246845 -0.6943553526678523
-0.10388100057189524 0.6774942828258649
-0.10388100057189524 -0.6774942828258649
0.7028870030283324 0.0
-0.005135979529549056 0.6846051493888022
-0.005135979529549056 -0.6846051493888022
0.2259990937563625 0.6499944519410801
0.2259990937563625 -0.6499944519410801
0.3317403747594022 0.594486972451939
0.3317403747594022 -0.594486972451939
0.6697304184206685 0.22948312724141132
0.6697304184206685 -0.22948312724141132
0.7015819498507996 0.14007118052947903
0.7015819498507996 -0.14007118052947903
0.5844656343446212 0.3405464342301909
0.5844656343446212 -0.3405464342301909
0.3775023667196834 0.5458745699224435
0.3775023667196834 -0.5458745699224435
0.6437890236145847 0.23644603407924297
0.6437890236145847 -0.23644603407924297
0.4406390544505548 0.48820905169590756
0.4406390544505548 -0.48820905169590756
0.492172243733628 0.4341034531313282
0.492172243733628 -0.4341034531313282
0.6872218768054306 0.07926949360099363
0.6872218768054306 -0.07926949360099363
0.6760402600684067 0.12108575913917152
0.6760402600684067 -0.12108575913917152
0.691520576903619 0.014671517294350029
0.691520576903619 -0.014671517294350029
-0.6614171840205774 0.0
-0.5457857720600823 0.35934340844998264
-0.5457857720600823 -0.35934340844998264
-0.5121542689311813 0.40052315735899036
-0.5121542689311813 -0.40052315735899036
-0.24266505989714976 0.6183196357723195
-0.24266505989714976 -0.6183196357723195
0.2522951672880917 0.6195517788415148
0.2522951672880917 -0.6195517788415148
0.5301654389698855 0.3734269163926735
0.5301654389698855 -0.3734269163926735
-0.36071953718962574 0.5259900533818734
-0.36071953718962574 -0.5259900533818734
0.09208625954982998 0.6595297491034202
0.09208625954982998 -0.6595297491034202
-0.47144798775341806 0.4202956754338977
-0.47144798775341806 -0.4202956754338977
-0.6196835356917817 0.23334472771151152
-0.6196835356917817 -0.23334472771151152
0.28444955028610286 0.5974344995658248
0.28444955028610286 -0.5974344995658248
0.16049879786943233 0.6431710786792394
0.16049879786943233 -0.6431710786792394
-0.6628027005359689 0.025126494608160924
-0.6628027005359689 -0.025126494608160924
-0.628911141188617 0.1895081708395963
-0.628911141188617 -0.1895081708395963
-0.6247024963828924 0.15413248828354523
-0.6247024963828924 -0.15413248828354523
-0.5770780302875316 0.2617884204447402
-0.5770780302875316 -0.2617884204447402
0.6410136563396867 0.14851205570244613
0.6410136563396867 -0.14851205570244613
-0.5535143658626773 0.28918907491860424
-0.5535143658626773 -0.28918907491860424
0.6077932469266116 0.22169255219008838
0.6077932469266116 -0.22169255219008838
-0.4832524709399844 0.38219694907446383
-0.4832524709399844 -0.38219694907446383
0.333490124132663 0.5387287922517174
0.333490124132663 -0.5387287922517174
0.5653422502066894 0.27677471476287707
0.5653422502066894 -0.27677471476287707
0.08274219775252589 0.6258382370606859
0.08274219775252589 -0.6258382370606859
-0.22755832053813346 0.5854826718103792
-0.22755832053813346 -0.5854826718103792
-0.15309207804081415 0.6108507642428532
-0.15309207804081415 -0.6108507642428532
-0.3725975924116801 0.48835239618507287
-0.3725975924116801 -0.48835239618507287
0.23570036860013455 0.5818064759080587
0.23570036860013455 -0.5818064759080587
-0.3275053114318687 0.5185361870467934
-0.3275053114318687 -0.5185361870467934
-0.09620187984978809 0.6239594966752274
-0.09620187984978809 -0.6239594966752274
0.4851929128576166 0.37589844875713857
0.4851929128576166 -0.37589844875713857
0.3922897544223113 0.4628538859547722
0.3922897544223113 -0.4628538859547722
0.6231582736248595 0.09044257711673086
0.6231582736248595 -0.09044257711673086
-0.2880672113861338 0.5366452235511939
-0.2880672113861338 -0.5366452235511939
0.36386672932573194 0.4885538361176382
0.36386672932573194 -0.4885538361176382
-0.07211326515399728 0.6124529013009727
-0.07211326515399728 -0.6124529013009727
0.11095516253504874 0.6017055301531282
0.11095516253504874 -0.6017055301531282
0.6124628829299168 0.010207441350422659
0.6124628829299168 -0.010207441350422659
0.5315949098493904 0.2812893856782013
0.5315949098493904 -0.2812893856782013
0.2551311810114586 0.5386288259241026
0.2551311810114586 -0.5386288259241026
-0.43260160710546713 0.400015509431197
-0.43260160710546713 -0.400015509431197
-0.49256822184597027 0.32834784701890285
-0.49256822184597027 -0.32834784701890285
0.1437712895231909 0.5801916631799137
0.1437712895231909 -0.5801916631799137
0.040573983675174716 0.5906399771341565
0.040573983675174716 -0.5906399771341565
-0.12034376886677924 0.5773627672528009
-0.12034376886677924 -0.5773627672528009
-0.22568797222951173 0.5476201935060138
-0.22568797222951173 -0.5476201935060138
-0.5572260715585212 0.18941743891738191
-0.5572260715585212 -0.18941743891738191
-0.5929770858483587 0.048462719790627586
-0.5929770858483587 -0.048462719790627586
-0.5901391605155397 0.07086458919714761
-0.5901391605155397 -0.07086458919714761
-0.24852866869125964 0.5304047896316915
-0.24852866869125964 -0.5304047896316915
-0.3833451131836296 0.432977980709486
-0.3833451131836296 -0.432977980709486
0.5693369926834169 0.16407789206821322
0.5693369926834169 -0.16407789206821322
-0.04105644629250596 0.5878179687908242
-0.04105644629250596 -0.5878179687908242
0.4817022795221299 0.3185325983945586
0.4817022795221299 -0.3185325983945586
0.41455981648400275 0.39097524458354593
0.41455981648400275 -0.39097524458354593
0.3414510748943401 0.46226047839286494
0.3414510748943401 -0.46226047839286494
0.27819046220430743 0.5031321103341463
0.27819046220430743 -0.5031321103341463
-0.3155269912179367 0.4663792304687095
-0.3155269912179367 -0.4663792304687095
0.45772803079684954 0.3298929563902161
0.45772803079684954 -0.3298929563902161
0.14287686525320867 0.5576469036686933
0.14287686525320867 -0.5576469036686933
0.491385946705169 0.26781135964459446
0.491385946705169 -0.26781135964459446
-0.5703127383656984 0.13093844187910694
-0.5703127383656984 -0.13093844187910694
-0.43919815716823973 0.33345457665778067
-0.43919815716823973 -0.33345457665778067
-0.16120144963293292 0.5451414783670325
-0.16120144963293292 -0.5451414783670325
-0.5101561388332498 0.23342333455447714
-0.5101561388332498 -0.23342333455447714
0.40536600474459683 0.3601141557422297
0.40536600474459683 -0.3601141557422297
0.5737818264057474 0.06431912424530771
0.5737818264057474 -0.06431912424530771
-0.34375642210002744 0.404321454469907
-0.34375642210002744 -0.404321454469907
0.5092474288902097 0.224024712249345
0.5092474288902097 -0.224024712249345
-0.5386163002593302 0.1651721860678191
-0.5386163002593302 -0.1651721860678191
-0.5665936882427398 0.04694057585538152
-0.5665936882427398 -0.04694057585538152
-0.023311480851845187 0.5576854553868827
-0.023311480851845187 -0.5576854553868827
0.08165199994790319 0.5497768136163395
0.08165199994790319 -0.5497768136163395
-0.16609748650504874 0.513223375030834
-0.16609748650504874 -0.513223375030834
0.5702927635255907 0.0
0.5539132120516046 0.11529247379398137
0.5539132120516046 -0.11529247379398137
0.2681114910609189 0.4532749310233997
0.2681114910609189 -0.4532749310233997
0.5344328753154244 0.13305674403099105
0.5344328753154244 -0.13305674403099105
0.3314740614162459 0.3971273616025127
0.3314740614162459 -0.3971273616025127
0.4198991154478978 0.31578309745884087
0.4198991154478978 -0.31578309745884087
0.12711343460430136 0.5145992654592503
0.12711343460430136 -0.5145992654592503
0.22378078621423486 0.4592459275903743
0.22378078621423486 -0.4592459275903743
0.5146388154832422 0.1615432139290337
0.5146388154832422 -0.1615432139290337
-0.5403114837180036 0.01568793592574109
-0.5403114837180036 -0.01568793592574109
-0.25391572712959387 0.43517881365282984
-0.25391572712959387 -0.43517881365282984
-0.5238429302880964 0.12067669787055711
-0.5238429302880964 -0.12067669787055711
-0.30319984625169705 0.4068994613400458
-0.30319984625169705 -0.4068994613400458
-0.43222997407857 0.2718673046399291
-0.43222997407857 -0.2718673046399291
-0.3488975594477659 0.36024696963667163
-0.3488975594477659 -0.36024696963667163
0.544042011343784 0.025169911348332675
0.544042011343784 -0.025169911348332675
-0.3976741052770236 0.2945251847301893
-0.3976741052770236 -0.2945251847301893
0.384478857984051 0.3103727247109585
0.384478857984051 -0.3103727247109585
-0.51845019870152 0.09968491849670177
-0.51845019870152 -0.09968491849670177
-0.0019949030515660215 0.5286817640399255
-0.0019949030515660215 -0.5286817640399255
-0.09208512102126565 0.5080897484665735
-0.09208512102126565 -0.5080897484665735
0.26599600948153634 0.4192520280503621
0.26599600948153634 -0.4192520280503621
0.35263004758170935 0.33534964413485
0.35263004758170935 -0.33534964413485
0.20346721702207754 0.4720297038812687
0.20346721702207754 -0.4720297038812687
0.5175586195842979 0.0
0.5142185527753043 0.08035957512973414
0.5142185527753043 -0.08035957512973414
-0.48469595642640784 0.13463840884957545
-0.48469595642640784 -0.13463840884957545
-0.46652486590571296 0.1653696244363047
-0.46652486590571296 -0.1653696244363047
-0.18369820350428806 0.4563095808221972
-0.18369820350428806 -0.4563095808221972
0.062028982645958505 0.5017624598243101
0.062028982645958505 -0.5017624598243101
-0.4321789290876904 0.21749076146860372
-0.4321789290876904 -0.21749076146860372
-0.08842638316798453 0.4827977396689982
-0.08842638316798453 -0.4827977396689982
0.44985220513456786 0.19811729512126944
0.44985220513456786 -0.19811729512126944
-0.21147413515607905 0.42531383290850744
-0.21147413515607905 -0.42531383290850744
-0.12838913248440648 0.45914265787042446
-0.12838913248440648 -0.45914265787042446
-0.4624154214840823 0.07036376600221037
-0.4624154214840823 -0.07036376600221037
-0.008357413659024301 0.4783490673041734
-0.008357413659024301 -0.4783490673041734
0.0994426546167155 0.46988427062539045
0.0994426546167155 -0.46988427062539045
0.05543000542998272 0.4679460009528836
0.05543000542998272 -0.4679460009528836
0.2218961044445689 0.41265915117899643
0.2218961044445689 -0.41265915117899643
0.14694101447008484 0.4507890900904107
0.14694101447008484 -0.4507890900904107
0.1830213011106691 0.4318756580739181
0.1830213011106691 -0.4318756580739181
0.3466127285251129 0.2966220517170706
0.3466127285251129 -0.2966220517170706
-0.39258575897987197 0.22859027729428846
-0.39258575897987197 -0.22859027729428846
-0.3284434397579195 0.29623231785847726
-0.3284434397579195 -0.29623231785847726
0.45986002998368447 0.08973440180914158
0.45986002998368447 -0.08973440180914158
0.2717933151419789 0.36483794896452026
0.2717933151419789 -0.36483794896452026
-0.4549446066505302 0.0
-0.29270739921438105 0.32529632743204967
-0.29270739921438105 -0.32529632743204967
-0.22639948605876792 0.37437009772173246
-0.22639948605876792 -0.37437009772173246
-0.03826549947906345 0.4496429252345657
-0.03826549947906345 -0.4496429252345657
0.3664794555703722 0.23660422619920193
0.3664794555703722 -0.23660422619920193
0.4422583437281535 0.10583311184550173
0.4422583437281535 -0.10583311184550173
0.27160877245075865 0.3307252932809277
0.27160877245075865 -0.3307252932809277
-0.43961230672528173 0.02312580110199881
-0.43961230672528173 -0.02312580110199881
-0.3208211686324619 0.2666041787459162
-0.3208211686324619 -0.2666041787459162
0.4091777415015957 0.1703995568190201
0.4091777415015957 -0.1703995568190201
0.43921730753441124 0.0
0.1606446619058674 0.38967844586600214
0.1606446619058674 -0.38967844586600214
0.015244589540512173 0.4250553734141984
0.015244589540512173 -0.4250553734141984
0.34749745149632094 0.22123691245457192
0.34749745149632094 -0.22123691245457192
0.2080075410996026 0.3462482459895634
0.2080075410996026 -0.3462482459895634
-0.089092768813815 0.41435959609910367
-0.089092768813815 -0.41435959609910367
0.4005400885211009 0.0
0.39099724606989295 0.12868327805388613
0.39099724606989295 -0.12868327805388613
0.3020884536449816 0.25090552472896405
0.3020884536449816 -0.25090552472896405
0.11059014494887948 0.3821589411911457
0.11059014494887948 -0.3821589411911457
-0.38631847323582835 0.15278967846030372
-0.38631847323582835 -0.15278967846030372
-0.3134569818809393 0.2611292688262574
-0.3134569818809393 -0.2611292688262574
0.36288929201209563 0.14760539473976544
0.36288929201209563 -0.14760539473976544
-0.37514473070771215 0.17838876358995506
-0.37514473070771215 -0.17838876358995506
0.3323846866691912 0.19687937701857564
0.3323846866691912 -0.19687937701857564
-0.3885563499407855 0.09854569193190853
-0.3885563499407855 -0.09854569193190853
-0.3137276172008727 0.2313045694290852
-0.3137276172008727 -0.2313045694290852
0.0367736937380819 0.38683979927850215
0.0367736937380819 -0.38683979927850215
0.3850178373774826 0.05789693588288994
0.3850178373774826 -0.05789693588288994
-0.18518632929026677 0.33725345530719064
-0.18518632929026677 -0.33725345530719064
-0.07852081372154815 0.37668272185610374
-0.07852081372154815 -0.37668272185610374
-0.3455575201337714 0.15687129405092473
-0.3455575201337714 -0.15687129405092473
-0.1259173659515575 0.35186056935476356
-0.1259173659515575 -0.35186056935476356
-0.19473053109863855 0.31374113266477077
-0.19473053109863855 -0.31374113266477077
0.2234317855477497 0.26660929706380854
0.2234317855477497 -0.26660929706380854
-0.22650302981012135 0.27312473378238017
-0.22650302981012135 -0.27312473378238017
-0.3593605221140769 0.02606504597649236
-0.3593605221140769 -0.02606504597649236
-0.0954938731295 0.3440147854784415
-0.0954938731295 -0.3440147854784415
-0.3403710951055662 0.11129370438420583
-0.3403710951055662 -0.11129370438420583
-0.3448057944617611 0.0
0.15645412714144818 0.3080541582157963
0.15645412714144818 -0.3080541582157963
0.05093155661625205 0.35391671966198474
0.05093155661625205 -0.35391671966198474
-0.21958693449744776 0.24971209031199595
-0.21958693449744776 -0.24971209031199595
0.28441948445775345 0.1844755367416981
0.28441948445775345 -0.1844755367416981
0.25489498558933565 0.20875390262962001
0.25489498558933565 -0.20875390262962001
-0.16857580296075775 0.28120971774470954
-0.16857580296075775 -0.28120971774470954
0.3631474510418335 0.03264386681120539
0.3631474510418335 -0.03264386681120539
0.3402801960100759 0.0
0.06020789857517051 0.3455968405247531
0.06020789857517051 -0.3455968405247531
-0.023592526655147064 0.3390905128839196
-0.023592526655147064 -0.3390905128839196
-0.2651236084194602 0.17652535033771108
-0.2651236084194602 -0.17652535033771108
0.29355643124583053 0.1264880016396945
0.29355643124583053 -0.1264880016396945
0.058529413752176705 0.32724761216567994
0.058529413752176705 -0.32724761216567994
-0.2288184882325483 0.18219166346054985
-0.2288184882325483 -0.18219166346054985
0.1939667604651052 0.2139480277591395
0.1939667604651052 -0.2139480277591395
-0.28078738732283137 0.12200241656278633
-0.28078738732283137 -0.12200241656278633
-0.1000661577697987 0.28986845066547146
-0.1000661577697987 -0.28986845066547146
-0.2868390867972223 0.0
-0.05003431468022103 0.296769275013046
-0.05003431468022103 -0.296769275013046
0.3205289483635903 0.036649617154134555
0.3205289483635903 -0.036649617154134555
-0.17448079086940618 0.21772899848415037
-0.17448079086940618 -0.21772899848415037
-0.2548122136309585 0.10710947078250584
-0.2548122136309585 -0.10710947078250584
-0.15274085614712396 0.22502203750981237
-0.15274085614712396 -0.22502203750981237
-0.2806037677467075 0.0247038469630874
-0.2806037677467075 -0.0247038469630874
0.0958728099064894 0.25610919113099956
0.0958728099064894 -0.25610919113099956
-0.18861527218445664 0.1651699484052294
-0.18861527218445664 -0.1651699484052294
0.07895398434390234 0.2512098398265751
0.07895398434390234 -0.2512098398265751
-0.09931621147912262 0.23575453242111416
-0.09931621147912262 -0.23575453242111416
0.14782179634704815 0.20789131723443086
0.14782179634704815 -0.20789131723443086
0.2830135484775078 0.0
0.020062430417843904 0.2583689002338411
0.020062430417843904 -0.2583689002338411
0.2114735367622292 0.12939959880078955
0.2114735367622292 -0.12939959880078955
-0.2224041941417677 0.07218908853805338
-0.2224041941417677 -0.07218908853805338
0.16070319634827593 0.1603066890396311
0.16070319634827593 -0.1603066890396311
-0.06734966080464821 0.22153747757177705
-0.06734966080464821 -0.22153747757177705
0.036808381665409465 0.2269946726678611
0.036808381665409465 -0.2269946726678611
0.25825786752743474 0.033221461827055314
0.25825786752743474 -0.033221461827055314
0.22852356163565268 0.05852898987845968
0.22852356163565268 -0.05852898987845968
0.2444850642880745 0.0
-0.2285578117323074 0.038614959443348855
-0.2285578117323074 -0.038614959443348855
0.13481366668632594 0.15551605277557096
0.13481366668632594 -0.15551605277557096
0.19932335942343007 0.07591353238949924
0.19932335942343007 -0.07591353238949924
-0.14276412779312073 0.12339261501317873
-0.14276412779312073 -0.12339261501317873
0.23878813257324907 0.0
-0.13450369059304584 0.1243194807041695
-0.13450369059304584 -0.1243194807041695
-0.07050843121342931 0.15689633305434644
-0.07050843121342931 -0.15689633305434644
0.17331975758636733 0.06921437864525522
0.17331975758636733 -0.06921437864525522
-0.18503012461298804 0.0
-0.150842550848241 0.062047442665722465
-0.150842550848241 -0.062047442665722465
0.05469035978244215 0.16575665338095058
0.05469035978244215 -0.16575665338095058
0.09292601611764767 0.14531401142121583
0.09292601611764767 -0.14531401142121583
0.13646769581367338 0.10363604571057278
0.13646769581367338 -0.10363604571057278
0.022603867712143177 0.16375331686812858
0.022603867712143177 -0.16375331686812858
-0.04108948406742225 0.1664384195876624
-0.04108948406742225 -0.1664384195876624
-0.031168037418236795 0.15558323571844304
-0.031168037418236795 -0.15558323571844304
0.11606227455500036 0.05336626957926731
0.11606227455500036 -0.05336626957926731
0.15893799553565582 0.0
0.16546789877575163 0.0
-0.14147473210364941 0.03355296907203524
-0.14147473210364941 -0.03355296907203524
0.015326429155997164 0.1331786814784015
0.015326429155997164 -0.1331786814784015
-0.09124073410022854 0.06396773220276648
-0.09124073410022854 -0.06396773220276648
0.04661957155399095 0.07331116111067648
0.04661957155399095 -0.07331116111067648
-0.07745743085114905 0.0
-0.019605100518701714 0.08426455219564022
-0.019605100518701714 -0.08426455219564022
0.03227117672402191 0.06048286190989873
0.03227117672402191 -0.06048286190989873
0.03779492827277651 0.0
-0.059658083146910686 0.0
-0.03173947369759975 0.01388497776154356
-0.03173947369759975 -0.01388497776154356
