0.20839399415888582 1.942033757126358
0.20839399415888582 -1.942033757126358
-1.4450120305557956 0.0
0.8836926885019094 0.8415996021063786
0.8836926885019094 -0.8415996021063786
-0.8328820910481328 0.8153006762142196
-0.8328820910481328 -0.8153006762142196
-0.5931136503675178 0.9473024824921019
-0.5931136503675178 -0.9473024824921019
1.1094526143273675 0.0
0.969250533303543 0.3663883922208443
0.969250533303543 -0.3663883922208443
0.3659881726296162 1.0037315849546289
0.3659881726296162 -1.0037315849546289
0.6472166002230291 0.7945192475301922
0.6472166002230291 -0.7945192475301922
0.7782663189750786 0.5895006356990407
0.7782663189750786 -0.5895006356990407
0.7402997037919175 0.6256060101603069
0.7402997037919175 -0.6256060101603069
0.5225432195430433 0.8474756024612486
0.5225432195430433 -0.8474756024612486
0.47222333852442633 0.879884128114488
0.47222333852442633 -0.879884128114488
0.17083922775839183 1.0261865196782478
0.17083922775839183 -1.0261865196782478
0.2199845331383431 0.9871803208429183
0.2199845331383431 -0.9871803208429183
-0.0355141442909572 1.0309038510929853
-0.0355141442909572 -1.0309038510929853
-0.4020242769174741 0.948398136494707
-0.4020242769174741 -0.948398136494707
-0.6675685971578265 0.7926652533908485
-0.6675685971578265 -0.7926652533908485
-0.5231436955822573 0.8718412699565387
-0.5231436955822573 -0.8718412699565387
-0.7504871924673693 0.6880341159325861
-0.7504871924673693 -0.6880341159325861
-0.8250986284883157 0.592015318207721
-0.8250986284883157 -0.592015318207721
-0.9819896344112481 0.24917216571534803
-0.9819896344112481 -0.24917216571534803
-1.010391912568946 0.056914584108920994
-1.010391912568946 -0.056914584108920994
-0.867430359455341 0.498334414240964
-0.867430359455341 -0.498334414240964
-0.5827353856675056 0.8055321682297979
-0.5827353856675056 -0.8055321682297979
-0.9050384955075867 0.4115049260785129
-0.9050384955075867 -0.4115049260785129
-0.6212363601524029 0.7501504310602166
-0.6212363601524029 -0.7501504310602166
-0.22854295982958106 0.9686736055153204
-0.22854295982958106 -0.9686736055153204
-0.006853979567868207 0.9942795898789206
-0.006853979567868207 -0.9942795898789206
-0.09837001155395678 0.9854120377491224
-0.09837001155395678 -0.9854120377491224
-0.9938543201476685 0.0
0.15350205113822557 0.9714025422860059
0.15350205113822557 -0.9714025422860059
0.8760928648665545 0.43699182015299687
0.8760928648665545 -0.43699182015299687
0.3631932854167751 0.9059791676504813
0.3631932854167751 -0.9059791676504813
0.9709838492371269 0.16221468865001087
0.9709838492371269 -0.16221468865001087
0.9547431915589522 0.20685041712325175
0.9547431915589522 -0.20685041712325175
0.9685601738925389 0.13340585224993295
0.9685601738925389 -0.13340585224993295
0.7999508738952741 0.543226503511923
0.7999508738952741 -0.543226503511923
0.7045499254071406 0.6488878331538345
0.7045499254071406 -0.6488878331538345
0.9669737733681545 0.09688463123133632
0.9669737733681545 -0.09688463123133632
0.9152921477706246 0.30369087548042584
0.9152921477706246 -0.30369087548042584
0.7863527121452264 0.5392095014049157
0.7863527121452264 -0.5392095014049157
0.6523917286077431 0.6858157596618489
0.6523917286077431 -0.6858157596618489
0.5444645062947608 0.7877238832751395
0.5444645062947608 -0.7877238832751395
0.27131993670843124 0.9193117542068872
0.27131993670843124 -0.9193117542068872
-0.9147715026498678 0.32210762878521676
-0.9147715026498678 -0.32210762878521676
-0.5384709902346543 0.7751598895541101
-0.5384709902346543 -0.7751598895541101
-0.7279934729464277 0.6079505947332804
-0.7279934729464277 -0.6079505947332804
-0.8805986957049541 0.37878502374154543
-0.8805986957049541 -0.37878502374154543
-0.6762425072844656 0.6450202244471902
-0.6762425072844656 -0.6450202244471902
-0.37483639843163197 0.8732795589462586
-0.37483639843163197 -0.8732795589462586
0.8427757277061654 0.4364359245976444
0.8427757277061654 -0.4364359245976444
-0.7874949631472536 0.5124145853090086
-0.7874949631472536 -0.5124145853090086
-0.8181589102654271 0.45958648732248186
-0.8181589102654271 -0.45958648732248186
0.48333857060725316 0.8081288265099786
0.48333857060725316 -0.8081288265099786
-0.764425058997142 0.53126673346429
-0.764425058997142 -0.53126673346429
-0.1501437154043347 0.9486574931773831
-0.1501437154043347 -0.9486574931773831
0.5420258203462542 0.7540798591838562
0.5420258203462542 -0.7540798591838562
0.6116063368441328 0.6811730016952011
0.6116063368441328 -0.6811730016952011
0.7064556925512812 0.5797577333999416
0.7064556925512812 -0.5797577333999416
0.8740080297280018 0.3494756536353011
0.8740080297280018 -0.3494756536353011
0.6422434501154408 0.6381619462206672
0.6422434501154408 -0.6381619462206672
0.34205898984998134 0.8820348307386222
0.34205898984998134 -0.8820348307386222
0.13875584206763597 0.9403671261137112
0.13875584206763597 -0.9403671261137112
-0.9322624645900999 0.18806777161118354
-0.9322624645900999 -0.18806777161118354
-0.6473602051107035 0.6496692829748043
-0.6473602051107035 -0.6496692829748043
-0.6155411544306879 0.6793240462023821
-0.6155411544306879 -0.6793240462023821
-0.6902769639477393 0.5936279669061165
-0.6902769639477393 -0.5936279669061165
-0.5408276022425968 0.7392671783045542
-0.5408276022425968 -0.7392671783045542
-0.9306276421499744 0.1746523679985543
-0.9306276421499744 -0.1746523679985543
-0.5642644627247598 0.7078874787726831
-0.5642644627247598 -0.7078874787726831
-0.30395903053576034 0.890424330639775
-0.30395903053576034 -0.890424330639775
-0.14853423542976865 0.9374412351930007
-0.14853423542976865 -0.9374412351930007
-0.3246241059016848 0.8809948359083294
-0.3246241059016848 -0.8809948359083294
-0.4651285861198494 0.7991779194261446
-0.4651285861198494 -0.7991779194261446
-0.8958193191490089 0.27807281678423806
-0.8958193191490089 -0.27807281678423806
-0.8360567376031784 0.4025684262533239
-0.8360567376031784 -0.4025684262533239
0.08899999236162034 0.9368220212483697
0.08899999236162034 -0.9368220212483697
0.9099188026178477 0.2087112264708013
0.9099188026178477 -0.2087112264708013
0.8018761927238396 0.4513336082178911
0.8018761927238396 -0.4513336082178911
0.9283960633752433 0.07548190577823731
0.9283960633752433 -0.07548190577823731
0.7209812356877956 0.5504903398602125
0.7209812356877956 -0.5504903398602125
0.8348097948089926 0.38562814811547186
0.8348097948089926 -0.38562814811547186
0.21981022113895726 0.9052711607225329
0.21981022113895726 -0.9052711607225329
-0.7239975143786389 0.5476379443872481
-0.7239975143786389 -0.5476379443872481
0.46542941363940654 0.7828815577998876
0.46542941363940654 -0.7828815577998876
0.5037954007726085 0.7553431867190257
0.5037954007726085 -0.7553431867190257
-0.9300083436450823 0.07793579463422298
-0.9300083436450823 -0.07793579463422298
-0.9221908371207461 0.0
-0.3836695561126097 0.832005726564387
-0.3836695561126097 -0.832005726564387
-0.10427409037264346 0.926165120979884
-0.10427409037264346 -0.926165120979884
-0.9279036055393035 0.03426916503036147
-0.9279036055393035 -0.03426916503036147
0.5554534622176089 0.693979280272166
0.5554534622176089 -0.693979280272166
-0.8843469677720444 0.2569775021464476
-0.8843469677720444 -0.2569775021464476
-0.7942307364051343 0.42522907334526877
-0.7942307364051343 -0.42522907334526877
-0.4211915091451284 0.7915295526955349
-0.4211915091451284 -0.7915295526955349
-0.13385491533993926 0.9149538224864914
-0.13385491533993926 -0.9149538224864914
0.7677462020902114 0.4657524336311503
0.7677462020902114 -0.4657524336311503
0.9183853821708239 0.010288459943426573
0.9183853821708239 -0.010288459943426573
0.7130846914706837 0.5263684882156835
0.7130846914706837 -0.5263684882156835
0.02499872410523543 0.9159205975550087
0.02499872410523543 -0.9159205975550087
-0.6986950027031247 0.5258042078273524
-0.6986950027031247 -0.5258042078273524
0.8641003444282985 0.30690114416749126
0.8641003444282985 -0.30690114416749126
-0.8366250950282192 0.33998627524700803
-0.8366250950282192 -0.33998627524700803
0.5577685178603317 0.6586680702134806
0.5577685178603317 -0.6586680702134806
0.6256071896939304 0.6053669926615747
0.6256071896939304 -0.6053669926615747
0.9133623435714162 0.03492687247802772
0.9133623435714162 -0.03492687247802772
-0.21182715372566596 0.8880390572901468
-0.21182715372566596 -0.8880390572901468
0.27317169649568535 0.8664104477956166
0.27317169649568535 -0.8664104477956166
0.3240413746550621 0.8392732236211119
0.3240413746550621 -0.8392732236211119
0.41015428938179765 0.7920896228322424
0.41015428938179765 -0.7920896228322424
-0.8846419810166847 0.09560655963497346
-0.8846419810166847 -0.09560655963497346
0.0033870404567497014 0.9101901749471236
0.0033870404567497014 -0.9101901749471236
0.5482989039297876 0.6583294437437903
0.5482989039297876 -0.6583294437437903
-0.7603298579135179 0.4319584876598564
-0.7603298579135179 -0.4319584876598564
-0.8573133873066818 0.2188514947504314
-0.8573133873066818 -0.2188514947504314
-0.6596427836048371 0.54261815363341
-0.6596427836048371 -0.54261815363341
-0.26782644799177613 0.8524025946715434
-0.26782644799177613 -0.8524025946715434
-0.45615110118123925 0.7296304144797652
-0.45615110118123925 -0.7296304144797652
0.210831306430344 0.8703028578285645
0.210831306430344 -0.8703028578285645
0.037128976065548366 0.8947893233679312
0.037128976065548366 -0.8947893233679312
0.31340401075289165 0.8265386036610265
0.31340401075289165 -0.8265386036610265
0.8959975783589296 0.1256381053108591
0.8959975783589296 -0.1256381053108591
0.8923972408376271 0.0
-0.07516631740336177 0.883030330164979
-0.07516631740336177 -0.883030330164979
0.852756260555118 0.28102902975435307
0.852756260555118 -0.28102902975435307
0.4783369400186046 0.716315857871758
0.4783369400186046 -0.716315857871758
0.8581616032209193 0.2214122834524157
0.8581616032209193 -0.2214122834524157
0.8261674181514095 0.32032434714544256
0.8261674181514095 -0.32032434714544256
0.7068935028379052 0.49052152904469304
0.7068935028379052 -0.49052152904469304
0.6318929735306988 0.5702568645273348
0.6318929735306988 -0.5702568645273348
0.8730030417077586 0.1559761658344977
0.8730030417077586 -0.1559761658344977
-0.8720581205393427 0.12965414669661643
-0.8720581205393427 -0.12965414669661643
-0.5857854276942781 0.614040793990191
-0.5857854276942781 -0.614040793990191
-0.8730421965304441 0.0
-0.703363285986156 0.4718802902660684
-0.703363285986156 -0.4718802902660684
-0.2966274119278172 0.8204476418571521
-0.2966274119278172 -0.8204476418571521
-0.8343031508563574 0.25239402692829155
-0.8343031508563574 -0.25239402692829155
-0.2762469081338425 0.8240028345056698
-0.2762469081338425 -0.8240028345056698
0.8242821434368607 0.27291353468365215
0.8242821434368607 -0.27291353468365215
0.7708420160910106 0.3817870837097562
0.7708420160910106 -0.3817870837097562
0.7222583666838651 0.42692400739631264
0.7222583666838651 -0.42692400739631264
0.8320602997316224 0.0811626681532623
0.8320602997316224 -0.0811626681532623
-0.7907637212065912 0.31426005890242337
-0.7907637212065912 -0.31426005890242337
0.3970753426656811 0.7482170717647795
0.3970753426656811 -0.7482170717647795
-0.5234487891114183 0.6500498540970223
-0.5234487891114183 -0.6500498540970223
-0.3992727232576143 0.7471914888612934
-0.3992727232576143 -0.7471914888612934
-0.20641018858226662 0.8368353486044569
-0.20641018858226662 -0.8368353486044569
0.16681745324029967 0.8494947248135393
0.16681745324029967 -0.8494947248135393
0.34229468949259284 0.7688814741539199
0.34229468949259284 -0.7688814741539199
-0.16106803017633736 0.8409640687768335
-0.16106803017633736 -0.8409640687768335
0.07602829535008523 0.8511582783886561
0.07602829535008523 -0.8511582783886561
0.12289062111229529 0.8454718816197271
0.12289062111229529 -0.8454718816197271
-0.7418768016678275 0.38702327320310986
-0.7418768016678275 -0.38702327320310986
-0.3372345729709587 0.7756039863027017
-0.3372345729709587 -0.7756039863027017
0.1853934204786951 0.8265302442662493
0.1853934204786951 -0.8265302442662493
-0.07839493575012463 0.8470179307748699
-0.07839493575012463 -0.8470179307748699
0.255094713847331 0.7999238055323808
0.255094713847331 -0.7999238055323808
-0.8173549353565733 0.19014181250899986
-0.8173549353565733 -0.19014181250899986
-0.8327122969097689 0.11958576123194188
-0.8327122969097689 -0.11958576123194188
-0.45370853589562965 0.6778091613730787
-0.45370853589562965 -0.6778091613730787
-0.02271036627995604 0.8338081129366848
-0.02271036627995604 -0.8338081129366848
0.8167697374096624 0.1587283277388529
0.8167697374096624 -0.1587283277388529
-0.6135105064923734 0.5170894012318159
-0.6135105064923734 -0.5170894012318159
0.4947294383603681 0.6385746303923479
0.4947294383603681 -0.6385746303923479
-0.17774243641247897 0.8068830769329368
-0.17774243641247897 -0.8068830769329368
0.20091767233463032 0.7968744259471685
0.20091767233463032 -0.7968744259471685
0.3627505607645884 0.7215688181917852
0.3627505607645884 -0.7215688181917852
-0.7464064128068842 0.311831093654525
-0.7464064128068842 -0.311831093654525
-0.573164974523346 0.5471336825764117
-0.573164974523346 -0.5471336825764117
-0.4982777078141174 0.6201918840890878
-0.4982777078141174 -0.6201918840890878
0.7376453215007158 0.331849607785427
0.7376453215007158 -0.331849607785427
0.6689637935833861 0.4515648135992786
0.6689637935833861 -0.4515648135992786
0.6475515971948884 0.46900909577113015
0.6475515971948884 -0.46900909577113015
0.4671291724943809 0.6459750655813875
0.4671291724943809 -0.6459750655813875
0.3298299489672367 0.7292466478171964
0.3298299489672367 -0.7292466478171964
0.591068728426964 0.5251667192303838
0.591068728426964 -0.5251667192303838
-0.10688046396527022 0.8072839651903809
-0.10688046396527022 -0.8072839651903809
-0.35694273443600777 0.7183048684492298
-0.35694273443600777 -0.7183048684492298
-0.7849497333248556 0.21342455022289042
-0.7849497333248556 -0.21342455022289042
-0.7108187358800352 0.3667906888569307
-0.7108187358800352 -0.3667906888569307
-0.7960781588766368 0.045887613984975824
-0.7960781588766368 -0.045887613984975824
0.13564595818901296 0.7914767634904233
0.13564595818901296 -0.7914767634904233
-0.6313772412403242 0.4645339137528126
-0.6313772412403242 -0.4645339137528126
-0.6919048387912101 0.386942160715455
-0.6919048387912101 -0.386942160715455
-0.13888663596507234 0.7909221552594
-0.13888663596507234 -0.7909221552594
0.8101981592097124 0.015805764170789133
0.8101981592097124 -0.015805764170789133
0.5365603494126474 0.5718404527819828
0.5365603494126474 -0.5718404527819828
0.7437589396567568 0.2870755482267964
0.7437589396567568 -0.2870755482267964
-0.7386513004817377 0.28765299281967766
-0.7386513004817377 -0.28765299281967766
0.7486856738823324 0.24480426101842806
0.7486856738823324 -0.24480426101842806
-0.28426422100295756 0.7383901524892835
-0.28426422100295756 -0.7383901524892835
0.42556144055132594 0.6561223001298326
0.42556144055132594 -0.6561223001298326
0.5665297336897575 0.5332482127748797
0.5665297336897575 -0.5332482127748797
0.28853326537466917 0.7291838761209312
0.28853326537466917 -0.7291838761209312
-0.52121114560602 0.5557691019595602
-0.52121114560602 -0.5557691019595602
-0.7730876328208064 0.14391535048553786
-0.7730876328208064 -0.14391535048553786
-0.6078906154089615 0.45503215156908056
-0.6078906154089615 -0.45503215156908056
0.38281158243371216 0.6646269829147187
0.38281158243371216 -0.6646269829147187
0.5774963932809488 0.49244968691598345
0.5774963932809488 -0.49244968691598345
0.6201155694443913 0.4325139935529478
0.6201155694443913 -0.4325139935529478
-0.05782687141699566 0.7827514693119986
-0.05782687141699566 -0.7827514693119986
-0.48448355945574234 0.5772801350366824
-0.48448355945574234 -0.5772801350366824
-0.4400932358400569 0.6140793590144759
-0.4400932358400569 -0.6140793590144759
-0.38654601186453974 0.6523087360476316
-0.38654601186453974 -0.6523087360476316
-0.1935663055013403 0.7571324969382774
-0.1935663055013403 -0.7571324969382774
0.5322992291595015 0.5274057789319591
0.5322992291595015 -0.5274057789319591
0.4495455267088677 0.5953972716049037
0.4495455267088677 -0.5953972716049037
-0.6884723696883651 0.34963556066983886
-0.6884723696883651 -0.34963556066983886
-0.5395611497091235 0.5030390795811939
-0.5395611497091235 -0.5030390795811939
0.034716134833755255 0.7790950784917947
0.034716134833755255 -0.7790950784917947
0.7545896754724972 0.0
0.7532372013223154 0.17800210273367909
0.7532372013223154 -0.17800210273367909
0.7623174866055302 0.11312799301539068
0.7623174866055302 -0.11312799301539068
0.6524557526490804 0.3597501875617921
0.6524557526490804 -0.3597501875617921
0.6891806906881424 0.31351590787207134
0.6891806906881424 -0.31351590787207134
0.740061658391571 0.19573537364359717
0.740061658391571 -0.19573537364359717
0.7184542549965772 0.25098256286276016
0.7184542549965772 -0.25098256286276016
0.7617192665194672 0.03601958297407918
0.7617192665194672 -0.03601958297407918
0.6681715475351863 0.33337559019264057
0.6681715475351863 -0.33337559019264057
0.07307158810545424 0.7611429462767223
0.07307158810545424 -0.7611429462767223
-0.03568682418371139 0.7608438185074046
-0.03568682418371139 -0.7608438185074046
0.1448454275511663 0.7404723034429983
0.1448454275511663 -0.7404723034429983
-0.15952265032697882 0.7455022364225141
-0.15952265032697882 -0.7455022364225141
-0.2672828430933645 0.7049830605699989
-0.2672828430933645 -0.7049830605699989
-0.6480935942671492 0.3827136785838254
-0.6480935942671492 -0.3827136785838254
-0.24363886828426246 0.7147285873507047
-0.24363886828426246 -0.7147285873507047
0.1893927137768719 0.7244965055659398
0.1893927137768719 -0.7244965055659398
0.5135946799982722 0.5196207526999032
0.5135946799982722 -0.5196207526999032
-0.761444942940767 0.0664580862272152
-0.761444942940767 -0.0664580862272152
0.41614154479234644 0.5976520349685085
0.41614154479234644 -0.5976520349685085
-0.7367807137042487 0.15853409989949288
-0.7367807137042487 -0.15853409989949288
-0.7208937419070914 0.20918873924649722
-0.7208937419070914 -0.20918873924649722
-0.7072755579555663 0.23491304689005832
-0.7072755579555663 -0.23491304689005832
-0.7480189062959659 0.04864806291857739
-0.7480189062959659 -0.04864806291857739
-0.35879338926530835 0.632876874190574
-0.35879338926530835 -0.632876874190574
-0.3225890741456795 0.6488116151342219
-0.3225890741456795 -0.6488116151342219
-0.7262139359104733 0.1454098848248942
-0.7262139359104733 -0.1454098848248942
-0.7335706626681797 0.02812413509659592
-0.7335706626681797 -0.02812413509659592
0.31271133420872566 0.6525220451420949
0.31271133420872566 -0.6525220451420949
0.20085235561417686 0.6941854934394409
0.20085235561417686 -0.6941854934394409
-0.45616001801147965 0.5373567635424816
-0.45616001801147965 -0.5373567635424816
0.6814244014458886 0.24622566101762064
0.6814244014458886 -0.24622566101762064
-0.4095995067916737 0.5765786427547375
-0.4095995067916737 -0.5765786427547375
0.5772328272664302 0.38314095913167073
0.5772328272664302 -0.38314095913167073
0.046528378816579445 0.716616705896035
0.046528378816579445 -0.716616705896035
-0.5213050693905169 0.4621750851577874
-0.5213050693905169 -0.4621750851577874
-0.5635461917574842 0.40903842118973527
-0.5635461917574842 -0.40903842118973527
-0.2907507082035311 0.646001999350222
-0.2907507082035311 -0.646001999350222
-0.6004513331353143 0.3568779711751198
-0.6004513331353143 -0.3568779711751198
-0.6845601115758451 0.2105649734950426
-0.6845601115758451 -0.2105649734950426
0.00713092570206875 0.7127235382823319
0.00713092570206875 -0.7127235382823319
0.1620139446008298 0.6920698242729093
0.1620139446008298 -0.6920698242729093
0.4274794335888318 0.5443010979897027
0.4274794335888318 -0.5443010979897027
0.3377289168797605 0.6055402621873051
0.3377289168797605 -0.6055402621873051
0.5472013054642542 0.4176614364465145
0.5472013054642542 -0.4176614364465145
0.6910479548718214 0.1675236684931696
0.6910479548718214 -0.1675236684931696
0.27115135828192005 0.6504188639027008
0.27115135828192005 -0.6504188639027008
0.6104193095739633 0.32376926654942906
0.6104193095739633 -0.32376926654942906
0.7064439714956967 0.09046445978779538
0.7064439714956967 -0.09046445978779538
0.7053492990624948 0.06612673519707443
0.7053492990624948 -0.06612673519707443
0.6966478569342297 0.0
0.4989900810851387 0.45497669197670193
0.4989900810851387 -0.45497669197670193
-0.2618668607998285 0.6545660557498074
-0.2618668607998285 -0.6545660557498074
-0.1498509389324829 0.69020490924178
-0.1498509389324829 -0.69020490924178
-0.6510439466910479 0.26049630885200714
-0.6510439466910479 -0.26049630885200714
-0.5599876747506556 0.3810109741886718
-0.5599876747506556 -0.3810109741886718
0.44768978166641105 0.49245585299951483
0.44768978166641105 -0.49245585299951483
-0.4809910942736304 0.4555056373499727
-0.4809910942736304 -0.4555056373499727
-0.3758166305643035 0.5493754410339529
-0.3758166305643035 -0.5493754410339529
-0.6208684209510138 0.3033223435624164
-0.6208684209510138 -0.3033223435624164
-0.21005310788936493 0.6628738274833851
-0.21005310788936493 -0.6628738274833851
-0.6948403872513136 0.06957937123558822
-0.6948403872513136 -0.06957937123558822
-0.06761981695862748 0.6909815296425106
-0.06761981695862748 -0.6909815296425106
-0.6717952189398272 0.01802556321580182
-0.6717952189398272 -0.01802556321580182
0.06803120950377639 0.682482481522669
0.06803120950377639 -0.682482481522669
-0.1723964077121853 0.6577115207388212
-0.1723964077121853 -0.6577115207388212
-0.5061796614852091 0.4120460311135631
-0.5061796614852091 -0.4120460311135631
0.6220921451667069 0.2806612206111064
0.6220921451667069 -0.2806612206111064
-0.04474044091787324 0.6756143095856009
-0.04474044091787324 -0.6756143095856009
-0.5605868667041392 0.32132858340030485
-0.5605868667041392 -0.32132858340030485
0.2882451569605228 0.6029222760756963
0.2882451569605228 -0.6029222760756963
0.6459472091602229 0.21715257558505244
0.6459472091602229 -0.21715257558505244
-0.2813646868939499 0.5950074954898565
-0.2813646868939499 -0.5950074954898565
0.10852773172529857 0.6565143887864141
0.10852773172529857 -0.6565143887864141
0.4489438684822024 0.46605628453154735
0.4489438684822024 -0.46605628453154735
0.3400373756994539 0.5532276293648588
0.3400373756994539 -0.5532276293648588
0.4693178728540275 0.43553118620328374
0.4693178728540275 -0.43553118620328374
0.6624260639533888 0.08321699603711229
0.6624260639533888 -0.08321699603711229
0.578420099748673 0.2891660621527362
0.578420099748673 -0.2891660621527362
0.6283324597119309 0.1990948733564656
0.6283324597119309 -0.1990948733564656
-0.586832652745067 0.28068748819843337
-0.586832652745067 -0.28068748819843337
-0.42565751219969905 0.47004579702878013
-0.42565751219969905 -0.47004579702878013
-0.3454226491519598 0.5241765288623158
-0.3454226491519598 -0.5241765288623158
0.19919087959036325 0.6169573830460624
0.19919087959036325 -0.6169573830460624
0.13088899116455488 0.6322418497528338
0.13088899116455488 -0.6322418497528338
0.6382561083253693 0.1470667092076568
0.6382561083253693 -0.1470667092076568
0.45479114946589505 0.4164001668345307
0.45479114946589505 -0.4164001668345307
-0.6061659936690815 0.23786064206816943
-0.6061659936690815 -0.23786064206816943
0.5320075962511519 0.3194512878166576
0.5320075962511519 -0.3194512878166576
-0.6364866192039349 0.1454540650519198
-0.6364866192039349 -0.1454540650519198
-0.6097351914842126 0.21589990456303845
-0.6097351914842126 -0.21589990456303845
-0.6255396510004235 0.16969383804612653
-0.6255396510004235 -0.16969383804612653
0.489018862385599 0.36490680231443895
0.489018862385599 -0.36490680231443895
-0.12840384961582374 0.6348892341679835
-0.12840384961582374 -0.6348892341679835
0.5917109406718319 0.2391676836776678
0.5917109406718319 -0.2391676836776678
0.6390019708450738 0.0
0.6266966275477616 0.0
0.6093383505245769 0.11068070532917754
0.6093383505245769 -0.11068070532917754
0.28039856037591315 0.5536817985511217
0.28039856037591315 -0.5536817985511217
-0.6240300001749977 0.132607371012538
-0.6240300001749977 -0.132607371012538
0.03262062257190002 0.6413080136538971
0.03262062257190002 -0.6413080136538971
0.35210458964592817 0.49667221212368695
0.35210458964592817 -0.49667221212368695
0.33494414317417176 0.5078526622975377
0.33494414317417176 -0.5078526622975377
-0.042425915747922836 0.6382917384514519
-0.042425915747922836 -0.6382917384514519
-0.2907784164288225 0.5524523537647316
-0.2907784164288225 -0.5524523537647316
-0.19314608569052044 0.5969019219938677
-0.19314608569052044 -0.5969019219938677
-0.5205852052791913 0.32119843803526393
-0.5205852052791913 -0.32119843803526393
-0.4898079759578522 0.3597741399512444
-0.4898079759578522 -0.3597741399512444
0.11150983827450184 0.6094326807855185
0.11150983827450184 -0.6094326807855185
-0.6192751207946349 0.022638694573329874
-0.6192751207946349 -0.022638694573329874
-0.19784003172533204 0.577380205257509
-0.19784003172533204 -0.577380205257509
-0.27034925239695307 0.5374093443404077
-0.27034925239695307 -0.5374093443404077
-0.36337332353030904 0.4595959662965028
-0.36337332353030904 -0.4595959662965028
0.04882451484039846 0.6065999743656268
0.04882451484039846 -0.6065999743656268
0.18634294643779997 0.5677781510498315
0.18634294643779997 -0.5677781510498315
-0.02580432324687032 0.6074348735027106
-0.02580432324687032 -0.6074348735027106
-0.5979781818946344 0.08431471965206551
-0.5979781818946344 -0.08431471965206551
0.25527014862858033 0.5212851452153259
0.25527014862858033 -0.5212851452153259
-0.40360718848089483 0.415624230357823
-0.40360718848089483 -0.415624230357823
-0.3329745446549915 0.47480202034566416
-0.3329745446549915 -0.47480202034566416
0.5872875114594942 0.04738633914100736
0.5872875114594942 -0.04738633914100736
0.5552095794755489 0.1974940501289124
0.5552095794755489 -0.1974940501289124
-0.4286783697775652 0.3815332188676034
-0.4286783697775652 -0.3815332188676034
-0.05526737337664933 0.5943494492694008
-0.05526737337664933 -0.5943494492694008
0.5112089355079077 0.26346663169428347
0.5112089355079077 -0.26346663169428347
0.40542104649164845 0.3971359625964806
0.40542104649164845 -0.3971359625964806
0.4295562336994716 0.378179002390723
0.4295562336994716 -0.378179002390723
0.2702192936048591 0.5038025103066966
0.2702192936048591 -0.5038025103066966
-0.49892820299534213 0.2694103315291646
-0.49892820299534213 -0.2694103315291646
0.4545191373359611 0.31583753118052876
0.4545191373359611 -0.31583753118052876
-0.12085886027538548 0.5688501285727406
-0.12085886027538548 -0.5688501285727406
-0.5479042650084383 0.1850824249592839
-0.5479042650084383 -0.1850824249592839
-0.35928531379887685 0.40739010560181155
-0.35928531379887685 -0.40739010560181155
-0.22955791112273913 0.5212065778144307
-0.22955791112273913 -0.5212065778144307
-0.559184155469688 0.03511566603059304
-0.559184155469688 -0.03511566603059304
-0.5012966670498366 0.24852249316090969
-0.5012966670498366 -0.24852249316090969
-0.5388393652424375 0.12880089226814978
-0.5388393652424375 -0.12880089226814978
-0.42281516281021636 0.3282296396057156
-0.42281516281021636 -0.3282296396057156
-0.4717986360389741 0.23831310945479728
-0.4717986360389741 -0.23831310945479728
0.5349892214333556 0.16020665864211156
0.5349892214333556 -0.16020665864211156
0.3125053082650895 0.44964792539073845
0.3125053082650895 -0.44964792539073845
0.5553993129482895 0.08157068736658053
0.5553993129482895 -0.08157068736658053
-0.1480955652980656 0.5348373450509413
-0.1480955652980656 -0.5348373450509413
0.11413289757648235 0.5453022103051771
0.11413289757648235 -0.5453022103051771
0.07674418554360919 0.5440111777956105
0.07674418554360919 -0.5440111777956105
0.2765387043294476 0.4616254703346523
0.2765387043294476 -0.4616254703346523
0.551458360765632 0.0
0.004961158375413333 0.5467404395335856
0.004961158375413333 -0.5467404395335856
-0.33152052675032057 0.4085976490688085
-0.33152052675032057 -0.4085976490688085
0.1881293733196605 0.49846492135953985
0.1881293733196605 -0.49846492135953985
0.15315172357553083 0.5115089671257051
0.15315172357553083 -0.5115089671257051
0.3647141040433828 0.3802793175261014
0.3647141040433828 -0.3802793175261014
0.4577273778396199 0.2755782278030883
0.4577273778396199 -0.2755782278030883
0.5292140189530671 0.11018863195595446
0.5292140189530671 -0.11018863195595446
-0.25348673653787634 0.4592216182357005
-0.25348673653787634 -0.4592216182357005
-0.16403665209223256 0.49811712662660174
-0.16403665209223256 -0.49811712662660174
-0.08115120677617448 0.5220014421035707
-0.08115120677617448 -0.5220014421035707
0.395724174501736 0.3198730941916395
0.395724174501736 -0.3198730941916395
0.43984571259880867 0.2609195362949319
0.43984571259880867 -0.2609195362949319
0.5202939863023985 0.0416349879346008
0.5202939863023985 -0.0416349879346008
-0.5258103002864836 0.05751581074349984
-0.5258103002864836 -0.05751581074349984
-0.025936945151334097 0.5261728892143114
-0.025936945151334097 -0.5261728892143114
-0.37727387233974397 0.3365009239818872
-0.37727387233974397 -0.3365009239818872
0.20120568831999291 0.4562262342454639
0.20120568831999291 -0.4562262342454639
0.34278492215768097 0.36269349974035886
0.34278492215768097 -0.36269349974035886
0.42404840257678345 0.2679156958696845
0.42404840257678345 -0.2679156958696845
0.5076946974982623 0.0
0.0728312914431897 0.5081119412777642
0.0728312914431897 -0.5081119412777642
0.25694907139078266 0.41145642591300313
0.25694907139078266 -0.41145642591300313
-0.3830147038863416 0.31572088616810484
-0.3830147038863416 -0.31572088616810484
-0.4437427040195494 0.22453912416136435
-0.4437427040195494 -0.22453912416136435
0.4812008724058874 0.14915378753622557
0.4812008724058874 -0.14915378753622557
-0.2895748797941726 0.37844482916215033
-0.2895748797941726 -0.37844482916215033
0.3671442542074824 0.28987722048549214
0.3671442542074824 -0.28987722048549214
-0.4936464979916726 0.09333134473114642
-0.4936464979916726 -0.09333134473114642
-0.4640004586501735 0.17598209380648355
-0.4640004586501735 -0.17598209380648355
0.13874371674481112 0.4635864040224094
0.13874371674481112 -0.4635864040224094
-0.005576515069436714 0.48540740081581313
-0.005576515069436714 -0.48540740081581313
0.472705170237974 0.12462893264989465
0.472705170237974 -0.12462893264989465
-0.24135226872772786 0.4129759542575435
-0.24135226872772786 -0.4129759542575435
-0.11030187775887446 0.4639569699441811
-0.11030187775887446 -0.4639569699441811
-0.128898375046997 0.46040484944339793
-0.128898375046997 -0.46040484944339793
-0.49081970879779485 0.0
-0.19608323429494923 0.4271846366446261
-0.19608323429494923 -0.4271846366446261
0.41842574893728 0.2139442802358084
0.41842574893728 -0.2139442802358084
0.16630239984170161 0.42181622016591536
0.16630239984170161 -0.42181622016591536
0.47904337968511074 0.045795617828269714
0.47904337968511074 -0.045795617828269714
-0.3395765102744197 0.31466099586403
-0.3395765102744197 -0.31466099586403
-0.47301219896385016 0.08433308420709884
-0.47301219896385016 -0.08433308420709884
-0.3680025777863557 0.27169139197346276
-0.3680025777863557 -0.27169139197346276
0.25737107473599846 0.3672241872785002
0.25737107473599846 -0.3672241872785002
-0.43348168979877916 0.17084015230855246
-0.43348168979877916 -0.17084015230855246
0.43729505704608507 0.13946262831029835
0.43729505704608507 -0.13946262831029835
0.46863391684568917 0.0
-0.43887505600932675 0.13959199524591884
-0.43887505600932675 -0.13959199524591884
-0.05189271203198862 0.45806212527438805
-0.05189271203198862 -0.45806212527438805
0.2186497620515432 0.37527007368832993
0.2186497620515432 -0.37527007368832993
-0.47297354581854956 0.0
0.4571656240921102 0.0
-0.23577215603612792 0.3690427543462019
-0.23577215603612792 -0.3690427543462019
-0.29618138948951966 0.3263481673582455
-0.29618138948951966 -0.3263481673582455
0.3398849071976781 0.25929511705479924
0.3398849071976781 -0.25929511705479924
0.37889030262598 0.20238551853851572
0.37889030262598 -0.20238551853851572
-0.45493333019665483 0.025157571768438622
-0.45493333019665483 -0.025157571768438622
0.18185237681241623 0.3852209857236774
0.18185237681241623 -0.3852209857236774
-0.45092639839762133 0.0
0.06974081126146223 0.43922823061614014
0.06974081126146223 -0.43922823061614014
-0.3703257479298008 0.20999654859264325
-0.3703257479298008 -0.20999654859264325
-0.025974436645346818 0.4342187085504533
-0.025974436645346818 -0.4342187085504533
-0.39925354998467155 0.1494223982070797
-0.39925354998467155 -0.1494223982070797
-0.09116277367233343 0.41477977499653274
-0.09116277367233343 -0.41477977499653274
-0.3882200479571095 0.03933399431484473
-0.3882200479571095 -0.03933399431484473
-0.1471671981810535 0.3806800796085256
-0.1471671981810535 -0.3806800796085256
0.24568579567169685 0.3105736635663499
0.24568579567169685 -0.3105736635663499
-0.24361391323310802 0.3184199447015595
-0.24361391323310802 -0.3184199447015595
0.38289499134268823 0.11931453996182434
0.38289499134268823 -0.11931453996182434
0.34084202086160353 0.21185757744051478
0.34084202086160353 -0.21185757744051478
0.20672740102430084 0.33635266151490667
0.20672740102430084 -0.33635266151490667
-0.022742822785176045 0.40707137623947104
-0.022742822785176045 -0.40707137623947104
0.36101465965565915 0.1357461500073578
0.36101465965565915 -0.1357461500073578
-0.33112669180483767 0.18771179958290105
-0.33112669180483767 -0.18771179958290105
0.35933518851453644 0.03230409442613453
0.35933518851453644 -0.03230409442613453
-0.37173430994604095 0.0
0.36585175101918077 0.0
0.30910386703530074 0.20409610290664626
0.30910386703530074 -0.20409610290664626
0.2010280540559192 0.3043200610542198
0.2010280540559192 -0.3043200610542198
-0.31502056569185843 0.1940379808913143
-0.31502056569185843 -0.1940379808913143
0.3175767157608295 0.16858129986037834
0.3175767157608295 -0.16858129986037834
0.0699232611350753 0.36034810540519824
0.0699232611350753 -0.36034810540519824
-0.0005008886106390442 0.38223200889452724
-0.0005008886106390442 -0.38223200889452724
-0.2582190074387982 0.25385513371507035
-0.2582190074387982 -0.25385513371507035
-0.04564741853381817 0.37238198622374014
-0.04564741853381817 -0.37238198622374014
-0.11244745525525476 0.3489076977813906
-0.11244745525525476 -0.3489076977813906
-0.19036309347253383 0.3016979233046746
-0.19036309347253383 -0.3016979233046746
0.016994634704576198 0.3641965726068205
0.016994634704576198 -0.3641965726068205
-0.23998629713749914 0.26819531544540864
-0.23998629713749914 -0.26819531544540864
0.1306485917266359 0.33365113566208504
0.1306485917266359 -0.33365113566208504
-0.3425079844269996 0.08256859914256857
-0.3425079844269996 -0.08256859914256857
-0.28390636388045404 0.1978304141117382
-0.28390636388045404 -0.1978304141117382
0.14806614619842287 0.3124817076481355
0.14806614619842287 -0.3124817076481355
0.22982731352979352 0.24158196245116864
0.22982731352979352 -0.24158196245116864
0.3350015745769135 0.0718872174199966
0.3350015745769135 -0.0718872174199966
0.35044881095565794 0.007695818593264853
0.35044881095565794 -0.007695818593264853
-0.14044789211275843 0.3039309503098085
-0.14044789211275843 -0.3039309503098085
-0.08253012746307542 0.32972419784736506
-0.08253012746307542 -0.32972419784736506
0.2501291720730583 0.2020511597811258
0.2501291720730583 -0.2020511597811258
-0.03816393386801218 0.34283672829191975
-0.03816393386801218 -0.34283672829191975
0.274613625795208 0.1336747186887768
0.274613625795208 -0.1336747186887768
-0.30596189019932796 0.10153266168088734
-0.30596189019932796 -0.10153266168088734
-0.3230223784432509 0.056463170579854026
-0.3230223784432509 -0.056463170579854026
-0.1765292351563645 0.2333208703294762
-0.1765292351563645 -0.2333208703294762
-0.19979010498318434 0.20553370024170606
-0.19979010498318434 -0.20553370024170606
-0.2568344500467691 0.12902740151382716
-0.2568344500467691 -0.12902740151382716
0.1632047123794525 0.2224915579074681
0.1632047123794525 -0.2224915579074681
0.08739591067438925 0.29256078432397986
0.08739591067438925 -0.29256078432397986
0.06608400159855997 0.2948416229631036
0.06608400159855997 -0.2948416229631036
-0.28517415484377934 0.07687666041528171
-0.28517415484377934 -0.07687666041528171
0.12087162067834839 0.26047521591003275
0.12087162067834839 -0.26047521591003275
0.2933495939884137 0.0
0.2643883964721504 0.07817193872630651
0.2643883964721504 -0.07817193872630651
0.08110351119721187 0.2673785024163786
0.08110351119721187 -0.2673785024163786
-0.12829581868860288 0.2359329120049293
-0.12829581868860288 -0.2359329120049293
-0.20892901578828538 0.16623910877060338
-0.20892901578828538 -0.16623910877060338
-0.025079232408883996 0.26984358827732347
-0.025079232408883996 -0.26984358827732347
0.239158039773412 0.09834999991118502
0.239158039773412 -0.09834999991118502
-0.07409720627243949 0.2557872163944499
-0.07409720627243949 -0.2557872163944499
-0.25846791632334337 0.0
0.2656742236438941 0.0
0.14551906066625533 0.19934565484471606
0.14551906066625533 -0.19934565484471606
0.18765331806956198 0.14668718481272264
0.18765331806956198 -0.14668718481272264
0.20536040978317605 0.12037639878965921
0.20536040978317605 -0.12037639878965921
-0.20235821147733402 0.14078937306532874
-0.20235821147733402 -0.14078937306532874
-0.21213978916029674 0.0829099591178323
-0.21213978916029674 -0.0829099591178323
-0.22121742568583336 0.05504344957193323
-0.22121742568583336 -0.05504344957193323
0.24352304141113065 0.0
0.04965563199238753 0.22152362763699512
0.04965563199238753 -0.22152362763699512
-0.13293237158292104 0.18037315254046
-0.13293237158292104 -0.18037315254046
-0.1756895698815525 0.1290272897977058
-0.1756895698815525 -0.1290272897977058
0.07903393491441113 0.20386127750265703
0.07903393491441113 -0.20386127750265703
0.22301774407127853 0.0
-0.09732363675068559 0.19034627090679526
-0.09732363675068559 -0.19034627090679526
0.1508733940394022 0.11357298755079243
0.1508733940394022 -0.11357298755079243
-0.02054566826346934 0.2129451937628254
-0.02054566826346934 -0.2129451937628254
-0.04498589959251727 0.18270176566821084
-0.04498589959251727 -0.18270176566821084
0.1641779067453632 0.055255629942032806
0.1641779067453632 -0.055255629942032806
0.024975219292065955 0.16657500189730273
0.024975219292065955 -0.16657500189730273
0.15861814102974384 0.0
0.11845081469116381 0.11984351652642308
0.11845081469116381 -0.11984351652642308
-0.16043269975789115 0.04165973638944444
-0.16043269975789115 -0.04165973638944444
0.07744513585560336 0.12502947451639498
0.07744513585560336 -0.12502947451639498
0.0022775860574211562 0.1380435329809344
0.0022775860574211562 -0.1380435329809344
-0.13418479171510675 0.05845400888577504
-0.13418479171510675 -0.05845400888577504
-0.050367088240815004 0.12673059869146688
-0.050367088240815004 -0.12673059869146688
0.1178733818572983 0.0
-0.11755428265019975 0.0
-0.09753775006414 0.08979177096390925
-0.09753775006414 -0.08979177096390925
-0.06466619976129723 0.1034767330209653
-0.06466619976129723 -0.1034767330209653
0.08552912334024845 0.015543280083653147
0.08552912334024845 -0.015543280083653147
-0.010807699484243163 0.09417997088307978
-0.010807699484243163 -0.09417997088307978
0.028051284238514128 0.055431396344426676
0.028051284238514128 -0.055431396344426676
-0.07007809802411144 0.059229422627242734
-0.07007809802411144 -0.059229422627242734
-0.07545908969615434 0.0
0.0098109102990198 0.0
0.0009267809196896233 0.0
