-0.030919786262881464 1.7862722419072887
-0.030919786262881464 -1.7862722419072887
-1.5883925438062876 0.0
1.177387679040209 0.9222091766636454
1.177387679040209 -0.9222091766636454
-0.9142673021440666 0.7206986110574739
-0.9142673021440666 -0.7206986110574739
1.0641583863914668 0.0
-0.9584777745229587 0.4621953443374803
-0.9584777745229587 -0.4621953443374803
-0.3972982666518128 0.9723318969915964
-0.3972982666518128 -0.9723318969915964
-0.5431908907426936 0.8898106185496322
-0.5431908907426936 -0.8898106185496322
-1.062462532994289 0.0
0.9216111404430148 0.4178414089602953
0.9216111404430148 -0.4178414089602953
0.9874661733656479 0.22229513582556856
0.9874661733656479 -0.22229513582556856
0.9524649139790613 0.33187793479111916
0.9524649139790613 -0.33187793479111916
0.9615881903281642 0.29371398534751847
0.9615881903281642 -0.29371398534751847
0.8062346258732951 0.5952770832229527
0.8062346258732951 -0.5952770832229527
-0.7754810694659325 0.6535618659653887
-0.7754810694659325 -0.6535618659653887
-0.6778626064022184 0.7405949987576615
-0.6778626064022184 -0.7405949987576615
-0.024231416359821567 1.0218081131051444
-0.024231416359821567 -1.0218081131051444
-0.3642921055800105 0.9361074610665726
-0.3642921055800105 -0.9361074610665726
-1.0153311964169331 0.09118626446592107
-1.0153311964169331 -0.09118626446592107
0.7282641200608357 0.6772982366368779
0.7282641200608357 -0.6772982366368779
-0.6014702038619648 0.7767507650731795
-0.6014702038619648 -0.7767507650731795
-0.9027269680077914 0.4098464932603008
-0.9027269680077914 -0.4098464932603008
-0.9964059689015574 0.017796739550420083
-0.9964059689015574 -0.017796739550420083
-0.9674040321757004 0.21901587943157244
-0.9674040321757004 -0.21901587943157244
-0.8170437225766031 0.5391921877651346
-0.8170437225766031 -0.5391921877651346
-0.9464176483022031 0.28427154096780005
-0.9464176483022031 -0.28427154096780005
0.19624107237499339 0.9876703355020725
0.19624107237499339 -0.9876703355020725
0.14568241696701095 0.9959693540398568
0.14568241696701095 -0.9959693540398568
-0.8506744568229712 0.47883981852851165
-0.8506744568229712 -0.47883981852851165
0.6689243335499689 0.7220430947467142
0.6689243335499689 -0.7220430947467142
0.36387827812602147 0.9293880970949586
0.36387827812602147 -0.9293880970949586
0.689326423071787 0.6813696444728526
0.689326423071787 -0.6813696444728526
-0.2330913461958219 0.9554643415175396
-0.2330913461958219 -0.9554643415175396
0.38817071035619577 0.903723579192772
0.38817071035619577 -0.903723579192772
0.27867807220865143 0.9451637433083315
0.27867807220865143 -0.9451637433083315
0.779565004708888 0.5526745711307475
0.779565004708888 -0.5526745711307475
0.44212509482163653 0.8701745517063921
0.44212509482163653 -0.8701745517063921
-0.07675601892131428 0.9809491256264699
-0.07675601892131428 -0.9809491256264699
-0.5446444227835268 0.7873131561507549
-0.5446444227835268 -0.7873131561507549
0.6181035556955534 0.724240192765258
0.6181035556955534 -0.724240192765258
0.5125180579571595 0.805555920096924
0.5125180579571595 -0.805555920096924
-0.6817105768279377 0.659073794161937
-0.6817105768279377 -0.659073794161937
-0.7026620454105703 0.6342216420567196
-0.7026620454105703 -0.6342216420567196
0.5442142033350088 0.7781505259360583
0.5442142033350088 -0.7781505259360583
-0.6106649373601383 0.7127081012107408
-0.6106649373601383 -0.7127081012107408
0.4609818176857926 0.8422094816736836
0.4609818176857926 -0.8422094816736836
0.8384375944358676 0.46667087855964406
0.8384375944358676 -0.46667087855964406
0.8454298646819661 0.45306754439233654
0.8454298646819661 -0.45306754439233654
0.9788625751474889 0.023072250772198082
0.9788625751474889 -0.023072250772198082
0.716784518897701 0.5982659677529687
0.716784518897701 -0.5982659677529687
0.1446642754992491 0.9696895139839944
0.1446642754992491 -0.9696895139839944
-0.0859862710738469 0.9703258745253914
-0.0859862710738469 -0.9703258745253914
-0.28253870878055065 0.9252370148855341
-0.28253870878055065 -0.9252370148855341
-0.47127079019946294 0.8342178232665423
-0.47127079019946294 -0.8342178232665423
0.08544966012124391 0.9588725238665005
0.08544966012124391 -0.9588725238665005
-0.6589359193544059 0.663285916231172
-0.6589359193544059 -0.663285916231172
-0.17123430879138354 0.9469633763788726
-0.17123430879138354 -0.9469633763788726
0.33740741752094966 0.8848151834191852
0.33740741752094966 -0.8848151834191852
-0.36131850745559085 0.887706279209315
-0.36131850745559085 -0.887706279209315
-0.9600306578228346 0.0
0.581170275268715 0.7055577844316907
0.581170275268715 -0.7055577844316907
-0.9554070035376989 0.1592541456576435
-0.9554070035376989 -0.1592541456576435
-0.882968642374095 0.3553080325334522
-0.882968642374095 -0.3553080325334522
-0.7349429520466395 0.5708065408899411
-0.7349429520466395 -0.5708065408899411
-0.41751300024832877 0.839485178049819
-0.41751300024832877 -0.839485178049819
-0.9289835218078483 0.2257098138104554
-0.9289835218078483 -0.2257098138104554
-0.827514238968975 0.44862296194785783
-0.827514238968975 -0.44862296194785783
0.5322941830329881 0.7492357318283362
0.5322941830329881 -0.7492357318283362
-0.508837929552953 0.7755875562669279
-0.508837929552953 -0.7755875562669279
-0.050466566486573744 0.9447466957069496
-0.050466566486573744 -0.9447466957069496
-0.30386694614571086 0.8837520204617438
-0.30386694614571086 -0.8837520204617438
0.8546514909048684 0.3941955616763027
0.8546514909048684 -0.3941955616763027
0.4034865182690769 0.8356330686637348
0.4034865182690769 -0.8356330686637348
0.7885837399063078 0.4784789499502078
0.7885837399063078 -0.4784789499502078
-0.7656693164722475 0.5119141322228488
-0.7656693164722475 -0.5119141322228488
0.6437097903854782 0.6411883084236285
0.6437097903854782 -0.6411883084236285
-0.21252582389340305 0.9063911663446861
-0.21252582389340305 -0.9063911663446861
0.9318412654037104 0.18205957060042416
0.9318412654037104 -0.18205957060042416
0.8683020383419786 0.34392407267391634
0.8683020383419786 -0.34392407267391634
0.2542083027893546 0.8958180807609699
0.2542083027893546 -0.8958180807609699
0.44465344852238003 0.80199435213294
0.44465344852238003 -0.80199435213294
0.6724378542080588 0.6061328381529063
0.6724378542080588 -0.6061328381529063
-0.007745980903577698 0.9276137736711138
-0.007745980903577698 -0.9276137736711138
-0.5349266310483279 0.7011038063488891
-0.5349266310483279 -0.7011038063488891
-0.37484805493932716 0.8352964343549447
-0.37484805493932716 -0.8352964343549447
0.8049750655526542 0.43280937634334216
0.8049750655526542 -0.43280937634334216
-0.9218378856815015 0.08274828499077326
-0.9218378856815015 -0.08274828499077326
-0.6933241894649576 0.5700948245735591
-0.6933241894649576 -0.5700948245735591
-0.8446917019964382 0.3429211455802568
-0.8446917019964382 -0.3429211455802568
-0.47589457617586195 0.7636743618281855
-0.47589457617586195 -0.7636743618281855
0.01909521953477249 0.9199619508099127
0.01909521953477249 -0.9199619508099127
0.7085637301440488 0.5412779933153775
0.7085637301440488 -0.5412779933153775
0.9460947064506005 0.05459584831652074
0.9460947064506005 -0.05459584831652074
0.897991310099846 0.2539204310044792
0.897991310099846 -0.2539204310044792
0.9317411917498793 0.12435931542709251
0.9317411917498793 -0.12435931542709251
0.5310340314786273 0.6956914456396919
0.5310340314786273 -0.6956914456396919
0.8837090984691256 0.26562265640556126
0.8837090984691256 -0.26562265640556126
0.9324331836716903 0.01660390304611953
0.9324331836716903 -0.01660390304611953
0.7455961295808358 0.4811201589275007
0.7455961295808358 -0.4811201589275007
0.8535615954961067 0.2956038595530875
0.8535615954961067 -0.2956038595530875
0.17300319579118412 0.8865990684914175
0.17300319579118412 -0.8865990684914175
-0.004178903098708478 0.9033452704089477
-0.004178903098708478 -0.9033452704089477
-0.11840010743433343 0.8940562226031858
-0.11840010743433343 -0.8940562226031858
-0.2576330019734799 0.8628127896585647
-0.2576330019734799 -0.8628127896585647
-0.16956123167415654 0.8839228669279072
-0.16956123167415654 -0.8839228669279072
-0.9041769507916364 0.11575240294700498
-0.9041769507916364 -0.11575240294700498
-0.856405323782589 0.3044536655493306
-0.856405323782589 -0.3044536655493306
-0.30555324300032516 0.8379629223489518
-0.30555324300032516 -0.8379629223489518
-0.8066943272994014 0.39226837632428146
-0.8066943272994014 -0.39226837632428146
-0.3916162729288816 0.7921601363701858
-0.3916162729288816 -0.7921601363701858
0.11074254488164148 0.8846361637632051
0.11074254488164148 -0.8846361637632051
-0.7720415829661547 0.4364459574479571
-0.7720415829661547 -0.4364459574479571
-0.5907223121440364 0.6290948147412081
-0.5907223121440364 -0.6290948147412081
-0.8625821459942388 0.23013444728783988
-0.8625821459942388 -0.23013444728783988
-0.6503654634275805 0.5701665945071023
-0.6503654634275805 -0.5701665945071023
0.8761736373000157 0.20671689694757475
0.8761736373000157 -0.20671689694757475
-0.6793411661426441 0.5313526775257357
-0.6793411661426441 -0.5313526775257357
-0.7592095348048498 0.43136219540400367
-0.7592095348048498 -0.43136219540400367
-0.8520545237176944 0.21082288941277866
-0.8520545237176944 -0.21082288941277866
0.6478820015899414 0.5680597476858219
0.6478820015899414 -0.5680597476858219
-0.13200424067721667 0.8766619116469976
-0.13200424067721667 -0.8766619116469976
-0.7105871599806655 0.4808240531803065
-0.7105871599806655 -0.4808240531803065
-0.42002436314244584 0.7528629598804518
-0.42002436314244584 -0.7528629598804518
0.8251580346604808 0.3281345450577574
0.8251580346604808 -0.3281345450577574
0.5979598999372384 0.6122981061164208
0.5979598999372384 -0.6122981061164208
0.5024568145796091 0.6949518473887406
0.5024568145796091 -0.6949518473887406
-0.46222433097593174 0.7130797990801281
-0.46222433097593174 -0.7130797990801281
-0.8723865504309127 0.02776165393086896
-0.8723865504309127 -0.02776165393086896
0.35613464706960246 0.7911856846057084
0.35613464706960246 -0.7911856846057084
-0.8504350162008731 0.16953711671516739
-0.8504350162008731 -0.16953711671516739
0.6193593849233439 0.570690462754097
0.6193593849233439 -0.570690462754097
-0.5988771136183018 0.5712003512170869
-0.5988771136183018 -0.5712003512170869
-0.323131067826869 0.7995950868086265
-0.323131067826869 -0.7995950868086265
-0.8568125552838465 0.0
-0.8084407932619915 0.2974624810279941
-0.8084407932619915 -0.2974624810279941
-0.8323376104013172 0.21308244652363684
-0.8323376104013172 -0.21308244652363684
-0.6643918233779964 0.5003105646549667
-0.6643918233779964 -0.5003105646549667
-0.07607979084575214 0.8628255505014728
-0.07607979084575214 -0.8628255505014728
0.14560472822457038 0.8606416796860913
0.14560472822457038 -0.8606416796860913
0.17066636684581726 0.8537580385350702
0.17066636684581726 -0.8537580385350702
-0.4824673201966191 0.6735798626941174
-0.4824673201966191 -0.6735798626941174
0.24673011767478564 0.8275595109903406
0.24673011767478564 -0.8275595109903406
0.0662269985538883 0.8544737552883259
0.0662269985538883 -0.8544737552883259
0.8964730323697234 0.054145994439215146
0.8964730323697234 -0.054145994439215146
0.37547256841706345 0.7638334854442932
0.37547256841706345 -0.7638334854442932
0.3999091396910116 0.746623919429737
0.3999091396910116 -0.746623919429737
0.23475858194529747 0.8214660992360473
0.23475858194529747 -0.8214660992360473
0.8788485321711508 0.0
0.7916450677272315 0.32060776672907565
0.7916450677272315 -0.32060776672907565
0.4803534836228842 0.6739054831628498
0.4803534836228842 -0.6739054831628498
0.7067922878150178 0.4425811504755253
0.7067922878150178 -0.4425811504755253
0.6753068837356251 0.4876842034315218
0.6753068837356251 -0.4876842034315218
0.8530400470062329 0.14945419718434313
0.8530400470062329 -0.14945419718434313
0.29479624787874376 0.7908167677788966
0.29479624787874376 -0.7908167677788966
0.6496454250607417 0.5089081937286282
0.6496454250607417 -0.5089081937286282
0.8575710935343446 0.0954280475591035
0.8575710935343446 -0.0954280475591035
0.8639326385889747 0.0474746408668261
0.8639326385889747 -0.0474746408668261
-0.5065725478138605 0.6364740895667864
-0.5065725478138605 -0.6364740895667864
-0.01582318536537907 0.848924659082034
-0.01582318536537907 -0.848924659082034
-0.7469553711351398 0.3618062202139124
-0.7469553711351398 -0.3618062202139124
0.5374615137136317 0.6070258411377542
0.5374615137136317 -0.6070258411377542
0.4146657720341571 0.7148995112788791
0.4146657720341571 -0.7148995112788791
0.7767632843644223 0.29763868933614157
0.7767632843644223 -0.29763868933614157
0.2596161772392641 0.787099635054291
0.2596161772392641 -0.787099635054291
0.1397492868408982 0.8208655636004962
0.1397492868408982 -0.8208655636004962
-0.015931830212712286 0.83398178430773
-0.015931830212712286 -0.83398178430773
-0.7861382294786324 0.2725685219368281
-0.7861382294786324 -0.2725685219368281
-0.8283119380328368 0.05345074606361472
-0.8283119380328368 -0.05345074606361472
-0.12502908755679043 0.8152572563375243
-0.12502908755679043 -0.8152572563375243
-0.8197432338291222 0.0897905812600052
-0.8197432338291222 -0.0897905812600052
-0.7420933031379778 0.3402173350343398
-0.7420933031379778 -0.3402173350343398
-0.8021300990116346 0.1676132684201269
-0.8021300990116346 -0.1676132684201269
0.7244292956961675 0.37711068087155164
0.7244292956961675 -0.37711068087155164
-0.5695824657967477 0.5646998216134317
-0.5695824657967477 -0.5646998216134317
-0.2055206106574729 0.7926614172901854
-0.2055206106574729 -0.7926614172901854
0.838638015711324 0.0
-0.5175144457882552 0.6042309145218681
-0.5175144457882552 -0.6042309145218681
0.7918685557238563 0.21845480299724002
0.7918685557238563 -0.21845480299724002
-0.42423604796168046 0.680163490859664
-0.42423604796168046 -0.680163490859664
-0.37687481595249794 0.7130819372419688
-0.37687481595249794 -0.7130819372419688
-0.6938233933731011 0.38513362912496796
-0.6938233933731011 -0.38513362912496796
0.4248542892338009 0.6733722209443069
0.4248542892338009 -0.6733722209443069
-0.3921720089397201 0.688645451510201
-0.3921720089397201 -0.688645451510201
0.534782175633977 0.5737494413894774
0.534782175633977 -0.5737494413894774
0.61043180410847 0.5004466146253168
0.61043180410847 -0.5004466146253168
0.807355076980387 0.1054008933369016
0.807355076980387 -0.1054008933369016
-0.08474768042812185 0.787868518906518
-0.08474768042812185 -0.787868518906518
-0.7961222858709927 0.0
0.7609913187726832 0.2553917742337424
0.7609913187726832 -0.2553917742337424
0.6608424872264786 0.4244882726819049
0.6608424872264786 -0.4244882726819049
-0.7784980391497763 0.14790051003126173
-0.7784980391497763 -0.14790051003126173
-0.7338381532860652 0.26157100891912854
-0.7338381532860652 -0.26157100891912854
-0.23712461339038265 0.7523949751546837
-0.23712461339038265 -0.7523949751546837
0.034925398235972877 0.7911287849317228
0.034925398235972877 -0.7911287849317228
0.4733340948111013 0.6146736594839723
0.4733340948111013 -0.6146736594839723
0.32789096143973745 0.7109037849416089
0.32789096143973745 -0.7109037849416089
0.2633490391495861 0.7380530552788284
0.2633490391495861 -0.7380530552788284
-0.027046513698839432 0.7837611315192636
-0.027046513698839432 -0.7837611315192636
0.761989733494923 0.21017115897114944
0.761989733494923 -0.21017115897114944
0.636695428957254 0.43564069574244524
0.636695428957254 -0.43564069574244524
-0.6495549542815777 0.38554275669518795
-0.6495549542815777 -0.38554275669518795
-0.44419653671847886 0.6146302079747554
-0.44419653671847886 -0.6146302079747554
-0.6191042856391895 0.42705489327310014
-0.6191042856391895 -0.42705489327310014
-0.5058201776561406 0.5580394650400428
-0.5058201776561406 -0.5580394650400428
-0.5640683804249973 0.4927278267374576
-0.5640683804249973 -0.4927278267374576
-0.35350751625175114 0.6755226276454964
-0.35350751625175114 -0.6755226276454964
0.6833449113839116 0.3631309205181201
0.6833449113839116 -0.3631309205181201
0.7008392101579821 0.3260901361236828
0.7008392101579821 -0.3260901361236828
0.4265889518848883 0.6217314659501495
0.4265889518848883 -0.6217314659501495
0.16559599781484363 0.7541749315667019
0.16559599781484363 -0.7541749315667019
0.06472207209686676 0.7701419307536482
0.06472207209686676 -0.7701419307536482
-0.2652020788915569 0.7181778671514564
-0.2652020788915569 -0.7181778671514564
-0.131604987383464 0.7584814586633823
-0.131604987383464 -0.7584814586633823
-0.09674872579556931 0.763515232098767
-0.09674872579556931 -0.763515232098767
-0.5870089879555562 0.44017626077933547
-0.5870089879555562 -0.44017626077933547
-0.5292192797146029 0.5109213450308399
-0.5292192797146029 -0.5109213450308399
0.5237859538792391 0.5285870419292473
0.5237859538792391 -0.5285870419292473
0.7867241420952822 0.027158890772773198
0.7867241420952822 -0.027158890772773198
0.3532033264878054 0.6653627408831571
0.3532033264878054 -0.6653627408831571
0.7622338461054448 0.14585132979787443
0.7622338461054448 -0.14585132979787443
-0.46965859514965075 0.5601117580164335
-0.46965859514965075 -0.5601117580164335
0.4814160425469114 0.5563349982645582
0.4814160425469114 -0.5563349982645582
-0.4943499354473655 0.5266672936016954
-0.4943499354473655 -0.5266672936016954
0.7686051617067261 0.09281415795348687
0.7686051617067261 -0.09281415795348687
-0.6735503695866158 0.31861264779821674
-0.6735503695866158 -0.31861264779821674
-0.18120914590650103 0.734351498604901
-0.18120914590650103 -0.734351498604901
0.10905539227378627 0.7430439184307723
0.10905539227378627 -0.7430439184307723
-0.28618699392922087 0.6868422868664613
-0.28618699392922087 -0.6868422868664613
0.2227417788357079 0.7139619395076513
0.2227417788357079 -0.7139619395076513
-0.42280585105105384 0.5941054766527984
-0.42280585105105384 -0.5941054766527984
-0.19058730800758739 0.7216864525575438
-0.19058730800758739 -0.7216864525575438
-0.542586760190995 0.47630089243159185
-0.542586760190995 -0.47630089243159185
-0.7144355551571953 0.2144564025949699
-0.7144355551571953 -0.2144564025949699
0.6591474433090063 0.34314400239802645
0.6591474433090063 -0.34314400239802645
0.3986507245225153 0.6063076588356865
0.3986507245225153 -0.6063076588356865
0.5873867352165263 0.4292373902821736
0.5873867352165263 -0.4292373902821736
0.3685538569373492 0.6244161753895349
0.3685538569373492 -0.6244161753895349
0.6799535328084962 0.2894107398913972
0.6799535328084962 -0.2894107398913972
-0.7345751490655232 0.06892331394936109
-0.7345751490655232 -0.06892331394936109
-0.702554747730828 0.20655946657053548
-0.702554747730828 -0.20655946657053548
0.539310414612931 0.4754355574656089
0.539310414612931 -0.4754355574656089
-0.730413988617945 0.02240207664308303
-0.730413988617945 -0.02240207664308303
0.7364462642977109 0.06516916820933039
0.7364462642977109 -0.06516916820933039
-0.29750418397094713 0.6480034991599661
-0.29750418397094713 -0.6480034991599661
0.4549234418238677 0.5336180081670525
0.4549234418238677 -0.5336180081670525
0.5078438080122463 0.47880990660117884
0.5078438080122463 -0.47880990660117884
0.5405997088137293 0.4345134017949356
0.5405997088137293 -0.4345134017949356
-0.6342840538994945 0.3104689852643083
-0.6342840538994945 -0.3104689852643083
-0.5811596531193475 0.38456617842369023
-0.5811596531193475 -0.38456617842369023
0.6917633441112789 0.21736368360571903
0.6917633441112789 -0.21736368360571903
0.6541378593503004 0.28452242293883
0.6541378593503004 -0.28452242293883
-0.439006269532471 0.5261935583264215
-0.439006269532471 -0.5261935583264215
-0.5892076646198938 0.3525350121984704
-0.5892076646198938 -0.3525350121984704
0.4163707586379485 0.5401032254087413
0.4163707586379485 -0.5401032254087413
-0.13030543727251054 0.7054750449612848
-0.13030543727251054 -0.7054750449612848
-0.7047646080599943 0.12778564525258473
-0.7047646080599943 -0.12778564525258473
0.1389010195141655 0.7040943220178794
0.1389010195141655 -0.7040943220178794
0.13222415752277078 0.6985012218329213
0.13222415752277078 -0.6985012218329213
0.0631712785249553 0.7052808328640815
0.0631712785249553 -0.7052808328640815
0.16008241128642975 0.6889926212621192
0.16008241128642975 -0.6889926212621192
0.017793261536052055 0.7064875503281762
0.017793261536052055 -0.7064875503281762
0.2829770873071518 0.631366993956611
0.2829770873071518 -0.631366993956611
-0.7093965896308458 0.03557549631805372
-0.7093965896308458 -0.03557549631805372
0.17964188355068028 0.6739160001496024
0.17964188355068028 -0.6739160001496024
0.21612526545942565 0.6578348193567669
0.21612526545942565 -0.6578348193567669
-0.24646522439684654 0.6609600652106966
-0.24646522439684654 -0.6609600652106966
-0.3234173711044509 0.6174204062239991
-0.3234173711044509 -0.6174204062239991
-0.004087320607180218 0.6890199912451903
-0.004087320607180218 -0.6890199912451903
-0.6512752315198378 0.261985269137901
-0.6512752315198378 -0.261985269137901
0.7146662140315323 0.05203446968394924
0.7146662140315323 -0.05203446968394924
-0.7028244859830515 0.0
-0.3638699688411054 0.55580597813228
-0.3638699688411054 -0.55580597813228
0.636093802373897 0.261681606722121
0.636093802373897 -0.261681606722121
-0.6124090266830233 0.2954595645145235
-0.6124090266830233 -0.2954595645145235
0.5764837929326272 0.3348738993496437
0.5764837929326272 -0.3348738993496437
-0.5238934403582203 0.40803013541293975
-0.5238934403582203 -0.40803013541293975
0.6773864822365729 0.13057956476730267
0.6773864822365729 -0.13057956476730267
0.6651833655021351 0.18406825764837814
0.6651833655021351 -0.18406825764837814
-0.6696541258195384 0.1545266856566044
-0.6696541258195384 -0.1545266856566044
0.6996055587658944 0.0
0.6982378480198586 0.0
-0.11896550018533719 0.6674551914253479
-0.11896550018533719 -0.6674551914253479
-0.6782431100758444 0.09358897264734584
-0.6782431100758444 -0.09358897264734584
-0.6501288820659974 0.20262779757136326
-0.6501288820659974 -0.20262779757136326
0.6551861508316998 0.19009843303572616
0.6551861508316998 -0.19009843303572616
0.5242404690058962 0.3922846276317366
0.5242404690058962 -0.3922846276317366
-0.3431154722056347 0.5598653207824291
-0.3431154722056347 -0.5598653207824291
0.2380144695811358 0.6278281162767625
0.2380144695811358 -0.6278281162767625
-0.042594541371210215 0.6717422612272547
-0.042594541371210215 -0.6717422612272547
0.34177069864968146 0.5483414980259995
0.34177069864968146 -0.5483414980259995
0.43878285733656763 0.45017714889994465
0.43878285733656763 -0.45017714889994465
-0.47333356807644544 0.4226897434691081
-0.47333356807644544 -0.4226897434691081
-0.169515091492563 0.6450679964080875
-0.169515091492563 -0.6450679964080875
-0.4244139993832283 0.4660132007023543
-0.4244139993832283 -0.4660132007023543
-0.28526470467796533 0.6015000689871275
-0.28526470467796533 -0.6015000689871275
0.2658954343470074 0.5977459234827526
0.2658954343470074 -0.5977459234827526
-0.268470606816398 0.6088073643356429
-0.268470606816398 -0.6088073643356429
0.3850899978383611 0.5018479131011483
0.3850899978383611 -0.5018479131011483
0.5210422445857614 0.3531509723604423
0.5210422445857614 -0.3531509723604423
0.3203132029709874 0.5482085783063413
0.3203132029709874 -0.5482085783063413
0.6345312102592475 0.10913104089273447
0.6345312102592475 -0.10913104089273447
0.6405761994245227 0.03777306621289822
0.6405761994245227 -0.03777306621289822
0.4328097481405191 0.4516543960112707
0.4328097481405191 -0.4516543960112707
-0.11504866621994621 0.643106486539073
-0.11504866621994621 -0.643106486539073
0.614848487227116 0.1644120755350549
0.614848487227116 -0.1644120755350549
-0.6455759142654728 0.12623123818080667
-0.6455759142654728 -0.12623123818080667
-0.20108595587069292 0.6061079301839886
-0.20108595587069292 -0.6061079301839886
-0.5125999342165114 0.36366158994585934
-0.5125999342165114 -0.36366158994585934
0.038207431985384906 0.6278630318983971
0.038207431985384906 -0.6278630318983971
-0.40495337136029025 0.4698519458073845
-0.40495337136029025 -0.4698519458073845
-0.6055894313316872 0.2037696092980467
-0.6055894313316872 -0.2037696092980467
0.14574526874343707 0.6097543537063805
0.14574526874343707 -0.6097543537063805
-0.5867552758021486 0.23372649995016048
-0.5867552758021486 -0.23372649995016048
0.22796991385944404 0.578555980660892
0.22796991385944404 -0.578555980660892
0.4891613113916488 0.3596780871522119
0.4891613113916488 -0.3596780871522119
-0.10865102014988887 0.6216684275337045
-0.10865102014988887 -0.6216684275337045
-0.5628455443049363 0.254447021908848
-0.5628455443049363 -0.254447021908848
-0.6132770485585194 0.12910159424581388
-0.6132770485585194 -0.12910159424581388
0.5605557382293663 0.2488012627498418
0.5605557382293663 -0.2488012627498418
0.05115645753791401 0.6146985621356842
0.05115645753791401 -0.6146985621356842
-0.06406302177433817 0.6110115921588275
-0.06406302177433817 -0.6110115921588275
0.31562905258635454 0.5071423655091626
0.31562905258635454 -0.5071423655091626
0.5136712678984103 0.3026355142113185
0.5136712678984103 -0.3026355142113185
-0.4261190302534513 0.4195687467493336
-0.4261190302534513 -0.4195687467493336
-0.6012726916063296 0.0
-0.33241241781676417 0.48955252958671913
-0.33241241781676417 -0.48955252958671913
-0.46594620794163066 0.36684804643118163
-0.46594620794163066 -0.36684804643118163
0.34253406070498205 0.4758764578994881
0.34253406070498205 -0.4758764578994881
-0.5675498149351832 0.18442138396869098
-0.5675498149351832 -0.18442138396869098
0.4172913020882829 0.4103701505806666
0.4172913020882829 -0.4103701505806666
0.2798533442909136 0.5113782449061257
0.2798533442909136 -0.5113782449061257
0.5026968202837823 0.289855073526184
0.5026968202837823 -0.289855073526184
0.4759642525430331 0.3297019188159104
0.4759642525430331 -0.3297019188159104
-0.5880418856213311 0.053399501099317626
-0.5880418856213311 -0.053399501099317626
-0.4671196022211595 0.34289855496485205
-0.4671196022211595 -0.34289855496485205
-0.22247504456096934 0.5495836833560326
-0.22247504456096934 -0.5495836833560326
0.13030820806654753 0.5838574145854486
0.13030820806654753 -0.5838574145854486
-0.40141548720403375 0.39857722617093766
-0.40141548720403375 -0.39857722617093766
0.6053993765692026 0.008915343304466344
0.6053993765692026 -0.008915343304466344
0.5594430821771392 0.1984127946480218
0.5594430821771392 -0.1984127946480218
0.22524304739163228 0.5401915017138063
0.22524304739163228 -0.5401915017138063
0.5793696750993378 0.15398936415613257
0.5793696750993378 -0.15398936415613257
-0.4889154090114866 0.3003982469762451
-0.4889154090114866 -0.3003982469762451
0.5842987289941173 0.10937203767115714
0.5842987289941173 -0.10937203767115714
0.4340831404036396 0.3365200702571198
0.4340831404036396 -0.3365200702571198
0.552516777567426 0.07110276240616858
0.552516777567426 -0.07110276240616858
0.5192635496988398 0.1835699314648632
0.5192635496988398 -0.1835699314648632
-0.04824867044341284 0.5829612595952245
-0.04824867044341284 -0.5829612595952245
0.31825341268597573 0.4429874815500427
0.31825341268597573 -0.4429874815500427
-0.1863625099285266 0.5420941533321982
-0.1863625099285266 -0.5420941533321982
-0.25518392127932166 0.5065567483151245
-0.25518392127932166 -0.5065567483151245
-0.4424149614354648 0.3398440425278479
-0.4424149614354648 -0.3398440425278479
-0.5173597658550249 0.2293995128704903
-0.5173597658550249 -0.2293995128704903
-0.32385756158853063 0.45082380356300744
-0.32385756158853063 -0.45082380356300744
-0.015575829161524363 0.5595428204231218
-0.015575829161524363 -0.5595428204231218
0.04372503569384764 0.5498883984145008
0.04372503569384764 -0.5498883984145008
-0.5499637665322135 0.11345606357416982
-0.5499637665322135 -0.11345606357416982
-0.5287953791363107 0.14854735989132928
-0.5287953791363107 -0.14854735989132928
0.11165185896061265 0.5365692521188138
0.11165185896061265 -0.5365692521188138
-0.5175580931881182 0.17588296085362415
-0.5175580931881182 -0.17588296085362415
-0.5458517660392179 0.08412515976542674
-0.5458517660392179 -0.08412515976542674
0.15156988620801437 0.5243257640623238
0.15156988620801437 -0.5243257640623238
-0.09401392001616166 0.5408213122680579
-0.09401392001616166 -0.5408213122680579
-0.33233215555848794 0.4106230099325155
-0.33233215555848794 -0.4106230099325155
-0.22074242905646355 0.48764772384925803
-0.22074242905646355 -0.48764772384925803
-0.41795143486222663 0.30092921587201005
-0.41795143486222663 -0.30092921587201005
0.017681537700333764 0.5346612587543087
0.017681537700333764 -0.5346612587543087
-0.14332627971961057 0.5164553972164231
-0.14332627971961057 -0.5164553972164231
-0.5332289767419016 0.004851777750356013
-0.5332289767419016 -0.004851777750356013
0.5375164877691362 0.0
0.4552304267087679 0.25482818299366833
0.4552304267087679 -0.25482818299366833
0.32527690258137987 0.39743602059356836
0.32527690258137987 -0.39743602059356836
0.17410494154277062 0.4940101903132975
0.17410494154277062 -0.4940101903132975
0.2364631870627151 0.4527807376851009
0.2364631870627151 -0.4527807376851009
0.30088160885381915 0.40734381496933786
0.30088160885381915 -0.40734381496933786
-0.381738554876497 0.33116436121737647
-0.381738554876497 -0.33116436121737647
-0.30214006353564604 0.4063922067480384
-0.30214006353564604 -0.4063922067480384
-0.42693959468211407 0.24993190938183768
-0.42693959468211407 -0.24993190938183768
-0.213963988235137 0.4602258105277068
-0.213963988235137 -0.4602258105277068
-0.02053317648262841 0.5163531573771207
-0.02053317648262841 -0.5163531573771207
0.4659686183053552 0.21254746950515974
0.4659686183053552 -0.21254746950515974
0.5230438538228821 0.050361738382597776
0.5230438538228821 -0.050361738382597776
0.37182758882440037 0.3262946840662401
0.37182758882440037 -0.3262946840662401
-0.5073178660543649 0.027517766984835053
-0.5073178660543649 -0.027517766984835053
0.5078850626601876 0.10346809449811238
0.5078850626601876 -0.10346809449811238
-0.11771940944685827 0.5000468447147939
-0.11771940944685827 -0.5000468447147939
0.34271335781368295 0.34433007865325105
0.34271335781368295 -0.34433007865325105
-0.22633851553577933 0.4407676027705697
-0.22633851553577933 -0.4407676027705697
-0.476266024224117 0.09091770353624547
-0.476266024224117 -0.09091770353624547
-0.17198385762236112 0.45562054962478693
-0.17198385762236112 -0.45562054962478693
-0.38576842812495143 0.27227683495665495
-0.38576842812495143 -0.27227683495665495
-0.41201769270127575 0.18903864092069309
-0.41201769270127575 -0.18903864092069309
-0.4559043600360626 0.07492842520108005
-0.4559043600360626 -0.07492842520108005
0.05039281827696663 0.4833624494565452
0.05039281827696663 -0.4833624494565452
-0.4494014100979774 0.0
-0.32524948962861516 0.3263124804162147
-0.32524948962861516 -0.3263124804162147
0.10685612002777416 0.47417043803046044
0.10685612002777416 -0.47417043803046044
0.5017260822192804 0.051157026210348226
0.5017260822192804 -0.051157026210348226
-0.3075446391465344 0.3328482704315328
-0.3075446391465344 -0.3328482704315328
0.4006665189361547 0.25589901729659636
0.4006665189361547 -0.25589901729659636
0.37635525309351564 0.2871130888034995
0.37635525309351564 -0.2871130888034995
-0.2444711054016312 0.3770342783180763
-0.2444711054016312 -0.3770342783180763
0.24100060014172203 0.3870552547819643
0.24100060014172203 -0.3870552547819643
0.18575367867419096 0.4132244627278738
0.18575367867419096 -0.4132244627278738
0.4310405359746766 0.1697094368949255
0.4310405359746766 -0.1697094368949255
0.08983966198070217 0.44308076723472545
0.08983966198070217 -0.44308076723472545
0.14498518311619293 0.4240008402348473
0.14498518311619293 -0.4240008402348473
0.4650637602001713 0.005966034997849014
0.4650637602001713 -0.005966034997849014
0.32188765344612996 0.298681114635308
0.32188765344612996 -0.298681114635308
0.4401747652206407 0.08394381308719537
0.4401747652206407 -0.08394381308719537
0.42443268134370093 0.13518229027785975
0.42443268134370093 -0.13518229027785975
-0.027856842753882706 0.44721175299095606
-0.027856842753882706 -0.44721175299095606
-0.3836786395884485 0.18517096098205968
-0.3836786395884485 -0.18517096098205968
0.24803821205677962 0.35119967220796033
0.24803821205677962 -0.35119967220796033
-0.2931888055769584 0.29549577055024306
-0.2931888055769584 -0.29549577055024306
-0.32829039342149136 0.2553983317397526
-0.32829039342149136 -0.2553983317397526
-0.4089869295288391 0.0
0.16168068115303433 0.3924615768216726
0.16168068115303433 -0.3924615768216726
-0.09449213627264125 0.4262832704309624
-0.09449213627264125 -0.4262832704309624
-0.12011485798361599 0.41545721416730563
-0.12011485798361599 -0.41545721416730563
0.3327920367569385 0.23238437204590498
0.3327920367569385 -0.23238437204590498
0.3057770280960953 0.2647301518452044
0.3057770280960953 -0.2647301518452044
0.21843365270916526 0.3431895371497813
0.21843365270916526 -0.3431895371497813
-0.07764987498586728 0.4228048755513475
-0.07764987498586728 -0.4228048755513475
-0.17146038195813476 0.3752904574943251
-0.17146038195813476 -0.3752904574943251
0.09888350254120123 0.40551102007048456
0.09888350254120123 -0.40551102007048456
-0.38762076825573 0.10298131851858747
-0.38762076825573 -0.10298131851858747
0.41805285480366217 0.0
-0.3493806850983022 0.17727163589688072
-0.3493806850983022 -0.17727163589688072
-0.3832050472876981 0.08874944000940176
-0.3832050472876981 -0.08874944000940176
-0.2858337699900579 0.25828296440926474
-0.2858337699900579 -0.25828296440926474
-0.017961079589119258 0.40484242231920664
-0.017961079589119258 -0.40484242231920664
-0.3808811906447269 0.0
0.030816885350451295 0.3922521377796744
0.030816885350451295 -0.3922521377796744
0.34072450646437674 0.19569451192369428
0.34072450646437674 -0.19569451192369428
-0.19468800826555782 0.32107095210366293
-0.19468800826555782 -0.32107095210366293
-0.32437510464332053 0.13739348200538998
-0.32437510464332053 -0.13739348200538998
0.3665274858551178 0.13996629171774214
0.3665274858551178 -0.13996629171774214
-0.3395596546782212 0.02761284590849764
-0.3395596546782212 -0.02761284590849764
-0.1567716474375066 0.33640352442823457
-0.1567716474375066 -0.33640352442823457
0.3765846325046711 0.07508829293143879
0.3765846325046711 -0.07508829293143879
0.37320046634513976 0.0
-0.2098256644305505 0.2767638204594941
-0.2098256644305505 -0.2767638204594941
0.08045065996585217 0.35295628442071453
0.08045065996585217 -0.35295628442071453
0.13429813315777395 0.3310913204916502
0.13429813315777395 -0.3310913204916502
0.3535662153359377 0.049867494992745315
0.3535662153359377 -0.049867494992745315
0.23808062582734918 0.2720719977023277
0.23808062582734918 -0.2720719977023277
-0.12988903359380727 0.33084316649578416
-0.12988903359380727 -0.33084316649578416
0.2960263701676935 0.16650898046789975
0.2960263701676935 -0.16650898046789975
0.23898369276095793 0.23582533569396286
0.23898369276095793 -0.23582533569396286
-0.06982793456703736 0.3396239498178989
-0.06982793456703736 -0.3396239498178989
0.20910135140466854 0.2678347493844014
0.20910135140466854 -0.2678347493844014
0.010224365662366754 0.3463520113644924
0.010224365662366754 -0.3463520113644924
0.3436834365332693 0.0
0.3017419911452519 0.15087069541605816
0.3017419911452519 -0.15087069541605816
-0.24687807264425288 0.20639465895144482
-0.24687807264425288 -0.20639465895144482
-0.30656556165712645 0.09630132946416316
-0.30656556165712645 -0.09630132946416316
-0.2689610216275177 0.16821924864694013
-0.2689610216275177 -0.16821924864694013
-0.11873011621170632 0.29641423831031455
-0.11873011621170632 -0.29641423831031455
0.04611409265112483 0.32460478168254
0.04611409265112483 -0.32460478168254
-0.1814071648142358 0.22895303642797823
-0.1814071648142358 -0.22895303642797823
0.173374060077014 0.24807315428751794
0.173374060077014 -0.24807315428751794
0.12059995827712588 0.2920158173687716
0.12059995827712588 -0.2920158173687716
0.2643004664347256 0.1633829840104268
0.2643004664347256 -0.1633829840104268
0.30162771888182766 0.09966879684862649
0.30162771888182766 -0.09966879684862649
-0.2933778065330194 0.0640495067074049
-0.2933778065330194 -0.0640495067074049
0.062230906471866396 0.29416554118924276
0.062230906471866396 -0.29416554118924276
0.2815506850265978 0.1189004238991886
0.2815506850265978 -0.1189004238991886
-0.2931499918192496 0.006181938380611891
-0.2931499918192496 -0.006181938380611891
-0.17316080984728158 0.21322593918898822
-0.17316080984728158 -0.21322593918898822
-0.23730472602995886 0.11322731738978448
-0.23730472602995886 -0.11322731738978448
0.09316273241805033 0.26599158941094747
0.09316273241805033 -0.26599158941094747
-0.11004260496405598 0.25114747709441715
-0.11004260496405598 -0.25114747709441715
0.27170139147640165 0.06921591058698555
0.27170139147640165 -0.06921591058698555
-0.04177691214472123 0.27890632737381876
-0.04177691214472123 -0.27890632737381876
-0.0909906426253431 0.2362906980057678
-0.0909906426253431 -0.2362906980057678
-0.22001793818719823 0.07132996948600967
-0.22001793818719823 -0.07132996948600967
-0.03828345204249366 0.2515722798341847
-0.03828345204249366 -0.2515722798341847
0.21733408693868936 0.0
-0.17325674156502435 0.1382545540035659
-0.17325674156502435 -0.1382545540035659
0.23611220176919656 0.03308305786063542
0.23611220176919656 -0.03308305786063542
0.15902000076932066 0.17237316141392356
0.15902000076932066 -0.17237316141392356
-0.11850860554490572 0.19021478946337897
-0.11850860554490572 -0.19021478946337897
0.1414240808046786 0.16758875608561513
0.1414240808046786 -0.16758875608561513
0.08707502642469908 0.19851185061354032
0.08707502642469908 -0.19851185061354032
0.13138368824129282 0.17090086268511182
0.13138368824129282 -0.17090086268511182
0.0775065608632497 0.21717908791810742
0.0775065608632497 -0.21717908791810742
0.004970442303342672 0.22793216765351748
0.004970442303342672 -0.22793216765351748
-0.18614902109864784 0.07363602674387608
-0.18614902109864784 -0.07363602674387608
0.18735764854082188 0.07809725386461686
0.18735764854082188 -0.07809725386461686
-0.06414357962978347 0.19234764579205393
-0.06414357962978347 -0.19234764579205393
-0.1333462593922174 0.1287978487821808
-0.1333462593922174 -0.1287978487821808
-0.011129308823037493 0.1937373439994214
-0.011129308823037493 -0.1937373439994214
0.10838795991857994 0.11721882938580089
0.10838795991857994 -0.11721882938580089
-0.18780527983366954 0.0
0.18595994819919112 0.0
0.14044118396622787 0.0
0.14588090706703788 0.07420244297060123
0.14588090706703788 -0.07420244297060123
0.09129915700796812 0.12603482847831146
0.09129915700796812 -0.12603482847831146
0.06120905248559305 0.14198483758943437
0.06120905248559305 -0.14198483758943437
-0.08673609325860003 0.10713870009841173
-0.08673609325860003 -0.10713870009841173
0.027037263005898298 0.1351942616608307
0.027037263005898298 -0.1351942616608307
-0.16604924635750576 0.0
0.10689078804249853 0.0
-0.11527305652302 0.04450810319043573
-0.11527305652302 -0.04450810319043573
-0.10891046471675006 0.014689971839921124
-0.10891046471675006 -0.014689971839921124
-0.047208230398715786 0.09825414093149916
-0.047208230398715786 -0.09825414093149916
-0.09008108495183667 0.0
0.00903575641568655 0.08999913323082094
0.00903575641568655 -0.08999913323082094
-0.028774175754735953 0.08017290033725896
-0.028774175754735953 -0.08017290033725896
0.059431456527745355 0.04765203575348535
0.059431456527745355 -0.04765203575348535
-0.036494073809271985 0.0
-0.02155975772280148 0.0
0.04663644424580549 0.0
0.027686672683708898 0.0
