1.7232976238731794 0.0
-1.1704200293511957 0.8092454317802584
-1.1704200293511957 -0.8092454317802584
-0.6970222447246675 0.7544973743887895
-0.6970222447246675 -0.7544973743887895
-1.0095032755043747 0.0
-0.9900257088927389 0.17379134190138884
-0.9900257088927389 -0.17379134190138884
-0.964705151789949 0.263714131063628
-0.964705151789949 -0.263714131063628
-0.786514891755006 0.625768695724346
-0.786514891755006 -0.625768695724346
-0.8873511970373618 0.4372056460129033
-0.8873511970373618 -0.4372056460129033
-0.3989606497307349 0.9666296764220285
-0.3989606497307349 -0.9666296764220285
-0.8143396300586652 0.5465654331155534
-0.8143396300586652 -0.5465654331155534
-0.6706815081991635 0.7298746478763025
-0.6706815081991635 -0.7298746478763025
0.8988820829493889 0.5890020589925267
0.8988820829493889 -0.5890020589925267
-0.44734836132285516 0.8951454903864683
-0.44734836132285516 -0.8951454903864683
-0.3495963473027398 0.9451841868272285
-0.3495963473027398 -0.9451841868272285
-0.20841123117806917 0.9996703950664242
-0.20841123117806917 -0.9996703950664242
-0.5281898805796119 0.807237581249701
-0.5281898805796119 -0.807237581249701
-0.5776816199243835 0.7566087738787529
-0.5776816199243835 -0.7566087738787529
0.24882257430122445 1.0272530158671596
0.24882257430122445 -1.0272530158671596
-0.14421274325729855 0.9884428117039697
-0.14421274325729855 -0.9884428117039697
-0.22635205789069446 0.9445129978685477
-0.22635205789069446 -0.9445129978685477
-0.011295336510462224 1.0042544071312165
-0.011295336510462224 -1.0042544071312165
1.0128389075548765 0.10203361173627759
1.0128389075548765 -0.10203361173627759
0.12316334184142934 1.0031937641496838
0.12316334184142934 -1.0031937641496838
0.9761874857185535 0.19009387726968816
0.9761874857185535 -0.19009387726968816
0.7895685059626631 0.6085579570430838
0.7895685059626631 -0.6085579570430838
0.9212398883145778 0.3202059203125256
0.9212398883145778 -0.3202059203125256
0.49601160684266665 0.893931283810025
0.49601160684266665 -0.893931283810025
0.871571260869664 0.4327266866282552
0.871571260869664 -0.4327266866282552
0.8180827337978002 0.5275775426495286
0.8180827337978002 -0.5275775426495286
0.6895726259941237 0.7132427771388182
0.6895726259941237 -0.7132427771388182
0.6035374494415362 0.8020061150696367
0.6035374494415362 -0.8020061150696367
0.03966637364029825 0.9795893848905884
0.03966637364029825 -0.9795893848905884
0.7395398459145949 0.6016928256381738
0.7395398459145949 -0.6016928256381738
0.6309987190994568 0.7426136567821383
0.6309987190994568 -0.7426136567821383
0.4652478264580113 0.8749781834899942
0.4652478264580113 -0.8749781834899942
0.09681241928164142 0.9726126234860142
0.09681241928164142 -0.9726126234860142
0.22796129757063804 0.9463157881233345
0.22796129757063804 -0.9463157881233345
0.40056919248117207 0.8877757914459952
0.40056919248117207 -0.8877757914459952
0.31021121599679147 0.9198612275846898
0.31021121599679147 -0.9198612275846898
0.5962959840486262 0.745978374164769
0.5962959840486262 -0.745978374164769
-0.9723261343831369 0.0
0.9353248322795986 0.23467384195742355
0.9353248322795986 -0.23467384195742355
0.9011506561429814 0.3373580953730196
0.9011506561429814 -0.3373580953730196
0.955201548673944 0.09875300915692611
0.955201548673944 -0.09875300915692611
-0.9486549824879948 0.2097176326758427
-0.9486549824879948 -0.2097176326758427
-0.9148575406766489 0.31387191644859425
-0.9148575406766489 -0.31387191644859425
-0.8970437861669891 0.3609919651927842
-0.8970437861669891 -0.3609919651927842
-0.7727369461259295 0.5582629249958081
-0.7727369461259295 -0.5582629249958081
-0.2756731865909431 0.9131948527718774
-0.2756731865909431 -0.9131948527718774
-0.7385598835413373 0.5837986848940273
-0.7385598835413373 -0.5837986848940273
-0.6933101497447979 0.6404679986371055
-0.6933101497447979 -0.6404679986371055
-0.6274243084058327 0.7016002465048666
-0.6274243084058327 -0.7016002465048666
0.8092302956792841 0.4925764580297532
0.8092302956792841 -0.4925764580297532
0.5347913059827649 0.7749194712152923
0.5347913059827649 -0.7749194712152923
-0.4798349344834177 0.8056576117189795
-0.4798349344834177 -0.8056576117189795
0.8636826854848176 0.37907748184229456
0.8636826854848176 -0.37907748184229456
-0.5454774878223191 0.7522641066558172
-0.5454774878223191 -0.7522641066558172
0.29986214788899723 0.899588554411007
0.29986214788899723 -0.899588554411007
0.34476326995829487 0.8725885547776054
0.34476326995829487 -0.8725885547776054
-0.9498638808661726 0.05263449691897272
-0.9498638808661726 -0.05263449691897272
-0.8394117167273436 0.41445078166563887
-0.8394117167273436 -0.41445078166563887
-0.3297751057296014 0.8844812708782576
-0.3297751057296014 -0.8844812708782576
-0.1886403257788612 0.9291369775696007
-0.1886403257788612 -0.9291369775696007
0.670646072585424 0.6359420872129675
0.670646072585424 -0.6359420872129675
0.7188557403540687 0.5817913107446196
0.7188557403540687 -0.5817913107446196
0.9497537031042695 0.05308834509421688
0.9497537031042695 -0.05308834509421688
-0.2348663390070223 0.9049045877338427
-0.2348663390070223 -0.9049045877338427
0.9259702082495738 0.17844721839677888
0.9259702082495738 -0.17844721839677888
0.820284856333262 0.4376912119115191
0.820284856333262 -0.4376912119115191
0.9009667202732854 0.25763485129795244
0.9009667202732854 -0.25763485129795244
-0.9068312316417628 0.23811116517236955
-0.9068312316417628 -0.23811116517236955
-0.806734365384618 0.4440691828369475
-0.806734365384618 -0.4440691828369475
-0.39315162262720627 0.8265331742047181
-0.39315162262720627 -0.8265331742047181
0.013476965222648483 0.9401251273339689
0.013476965222648483 -0.9401251273339689
0.46640836615498427 0.8009634031696249
0.46640836615498427 -0.8009634031696249
0.08474944078496857 0.9298243620898474
0.08474944078496857 -0.9298243620898474
0.737781338523354 0.5363641810369822
0.737781338523354 -0.5363641810369822
0.9342301810864784 0.007117957603094566
0.9342301810864784 -0.007117957603094566
0.8354180022572051 0.3772521686839576
0.8354180022572051 -0.3772521686839576
0.22196017953504854 0.8903496375705995
0.22196017953504854 -0.8903496375705995
-0.9176479011963572 0.0
-0.7228817803934527 0.5407047483110857
-0.7228817803934527 -0.5407047483110857
-0.757178192025853 0.49904588879471323
-0.757178192025853 -0.49904588879471323
0.5804909757592072 0.6812270293707718
0.5804909757592072 -0.6812270293707718
-0.599245981038345 0.661093303154298
-0.599245981038345 -0.661093303154298
-0.8175495460706577 0.4159129992759155
-0.8175495460706577 -0.4159129992759155
-0.33439740240217486 0.848230505628799
-0.33439740240217486 -0.848230505628799
0.8535450806352269 0.3139546696897109
0.8535450806352269 -0.3139546696897109
0.5371834360492441 0.7114916328189402
0.5371834360492441 -0.7114916328189402
-0.7151781605894358 0.5213950863441966
-0.7151781605894358 -0.5213950863441966
-0.6670350947018484 0.5759610815933562
-0.6670350947018484 -0.5759610815933562
0.6018959803352917 0.6416785695879236
0.6018959803352917 -0.6416785695879236
-0.5661576581151655 0.6827685560462026
-0.5661576581151655 -0.6827685560462026
0.28372652097984546 0.8651841839617448
0.28372652097984546 -0.8651841839617448
0.4365577436681082 0.7874923665252839
0.4365577436681082 -0.7874923665252839
-0.5171738936000458 0.7222282654566522
-0.5171738936000458 -0.7222282654566522
0.10295349649530142 0.907850334592738
0.10295349649530142 -0.907850334592738
0.16824400287893576 0.8950492298544419
0.16824400287893576 -0.8950492298544419
-0.434714401646761 0.7852474926197852
-0.434714401646761 -0.7852474926197852
0.9181734146619934 0.07420473465605602
0.9181734146619934 -0.07420473465605602
-0.017446582835633252 0.9111145885343068
-0.017446582835633252 -0.9111145885343068
-0.49666951757070177 0.7363712739702964
-0.49666951757070177 -0.7363712739702964
-0.9062455822862341 0.10085909499303727
-0.9062455822862341 -0.10085909499303727
-0.8948799869382194 0.15236658652746074
-0.8948799869382194 -0.15236658652746074
-0.8650350423330333 0.2523926269007493
-0.8650350423330333 -0.2523926269007493
-0.6191518233207233 0.6125641738025502
-0.6191518233207233 -0.6125641738025502
-0.621789460819345 0.6050814861073318
-0.621789460819345 -0.6050814861073318
0.8889323241832474 0.1449952303774005
0.8889323241832474 -0.1449952303774005
0.7503045439269422 0.4780997057593761
0.7503045439269422 -0.4780997057593761
0.49794251606001794 0.7205102554200677
0.49794251606001794 -0.7205102554200677
0.6821191447253172 0.5499857301949813
0.6821191447253172 -0.5499857301949813
-0.15344934681959896 0.8817753980699164
-0.15344934681959896 -0.8817753980699164
0.7346635607208112 0.4809408840437302
0.7346635607208112 -0.4809408840437302
0.4030232999138812 0.7832262006071964
0.4030232999138812 -0.7832262006071964
0.637910114898784 0.588117772334072
0.637910114898784 -0.588117772334072
0.7630650111341576 0.43435980430680243
0.7630650111341576 -0.43435980430680243
-0.8209364058309653 0.3232470672624621
-0.8209364058309653 -0.3232470672624621
-0.07825640663945976 0.8903927287618572
-0.07825640663945976 -0.8903927287618572
0.794430010354136 0.3878119681522528
0.794430010354136 -0.3878119681522528
0.6029635346519311 0.6109397571639171
0.6029635346519311 -0.6109397571639171
0.35946806605371173 0.8050434418838642
0.35946806605371173 -0.8050434418838642
-0.2563692405360331 0.8477868329394045
-0.2563692405360331 -0.8477868329394045
0.044137545400496705 0.8922267208773109
0.044137545400496705 -0.8922267208773109
-0.10733103658006002 0.8845214408172892
-0.10733103658006002 -0.8845214408172892
0.10425530527694914 0.8847049820358833
0.10425530527694914 -0.8847049820358833
-0.8643823567401865 0.18250762747066726
-0.8643823567401865 -0.18250762747066726
-0.7704918557604221 0.4103181223030326
-0.7704918557604221 -0.4103181223030326
0.17132508784907347 0.8600119087926557
0.17132508784907347 -0.8600119087926557
0.8815985136140679 0.0
0.43625332236899683 0.7443959133836588
0.43625332236899683 -0.7443959133836588
0.8415278376415058 0.24368381025294747
0.8415278376415058 -0.24368381025294747
0.7889777675772371 0.33620348766284736
0.7889777675772371 -0.33620348766284736
-0.38603251829947594 0.771524487105032
-0.38603251829947594 -0.771524487105032
0.8751401243305861 0.05030961944348574
0.8751401243305861 -0.05030961944348574
0.8608696996909428 0.12676169479904786
0.8608696996909428 -0.12676169479904786
0.8634104047496665 0.08563417298426679
0.8634104047496665 -0.08563417298426679
0.3982425340040048 0.7414049571528982
0.3982425340040048 -0.7414049571528982
-0.8775900753506399 0.042477513659942144
-0.8775900753506399 -0.042477513659942144
-0.7897656475259773 0.3497964183715127
-0.7897656475259773 -0.3497964183715127
-0.8378548654069071 0.2488986002710077
-0.8378548654069071 -0.2488986002710077
-0.7069269732504023 0.4515017433679473
-0.7069269732504023 -0.4515017433679473
-0.8640305682948899 0.0
-0.6791705206405745 0.48365519462469303
-0.6791705206405745 -0.48365519462469303
-0.8280866491163072 0.20552203930476234
-0.8280866491163072 -0.20552203930476234
-0.8096607104472839 0.258518563115261
-0.8096607104472839 -0.258518563115261
-0.8523824019059001 0.06019160499533134
-0.8523824019059001 -0.06019160499533134
-0.7880301934091765 0.30098746919911706
-0.7880301934091765 -0.30098746919911706
-0.2668918015790756 0.7996857789843349
-0.2668918015790756 -0.7996857789843349
-0.4553601229710386 0.7031396801886104
-0.4553601229710386 -0.7031396801886104
0.4936938262236509 0.6712771560010891
0.4936938262236509 -0.6712771560010891
0.21053457246354063 0.8182769236861648
0.21053457246354063 -0.8182769236861648
-0.3173529193213109 0.7772897628884451
-0.3173529193213109 -0.7772897628884451
-0.06009516327308486 0.8443571236989874
-0.06009516327308486 -0.8443571236989874
0.7038015395051984 0.4249101333643447
0.7038015395051984 -0.4249101333643447
-0.18143156441028446 0.8234932937167281
-0.18143156441028446 -0.8234932937167281
0.530959085794892 0.6238869743274218
0.530959085794892 -0.6238869743274218
0.7742633174063547 0.30016971315627733
0.7742633174063547 -0.30016971315627733
0.7929269008046052 0.25327634342271055
0.7929269008046052 -0.25327634342271055
-0.7331375198397874 0.37128105955212204
-0.7331375198397874 -0.37128105955212204
0.6401694569911558 0.4994644156222293
0.6401694569911558 -0.4994644156222293
0.2906868281962415 0.7753653520805475
0.2906868281962415 -0.7753653520805475
-0.2297226169639126 0.8061318840006856
-0.2297226169639126 -0.8061318840006856
-0.08653106206527286 0.8331071904474787
-0.08653106206527286 -0.8331071904474787
-0.4853893877775567 0.665380193129451
-0.4853893877775567 -0.665380193129451
0.674859777305787 0.4478214427205125
0.674859777305787 -0.4478214427205125
-0.7210621445801284 0.38733678904919205
-0.7210621445801284 -0.38733678904919205
0.23158529469606517 0.7935944093566485
0.23158529469606517 -0.7935944093566485
-0.353537199661518 0.7437381082503443
-0.353537199661518 -0.7437381082503443
-0.40667678638164095 0.7116479458751792
-0.40667678638164095 -0.7116479458751792
-0.6146136025711318 0.5091424094763164
-0.6146136025711318 -0.5091424094763164
-0.8174347186643509 0.10177053576777902
-0.8174347186643509 -0.10177053576777902
-0.5353177481231247 0.5843290356420983
-0.5353177481231247 -0.5843290356420983
0.1987676653590037 0.7976639836615185
0.1987676653590037 -0.7976639836615185
0.46491479021336596 0.6508859552172244
0.46491479021336596 -0.6508859552172244
0.5946926366810706 0.5293819716865155
0.5946926366810706 -0.5293819716865155
0.5564539127183445 0.5566263932440977
0.5564539127183445 -0.5566263932440977
0.6097948071920527 0.4933059138415224
0.6097948071920527 -0.4933059138415224
0.8209326346758669 0.0876068052938938
0.8209326346758669 -0.0876068052938938
0.3033951453100815 0.7491584384325799
0.3033951453100815 -0.7491584384325799
-0.7650995219503705 0.21986408914656097
-0.7650995219503705 -0.21986408914656097
0.7492137821610557 0.30071871957672974
0.7492137821610557 -0.30071871957672974
0.7962822423579803 0.15420240476679464
0.7962822423579803 -0.15420240476679464
0.7869933842207881 0.1881992679670067
0.7869933842207881 -0.1881992679670067
-0.7969467424322972 0.05546709677063248
-0.7969467424322972 -0.05546709677063248
-0.6393235753155907 0.4558941474400015
-0.6393235753155907 -0.4558941474400015
0.7914156069381495 0.1214729624204447
0.7914156069381495 -0.1214729624204447
-0.4224929845021422 0.6700189467241063
-0.4224929845021422 -0.6700189467241063
0.763204278564211 0.1992274064719968
0.763204278564211 -0.1992274064719968
-0.5462074677877728 0.5442947082803722
-0.5462074677877728 -0.5442947082803722
0.7862218655261142 0.054770875779570655
0.7862218655261142 -0.054770875779570655
-0.46108569632839347 0.6223208636078981
-0.46108569632839347 -0.6223208636078981
0.44241283201061726 0.649036969427984
0.44241283201061726 -0.649036969427984
0.3422591896387609 0.7099302274141903
0.3422591896387609 -0.7099302274141903
-0.14781357646913962 0.7912246991748636
-0.14781357646913962 -0.7912246991748636
0.4778814879545053 0.6056122973827329
0.4778814879545053 -0.6056122973827329
0.1075345238289796 0.791084024291387
0.1075345238289796 -0.791084024291387
-0.4601371596888407 0.6127577686213945
-0.4601371596888407 -0.6127577686213945
-0.30908875407655634 0.7151940427713069
-0.30908875407655634 -0.7151940427713069
0.017339578475156686 0.7967551595319607
0.017339578475156686 -0.7967551595319607
-0.24915786717435517 0.73668971265328
-0.24915786717435517 -0.73668971265328
-0.0761374564603007 0.7884609783193318
-0.0761374564603007 -0.7884609783193318
0.03515263802004598 0.7873612604124741
0.03515263802004598 -0.7873612604124741
0.07052950224882576 0.7814368590089678
0.07052950224882576 -0.7814368590089678
-0.12327650482267324 0.7729519285329807
-0.12327650482267324 -0.7729519285329807
0.4107090221523227 0.6482690212900808
0.4107090221523227 -0.6482690212900808
0.3727931903704005 0.6699413634053613
0.3727931903704005 -0.6699413634053613
-0.7806244293614172 0.0795162701108947
-0.7806244293614172 -0.0795162701108947
0.7801687189834304 0.0
-0.7330025318726829 0.2424391585259909
-0.7330025318726829 -0.2424391585259909
-0.19485675001197048 0.7536524544600403
-0.19485675001197048 -0.7536524544600403
0.6899341779571149 0.3361260530026249
0.6899341779571149 -0.3361260530026249
0.6298524047410743 0.40768788694697805
0.6298524047410743 -0.40768788694697805
-0.48789126365031876 0.5635194412007304
-0.48789126365031876 -0.5635194412007304
-0.6597723405701084 0.372930008487526
-0.6597723405701084 -0.372930008487526
0.2583972297788222 0.7179024903665476
0.2583972297788222 -0.7179024903665476
-0.5976547953845417 0.44748461635898784
-0.5976547953845417 -0.44748461635898784
0.16364964808127005 0.7478418600591018
0.16364964808127005 -0.7478418600591018
0.0019589593335188615 0.7733072488059513
0.0019589593335188615 -0.7733072488059513
-0.7738326267368354 0.011384096793370333
-0.7738326267368354 -0.011384096793370333
-0.5277748150268018 0.5056457393818075
-0.5277748150268018 -0.5056457393818075
-0.26419881578241955 0.7139400144781153
-0.26419881578241955 -0.7139400144781153
0.7281424307438173 0.21211045808347848
0.7281424307438173 -0.21211045808347848
0.5483426369142884 0.4807722093026004
0.5483426369142884 -0.4807722093026004
0.4863316174395387 0.5361909203350016
0.4863316174395387 -0.5361909203350016
0.6009053169516629 0.4128570165374347
0.6009053169516629 -0.4128570165374347
0.11729821466589618 0.7521148070214752
0.11729821466589618 -0.7521148070214752
-0.35753863299721556 0.6639572323841202
-0.35753863299721556 -0.6639572323841202
-0.5146972270410912 0.5107225777202654
-0.5146972270410912 -0.5107225777202654
-0.07621962832253218 0.7583286941571086
-0.07621962832253218 -0.7583286941571086
-0.7459609233059405 0.14168916609022147
-0.7459609233059405 -0.14168916609022147
-0.6696765326949323 0.33423981513884715
-0.6696765326949323 -0.33423981513884715
-0.7014089452647383 0.27129530291795256
-0.7014089452647383 -0.27129530291795256
-0.7135962773916493 0.23497529187505872
-0.7135962773916493 -0.23497529187505872
0.6872208492155565 0.28899012909654365
0.6872208492155565 -0.28899012909654365
0.6728314320005901 0.31670662027460983
0.6728314320005901 -0.31670662027460983
-0.1909775690884456 0.722834786538466
-0.1909775690884456 -0.722834786538466
0.2815128721282069 0.6751197285625417
0.2815128721282069 -0.6751197285625417
-0.3855706359673121 0.6188178570031933
-0.3855706359673121 -0.6188178570031933
-0.5944826201726934 0.4237500432745443
-0.5944826201726934 -0.4237500432745443
0.433299603707056 0.5651192309941285
0.433299603707056 -0.5651192309941285
-0.47337076399235406 0.5450247037553015
-0.47337076399235406 -0.5450247037553015
-0.040536959904799996 0.7392444128573957
-0.040536959904799996 -0.7392444128573957
-0.7159400887694551 0.17816674913472966
-0.7159400887694551 -0.17816674913472966
-0.7316652309497802 0.11296184936638255
-0.7316652309497802 -0.11296184936638255
-0.7206272007383671 0.0
0.3424874158672249 0.6248115691300347
0.3424874158672249 -0.6248115691300347
0.1848660890446019 0.7040042673640051
0.1848660890446019 -0.7040042673640051
-0.5554126823657648 0.44774368448817375
-0.5554126823657648 -0.44774368448817375
0.056502298710798426 0.7295770075297531
0.056502298710798426 -0.7295770075297531
0.5692608702219832 0.41223868666419133
0.5692608702219832 -0.41223868666419133
0.5012531707438221 0.4865873370923548
0.5012531707438221 -0.4865873370923548
0.6137446340829096 0.34729952580206574
0.6137446340829096 -0.34729952580206574
0.23968668193159698 0.6699998806507778
0.23968668193159698 -0.6699998806507778
-0.23011119787832107 0.6747757268420148
-0.23011119787832107 -0.6747757268420148
-0.4317564553735229 0.5442143752318712
-0.4317564553735229 -0.5442143752318712
0.31464517162457145 0.6237810133042377
0.31464517162457145 -0.6237810133042377
0.7220132222968195 0.02993422408480854
0.7220132222968195 -0.02993422408480854
0.7087147355842169 0.1114725174305298
0.7087147355842169 -0.1114725174305298
0.36587789185235076 0.5853603144145986
0.36587789185235076 -0.5853603144145986
0.6929910144681755 0.1721170030258705
0.6929910144681755 -0.1721170030258705
-0.32970326836713704 0.6020141354332396
-0.32970326836713704 -0.6020141354332396
-0.5063477421504282 0.4491057384750271
-0.5063477421504282 -0.4491057384750271
-0.403276399655931 0.543860945105156
-0.403276399655931 -0.543860945105156
-0.25089447989996283 0.6470426182805501
-0.25089447989996283 -0.6470426182805501
0.6589782411479216 0.23641560863905833
0.6589782411479216 -0.23641560863905833
0.43086436767868186 0.4930765162585256
0.43086436767868186 -0.4930765162585256
0.13569260891276774 0.68253106417499
0.13569260891276774 -0.68253106417499
-0.13583007720967422 0.679129890273729
-0.13583007720967422 -0.679129890273729
-0.09993972032079726 0.6849747384900635
-0.09993972032079726 -0.6849747384900635
-0.011261692434572375 0.6864131811772911
-0.011261692434572375 -0.6864131811772911
0.09602968543611284 0.6763400090100558
0.09602968543611284 -0.6763400090100558
0.26829015526379785 0.6159105373609131
0.26829015526379785 -0.6159105373609131
0.01803635013110791 0.6775715680471843
0.01803635013110791 -0.6775715680471843
-0.6989435195490232 0.03784679038283117
-0.6989435195490232 -0.03784679038283117
-0.6903276499130653 0.10656546236164514
-0.6903276499130653 -0.10656546236164514
0.6811951203106913 0.038833156061097884
0.6811951203106913 -0.038833156061097884
0.40439345456035103 0.5150306129313693
0.40439345456035103 -0.5150306129313693
0.5588859969041815 0.345922357273363
0.5588859969041815 -0.345922357273363
0.6008231712700088 0.27678305600207964
0.6008231712700088 -0.27678305600207964
-0.28267200614776 0.6108135067535121
-0.28267200614776 -0.6108135067535121
0.6410508008934077 0.18942927302907187
0.6410508008934077 -0.18942927302907187
-0.5973207627054633 0.3219300195715426
-0.5973207627054633 -0.3219300195715426
-0.6251932827602908 0.26570322583043865
-0.6251932827602908 -0.26570322583043865
-0.35413512150184934 0.5623372634617191
-0.35413512150184934 -0.5623372634617191
-0.658508697880309 0.15553370134788497
-0.658508697880309 -0.15553370134788497
-0.5748860839277551 0.335224203771933
-0.5748860839277551 -0.335224203771933
0.4045386265695693 0.4989504396291351
0.4045386265695693 -0.4989504396291351
0.6542693908545505 0.09166088193720855
0.6542693908545505 -0.09166088193720855
-0.5080306219296669 0.38901721181089166
-0.5080306219296669 -0.38901721181089166
-0.6642349283965664 0.0
-0.12085386784303787 0.6471847080715492
-0.12085386784303787 -0.6471847080715492
-0.31150480224441834 0.5663044008216687
-0.31150480224441834 -0.5663044008216687
-0.5857345355809881 0.2765935812823156
-0.5857345355809881 -0.2765935812823156
-0.640908221860619 0.12459437107608784
-0.640908221860619 -0.12459437107608784
0.6404056282038628 0.12142492757667504
0.6404056282038628 -0.12142492757667504
0.11593338843304596 0.6462476750321074
0.11593338843304596 -0.6462476750321074
0.041981830465863734 0.6577695990955769
0.041981830465863734 -0.6577695990955769
-0.4555731865540679 0.4418078990194035
-0.4555731865540679 -0.4418078990194035
-0.6196527004865795 0.17726518584223167
-0.6196527004865795 -0.17726518584223167
-0.4159810698181646 0.4664188879255632
-0.4159810698181646 -0.4664188879255632
0.5687538453421769 0.287774605137004
0.5687538453421769 -0.287774605137004
0.5057320050246896 0.3788694415128565
0.5057320050246896 -0.3788694415128565
0.29053516346545527 0.5632949970345512
0.29053516346545527 -0.5632949970345512
0.16926532718772608 0.6271076216012549
0.16926532718772608 -0.6271076216012549
0.21523666099105698 0.6067063534761302
0.21523666099105698 -0.6067063534761302
-0.1911671150989353 0.6171651243019893
-0.1911671150989353 -0.6171651243019893
-0.4253967397542354 0.4419985657419494
-0.4253967397542354 -0.4419985657419494
0.6451207667520555 0.0
0.4394124382378977 0.4384397013474293
0.4394124382378977 -0.4384397013474293
-0.15606735580185668 0.6235696751050083
-0.15606735580185668 -0.6235696751050083
-0.6397672876262677 0.04597099992488541
-0.6397672876262677 -0.04597099992488541
-0.583008325438596 0.2475102901468979
-0.583008325438596 -0.2475102901468979
0.5104893172353242 0.3351559797479197
0.5104893172353242 -0.3351559797479197
-0.6351086290436077 0.031814293142010855
-0.6351086290436077 -0.031814293142010855
-0.5915075937784522 0.18973696406941234
-0.5915075937784522 -0.18973696406941234
0.13474819513945727 0.6052896134121092
0.13474819513945727 -0.6052896134121092
0.5982101487751919 0.1962365367974113
0.5982101487751919 -0.1962365367974113
-0.2318780337180144 0.5729697195750553
-0.2318780337180144 -0.5729697195750553
-0.517906637249572 0.30293612570263845
-0.517906637249572 -0.30293612570263845
0.2870633623590547 0.5275605310605446
0.2870633623590547 -0.5275605310605446
0.5622249614256181 0.2532219076835434
0.5622249614256181 -0.2532219076835434
-0.3269417917420065 0.49498771058457386
-0.3269417917420065 -0.49498771058457386
-0.5317750934760539 0.26171817512252676
-0.5317750934760539 -0.26171817512252676
0.3911219240506506 0.43429266495996804
0.3911219240506506 -0.43429266495996804
0.41773866189009184 0.4100175391417704
0.41773866189009184 -0.4100175391417704
0.592825203855427 0.14110976875376974
0.592825203855427 -0.14110976875376974
-0.4098403087575204 0.41780909031681657
-0.4098403087575204 -0.41780909031681657
-0.05465838537134515 0.5942668464075431
-0.05465838537134515 -0.5942668464075431
0.5083650146449384 0.3024316820724217
0.5083650146449384 -0.3024316820724217
-0.11973950890072528 0.58724343444176
-0.11973950890072528 -0.58724343444176
0.48106799671530776 0.3330120446178879
0.48106799671530776 -0.3330120446178879
0.6014546998566641 0.04484002819729839
0.6014546998566641 -0.04484002819729839
-0.3651862826952312 0.44422853927470424
-0.3651862826952312 -0.44422853927470424
-0.5425298914147423 0.21574519177971502
-0.5425298914147423 -0.21574519177971502
0.03216105180264872 0.5939629135314639
0.03216105180264872 -0.5939629135314639
-0.4613291720140881 0.3283662214344263
-0.4613291720140881 -0.3283662214344263
0.07039548223016293 0.5906696061323784
0.07039548223016293 -0.5906696061323784
0.32581859065953 0.4781216827847245
0.32581859065953 -0.4781216827847245
0.30280965913633984 0.49155343832486353
0.30280965913633984 -0.49155343832486353
-0.587101805105919 0.007890047318169842
-0.587101805105919 -0.007890047318169842
-0.2932399536381905 0.4798210371359066
-0.2932399536381905 -0.4798210371359066
0.5896916195396938 0.0
0.5890934293103143 0.103600228609293
0.5890934293103143 -0.103600228609293
-0.014569998491711866 0.5806028975506392
-0.014569998491711866 -0.5806028975506392
0.3478824932681136 0.4255824984142823
0.3478824932681136 -0.4255824984142823
0.41541822821893026 0.35696143384209744
0.41541822821893026 -0.35696143384209744
-0.2269339541989958 0.507727150888628
-0.2269339541989958 -0.507727150888628
0.37825707719982093 0.3808957118489226
0.37825707719982093 -0.3808957118489226
0.5206824540019865 0.22102852346208365
0.5206824540019865 -0.22102852346208365
-0.5413458883463402 0.15317803247202824
-0.5413458883463402 -0.15317803247202824
-0.5536054124919403 0.07036393797044681
-0.5536054124919403 -0.07036393797044681
-0.4973057906015124 0.2175483669390564
-0.4973057906015124 -0.2175483669390564
-0.3207142913963392 0.435403033973465
-0.3207142913963392 -0.435403033973465
-0.37157483744033426 0.37318903224602396
-0.37157483744033426 -0.37318903224602396
-0.15190522078812974 0.5397966326907268
-0.15190522078812974 -0.5397966326907268
0.1691333906465519 0.542697564808344
0.1691333906465519 -0.542697564808344
-0.048873391324155246 0.5485907652821824
-0.048873391324155246 -0.5485907652821824
0.22917159114143987 0.5044975298926636
0.22917159114143987 -0.5044975298926636
0.29502201277647216 0.4584206408797998
0.29502201277647216 -0.4584206408797998
0.19874230624659173 0.509091226165514
0.19874230624659173 -0.509091226165514
-0.16640831786422483 0.5088134908841548
-0.16640831786422483 -0.5088134908841548
0.08491953146301182 0.5334640001729073
0.08491953146301182 -0.5334640001729073
0.25643780476209116 0.4693290601378579
0.25643780476209116 -0.4693290601378579
0.5532363905207628 0.0
0.49633182319097235 0.20859858995072744
0.49633182319097235 -0.20859858995072744
0.5170688267954939 0.16872637208360128
0.5170688267954939 -0.16872637208360128
0.4681038565528423 0.2488234493754629
0.4681038565528423 -0.2488234493754629
0.522909357761741 0.1380794803659122
0.522909357761741 -0.1380794803659122
0.3972070168081566 0.3148093099607523
0.3972070168081566 -0.3148093099607523
0.5291844247937445 0.053269316918254095
0.5291844247937445 -0.053269316918254095
0.4230324553729465 0.27705337532074487
0.4230324553729465 -0.27705337532074487
-0.5169536549629525 0.15929023411283938
-0.5169536549629525 -0.15929023411283938
-0.4485746999557118 0.2556295120953102
-0.4485746999557118 -0.2556295120953102
-0.11137823552480094 0.5231374155008263
-0.11137823552480094 -0.5231374155008263
-0.5164091827837023 0.08385486846041766
-0.5164091827837023 -0.08385486846041766
-0.29335244160882973 0.40770266996850446
-0.29335244160882973 -0.40770266996850446
-0.23844257939416874 0.45059201590886644
-0.23844257939416874 -0.45059201590886644
-0.34906521107006117 0.34536501348274373
-0.34906521107006117 -0.34536501348274373
0.06839260931993293 0.5152623400695588
0.06839260931993293 -0.5152623400695588
-0.42309971018275133 0.2556118766708479
-0.42309971018275133 -0.2556118766708479
0.12729571675773088 0.4989805436238201
0.12729571675773088 -0.4989805436238201
0.5064247483614412 0.05459075325264228
0.5064247483614412 -0.05459075325264228
-0.21502784937886352 0.45481161101331025
-0.21502784937886352 -0.45481161101331025
-0.5068888418512867 0.0
-0.48379781174627795 0.11071463111544991
-0.48379781174627795 -0.11071463111544991
-0.12556969310935445 0.4798596420177806
-0.12556969310935445 -0.4798596420177806
-0.4612373626172393 0.16888936555336737
-0.4612373626172393 -0.16888936555336737
-0.345682522075163 0.32547641515550885
-0.345682522075163 -0.32547641515550885
0.46681113348520625 0.1601091340246093
0.46681113348520625 -0.1601091340246093
-0.043863168842297594 0.48549573852882194
-0.043863168842297594 -0.48549573852882194
0.31296768919320506 0.36402530654496457
0.31296768919320506 -0.36402530654496457
0.1528340997426228 0.4654011287824726
0.1528340997426228 -0.4654011287824726
0.07344465299184401 0.47691610539684126
0.07344465299184401 -0.47691610539684126
0.2612929803066353 0.38635540159667603
0.2612929803066353 -0.38635540159667603
0.2178920986181531 0.40665913040767915
0.2178920986181531 -0.40665913040767915
0.1667594996675808 0.4396045264828329
0.1667594996675808 -0.4396045264828329
0.41962205814426456 0.19088530644902854
0.41962205814426456 -0.19088530644902854
0.3879348062285579 0.2425805044890401
0.3879348062285579 -0.2425805044890401
0.46527712798831383 0.07954013855816035
0.46527712798831383 -0.07954013855816035
-0.3023315297414996 0.352242310334383
-0.3023315297414996 -0.352242310334383
-0.46971146399332925 0.03529347958132244
-0.46971146399332925 -0.03529347958132244
0.002451564675252399 0.470250885781324
0.002451564675252399 -0.470250885781324
0.47058321645630063 0.02096817899709693
0.47058321645630063 -0.02096817899709693
-0.22787670658370163 0.39189661801233866
-0.22787670658370163 -0.39189661801233866
-0.38493929984385866 0.23616371909058662
-0.38493929984385866 -0.23616371909058662
-0.4132205042495961 0.18653949809747664
-0.4132205042495961 -0.18653949809747664
0.42171628665781374 0.12853720114412434
0.42171628665781374 -0.12853720114412434
-0.25690099870094585 0.3519656308485693
-0.25690099870094585 -0.3519656308485693
0.3430624278880146 0.25400129882869404
0.3430624278880146 -0.25400129882869404
-0.34728321982338756 0.2508245165639769
-0.34728321982338756 -0.2508245165639769
-0.10379160465301551 0.4333439517773455
-0.10379160465301551 -0.4333439517773455
-0.4392796033237514 0.06574919671599823
-0.4392796033237514 -0.06574919671599823
0.37154126888042616 0.18683448526158153
0.37154126888042616 -0.18683448526158153
0.15935458575912412 0.3932260796002217
0.15935458575912412 -0.3932260796002217
0.27690843186124353 0.29842087465511047
0.27690843186124353 -0.29842087465511047
-0.4193231862581465 0.11971009488689557
-0.4193231862581465 -0.11971009488689557
-0.3199137655933078 0.26797400979010544
-0.3199137655933078 -0.26797400979010544
0.2974648508079596 0.2566307399971459
0.2974648508079596 -0.2566307399971459
-0.1877826896455623 0.3746282814563513
-0.1877826896455623 -0.3746282814563513
0.421466297696536 0.0
0.0757917045685524 0.4238335766302771
0.0757917045685524 -0.4238335766302771
0.4193408729117132 0.06680281742762977
0.4193408729117132 -0.06680281742762977
0.01877968570812348 0.425281995759457
0.01877968570812348 -0.425281995759457
-0.15876667979304923 0.39061496275846974
-0.15876667979304923 -0.39061496275846974
-0.286916614382441 0.26495171513217347
-0.286916614382441 -0.26495171513217347
-0.045216205989285774 0.41312941751990234
-0.045216205989285774 -0.41312941751990234
0.1462967613176549 0.38047285603376835
0.1462967613176549 -0.38047285603376835
0.38102592545082686 0.04476544648625562
0.38102592545082686 -0.04476544648625562
0.34220445359608875 0.16792088169066255
0.34220445359608875 -0.16792088169066255
0.3635529947813665 0.09571388179816176
0.3635529947813665 -0.09571388179816176
-0.06783385018249317 0.3902825930491236
-0.06783385018249317 -0.3902825930491236
-0.12408997747376466 0.3778380016164693
-0.12408997747376466 -0.3778380016164693
-0.3965347934685195 0.10593532053474758
-0.3965347934685195 -0.10593532053474758
0.3370789880757813 0.1400499921451124
0.3370789880757813 -0.1400499921451124
0.0585353136311553 0.3784039409543545
0.0585353136311553 -0.3784039409543545
-0.3643374022361712 0.1264101382433482
-0.3643374022361712 -0.1264101382433482
0.1913129969564658 0.3130633826839852
0.1913129969564658 -0.3130633826839852
-0.3192577059165632 0.20591299148091008
-0.3192577059165632 -0.20591299148091008
0.252828878055668 0.24753262881693958
0.252828878055668 -0.24753262881693958
0.225854713558164 0.27522953271553213
0.225854713558164 -0.27522953271553213
-0.3821002021763442 0.04291210576353124
-0.3821002021763442 -0.04291210576353124
0.15732110645441774 0.33172534764617906
0.15732110645441774 -0.33172534764617906
-0.37308681625619916 0.0
-0.22502531933065706 0.28271443603995705
-0.22502531933065706 -0.28271443603995705
-0.16435174827183718 0.32455273603873014
-0.16435174827183718 -0.32455273603873014
-0.003007626224611072 0.36341143765479467
-0.003007626224611072 -0.36341143765479467
0.08554586728812802 0.345006873890769
0.08554586728812802 -0.345006873890769
-0.35373480807578633 0.0805378537274553
-0.35373480807578633 -0.0805378537274553
-0.2959107427820672 0.19138337736366887
-0.2959107427820672 -0.19138337736366887
-0.10911335618811831 0.336247813691195
-0.10911335618811831 -0.336247813691195
-0.24610465521427474 0.2316283392852518
-0.24610465521427474 -0.2316283392852518
0.1813816550357652 0.2722219410218638
0.1813816550357652 -0.2722219410218638
-0.13310109794391412 0.30415322104895315
-0.13310109794391412 -0.30415322104895315
-0.28248809772327155 0.14964440105504404
-0.28248809772327155 -0.14964440105504404
-0.18188526405677746 0.2596095870515685
-0.18188526405677746 -0.2596095870515685
0.28909734094050443 0.12164004313622949
0.28909734094050443 -0.12164004313622949
0.23499093354429412 0.19556564524251352
0.23499093354429412 -0.19556564524251352
0.24685503725619767 0.17809549869208896
0.24685503725619767 -0.17809549869208896
0.02397044278707358 0.31961477513691006
0.02397044278707358 -0.31961477513691006
-0.17128783651040125 0.23825309219757335
-0.17128783651040125 -0.23825309219757335
0.32075229425514834 0.019267182666803762
0.32075229425514834 -0.019267182666803762
0.1621479151274121 0.2277280335055037
0.1621479151274121 -0.2277280335055037
0.07562186205232715 0.2856657812147206
0.07562186205232715 -0.2856657812147206
-0.27016406742845706 0.0
0.022918624508041822 0.29204878815735347
0.022918624508041822 -0.29204878815735347
-0.05036734302693143 0.28691541518503966
-0.05036734302693143 -0.28691541518503966
-0.28318929268355547 0.10150656551730912
-0.28318929268355547 -0.10150656551730912
0.2807619506888557 0.006825367218218416
0.2807619506888557 -0.006825367218218416
0.11710710553905003 0.24473237271675802
0.11710710553905003 -0.24473237271675802
0.2409907009959103 0.11393743171006364
0.2409907009959103 -0.11393743171006364
-0.28514373083241895 0.02781467610425304
-0.28514373083241895 -0.02781467610425304
-0.208113273314451 0.1771884980912052
-0.208113273314451 -0.1771884980912052
0.24626440233430533 0.08257062676886763
0.24626440233430533 -0.08257062676886763
-0.1065427228609753 0.23841767009878223
-0.1065427228609753 -0.23841767009878223
0.18114656376092914 0.17237650924979706
0.18114656376092914 -0.17237650924979706
-0.09595834717099627 0.2369171135041893
-0.09595834717099627 -0.2369171135041893
-0.192130250480528 0.17745319320628708
-0.192130250480528 -0.17745319320628708
0.06492519978118323 0.24014434043658878
0.06492519978118323 -0.24014434043658878
-0.01977768054176946 0.25464143267531775
-0.01977768054176946 -0.25464143267531775
0.22957363168361739 0.044050183087824414
0.22957363168361739 -0.044050183087824414
0.10568167380028834 0.1930363484451541
0.10568167380028834 -0.1930363484451541
0.0037678106874527717 0.22417492282488302
0.0037678106874527717 -0.22417492282488302
-0.028919108380245837 0.20764838764432786
-0.028919108380245837 -0.20764838764432786
-0.23938265184027144 0.0
0.21688680549611367 0.0
-0.2148633514970126 0.07863717507021492
-0.2148633514970126 -0.07863717507021492
-0.16919666364409874 0.13341233780239134
-0.16919666364409874 -0.13341233780239134
0.19384417528872994 0.09989305584370443
0.19384417528872994 -0.09989305584370443
-0.20681525084459018 0.0412854436696992
-0.20681525084459018 -0.0412854436696992
-0.1793144143760907 0.10819248640561777
-0.1793144143760907 -0.10819248640561777
-0.18090236282262673 0.09410338392177256
-0.18090236282262673 -0.09410338392177256
0.14147567381077789 0.12406191029737645
0.14147567381077789 -0.12406191029737645
0.09197793368849728 0.15470794615646472
0.09197793368849728 -0.15470794615646472
0.17300160438205356 0.07138447375222365
0.17300160438205356 -0.07138447375222365
0.14327814294933225 0.0
-0.0633035303623401 0.18502931807194517
-0.0633035303623401 -0.18502931807194517
0.04939897933202286 0.1746072745778397
0.04939897933202286 -0.1746072745778397
0.006529215525437459 0.17459807155456789
0.006529215525437459 -0.17459807155456789
-0.091600132466265 0.15067552971640139
-0.091600132466265 -0.15067552971640139
-0.181328420892203 0.0
-0.13397131800043618 0.0
-0.09959664656943273 0.0915483654960062
-0.09959664656943273 -0.0915483654960062
-0.0924001741444267 0.0785087828336243
-0.0924001741444267 -0.0785087828336243
0.04449107790121037 0.09831951548810572
0.04449107790121037 -0.09831951548810572
0.07330454310510669 0.0785521831406373
0.07330454310510669 -0.0785521831406373
-0.05610704230385051 0.0
0.07845218935661526 0.023058806122351595
0.07845218935661526 -0.023058806122351595
-0.03967204928598713 0.07585275131896647
-0.03967204928598713 -0.07585275131896647
-0.0176614810966303 0.04946790270706132
-0.0176614810966303 -0.04946790270706132
0.06728895924241343 0.02146482695545345
0.06728895924241343 -0.02146482695545345
-0.051825305222121205 0.02328213150692943
-0.051825305222121205 -0.02328213150692943
