1.9219206093864853 0.0
-1.1296089580941633 0.6033718431795871
-1.1296089580941633 -0.6033718431795871
-1.1780073250940117 0.0
-0.3824808364982468 1.0019127838776172
-0.3824808364982468 -1.0019127838776172
-1.0683295356307918 0.0
-0.5836190550639977 0.8569765550604364
-0.5836190550639977 -0.8569765550604364
-0.7032797102645665 0.7325294913342079
-0.7032797102645665 -0.7325294913342079
0.1005094041174214 0.9931399175177803
0.1005094041174214 -0.9931399175177803
0.9067038285773731 0.38385374441220754
0.9067038285773731 -0.38385374441220754
0.8268430887988014 0.5311049835780561
0.8268430887988014 -0.5311049835780561
-0.8827705872104499 0.24775324550936767
-0.8827705872104499 -0.24775324550936767
0.737369742297668 0.5929428491563886
0.737369742297668 -0.5929428491563886
0.2221789634478205 0.8957391588788713
0.2221789634478205 -0.8957391588788713
0.5558148476321334 0.7376508593313105
0.5558148476321334 -0.7376508593313105
0.45120790266976085 0.7930284030133851
0.45120790266976085 -0.7930284030133851
0.8899797465463737 0.1592208398284608
0.8899797465463737 -0.1592208398284608
-0.910681348997896 0.0
0.14338701626462874 0.8868164646519168
0.14338701626462874 -0.8868164646519168
-0.7110969243430458 0.5493402153289857
-0.7110969243430458 -0.5493402153289857
-0.5602661479894018 0.6820644972961925
-0.5602661479894018 -0.6820644972961925
0.8547552484817773 0.0
-0.3272896414154988 0.7934283520697605
-0.3272896414154988 -0.7934283520697605
0.3528333700060198 0.7559383537673579
0.3528333700060198 -0.7559383537673579
-0.1677066464754304 0.7993572072124336
-0.1677066464754304 -0.7993572072124336
0.058464702870667656 0.8172599235592317
0.058464702870667656 -0.8172599235592317
-0.7987697749214723 0.0
-0.42348045245116606 0.6830702456975598
-0.42348045245116606 -0.6830702456975598
0.7423891082288661 0.32262590433335875
0.7423891082288661 -0.32262590433335875
-0.5025094199886659 0.6048044073467757
-0.5025094199886659 -0.6048044073467757
-0.7792386605721453 0.1165122847583429
-0.7792386605721453 -0.1165122847583429
0.691198703691533 0.37544011304432906
0.691198703691533 -0.37544011304432906
0.7705680609130775 0.1071052728553807
0.7705680609130775 -0.1071052728553807
-0.6865537817804438 0.33504183309362
-0.6865537817804438 -0.33504183309362
-0.6757059334975386 0.27193469384163227
-0.6757059334975386 -0.27193469384163227
0.4269331352107266 0.5887785647749437
0.4269331352107266 -0.5887785647749437
0.7267493473925019 0.0
0.009221910512810579 0.6984815740288316
0.009221910512810579 -0.6984815740288316
0.24781351292086923 0.6385228078401048
0.24781351292086923 -0.6385228078401048
-0.6892232988418321 0.004100859434955746
-0.6892232988418321 -0.004100859434955746
-0.2629957612010391 0.6133393783274455
-0.2629957612010391 -0.6133393783274455
0.2838878711239463 0.5992455088874855
0.2838878711239463 -0.5992455088874855
0.6468239599153018 0.13673329925557348
0.6468239599153018 -0.13673329925557348
-0.6241403040474398 0.1933613647056575
-0.6241403040474398 -0.1933613647056575
-0.04646207454818117 0.6478629956207417
-0.04646207454818117 -0.6478629956207417
0.48866834882806076 0.4281291969135563
0.48866834882806076 -0.4281291969135563
-0.5275164730352702 0.3279431815730816
-0.5275164730352702 -0.3279431815730816
-0.17320968132079692 0.5683321158641607
-0.17320968132079692 -0.5683321158641607
0.5302336648729447 0.28353062144736646
0.5302336648729447 -0.28353062144736646
-0.09189859879221499 0.5656366425416737
-0.09189859879221499 -0.5656366425416737
0.005344249116103837 0.5726722248004771
0.005344249116103837 -0.5726722248004771
-0.3189335320465325 0.4612802179390497
-0.3189335320465325 -0.4612802179390497
0.5489911112789639 0.13881340003297196
0.5489911112789639 -0.13881340003297196
-0.5548275674472423 0.024569095947872936
-0.5548275674472423 -0.024569095947872936
0.4843212074081241 0.2820469915846106
0.4843212074081241 -0.2820469915846106
0.16935840521402284 0.5286618220343673
0.16935840521402284 -0.5286618220343673
-0.4650457640302893 0.2681764967569337
-0.4650457640302893 -0.2681764967569337
0.3030469315447733 0.444669370804947
0.3030469315447733 -0.444669370804947
0.2414297891701423 0.4728195140301645
0.2414297891701423 -0.4728195140301645
0.4430620902165677 0.28790516093757956
0.4430620902165677 -0.28790516093757956
-0.4898758254467584 0.15493284345958078
-0.4898758254467584 -0.15493284345958078
0.0990414127251216 0.5098320270008443
0.0990414127251216 -0.5098320270008443
-0.3490233815465957 0.36038020836654977
-0.3490233815465957 -0.36038020836654977
-0.44774484345680854 0.19754976798177504
-0.44774484345680854 -0.19754976798177504
0.4598149302867602 0.22957038995335796
0.4598149302867602 -0.22957038995335796
0.34645814956140697 0.36369311904031404
0.34645814956140697 -0.36369311904031404
-0.37491906908359485 0.3003891117870515
-0.37491906908359485 -0.3003891117870515
0.004168087506112543 0.4858164535234564
0.004168087506112543 -0.4858164535234564
-0.19386129550239953 0.44126751676074594
-0.19386129550239953 -0.44126751676074594
0.483574262475282 0.03627801921360853
0.483574262475282 -0.03627801921360853
0.13988752527191678 0.44376265169258955
0.13988752527191678 -0.44376265169258955
0.25398929251690144 0.39169326168589697
0.25398929251690144 -0.39169326168589697
-0.4494727493307683 0.06145527653902438
-0.4494727493307683 -0.06145527653902438
-0.05197234871477 0.44866016035746314
-0.05197234871477 -0.44866016035746314
-0.11568769674183157 0.4249391114553578
-0.11568769674183157 -0.4249391114553578
-0.29236948065574164 0.32396668998938905
-0.29236948065574164 -0.32396668998938905
-0.20511373204230732 0.3814921603901235
-0.20511373204230732 -0.3814921603901235
0.04278200220846379 0.43835965808274757
0.04278200220846379 -0.43835965808274757
-0.39181424252180186 0.16005584680032198
-0.39181424252180186 -0.16005584680032198
-0.34770238412113963 0.23364521281844808
-0.34770238412113963 -0.23364521281844808
0.4374197605654285 0.0
-0.16444832045338414 0.3819473484543501
-0.16444832045338414 -0.3819473484543501
0.3293307323299328 0.28520280711986623
0.3293307323299328 -0.28520280711986623
-0.39279616150388724 0.10286419227934919
-0.39279616150388724 -0.10286419227934919
0.3894669361141413 0.1950526285500756
0.3894669361141413 -0.1950526285500756
0.4293162459820495 0.04319552854992797
0.4293162459820495 -0.04319552854992797
-0.38984336032769995 0.0450858539538691
-0.38984336032769995 -0.0450858539538691
0.4011267413164801 0.1334192178204373
0.4011267413164801 -0.1334192178204373
-0.27309533803775554 0.2820096639912422
-0.27309533803775554 -0.2820096639912422
0.177392045698318 0.3634620939425166
0.177392045698318 -0.3634620939425166
-0.21422879197253988 0.3260589474808913
-0.21422879197253988 -0.3260589474808913
0.018177804930271994 0.39358229031476333
0.018177804930271994 -0.39358229031476333
0.09805534642012818 0.381674423067769
0.09805534642012818 -0.381674423067769
0.26758835104739825 0.2956132710112611
0.26758835104739825 -0.2956132710112611
0.33738972787012955 0.20909731745297316
0.33738972787012955 -0.20909731745297316
0.2822778107023335 0.24671964774023428
0.2822778107023335 -0.24671964774023428
0.3143019591189456 0.18241191787525132
0.3143019591189456 -0.18241191787525132
0.3490437678263695 0.14185242866594386
0.3490437678263695 -0.14185242866594386
0.3702043390030411 0.06821097397719408
0.3702043390030411 -0.06821097397719408
0.35868167579975363 0.09136765421918029
0.35868167579975363 -0.09136765421918029
0.37067107505546126 0.021805085808237156
0.37067107505546126 -0.021805085808237156
0.3217725461385572 0.14952615098206107
0.3217725461385572 -0.14952615098206107
0.11707369363219858 0.36708585535089194
0.11707369363219858 -0.36708585535089194
0.253380724302685 0.24472530785079366
0.253380724302685 -0.24472530785079366
-0.08645412443518598 0.3611909710813488
-0.08645412443518598 -0.3611909710813488
-0.27255387449710544 0.24634049265860627
-0.27255387449710544 -0.24634049265860627
-0.29780728417000984 0.2120574464743711
-0.29780728417000984 -0.2120574464743711
-0.32535682518493614 0.1756124774608102
-0.32535682518493614 -0.1756124774608102
0.2598636129750719 0.22493142985032633
0.2598636129750719 -0.22493142985032633
-0.029190417752361225 0.36600346310872517
-0.029190417752361225 -0.36600346310872517
-0.3604977386201508 0.05456196886069068
-0.3604977386201508 -0.05456196886069068
-0.34193526069925784 0.1213804590342678
-0.34193526069925784 -0.1213804590342678
0.0828153545098197 0.35249348542000974
0.0828153545098197 -0.35249348542000974
-0.32327470756893856 0.1621386559782578
-0.32327470756893856 -0.1621386559782578
0.1519896907078432 0.3185063800550782
0.1519896907078432 -0.3185063800550782
0.19682118585048008 0.2826992839750543
0.19682118585048008 -0.2826992839750543
-0.19809335764963232 0.3028062193599973
-0.19809335764963232 -0.3028062193599973
-0.10048422221478373 0.33667389963496835
-0.10048422221478373 -0.33667389963496835
-0.11927477001604148 0.32534874786047596
-0.11927477001604148 -0.32534874786047596
-0.3332320975425679 0.08262452561727787
-0.3332320975425679 -0.08262452561727787
-0.34136180167329677 0.018277494470070963
-0.34136180167329677 -0.018277494470070963
-0.21915931272566158 0.26260070033356664
-0.21915931272566158 -0.26260070033356664
-0.037439058683610194 0.33999980590324475
-0.037439058683610194 -0.33999980590324475
-0.16499284990862706 0.2993416337094408
-0.16499284990862706 -0.2993416337094408
0.1603286589135331 0.2993127832150184
0.1603286589135331 -0.2993127832150184
0.005665413099388924 0.34010949652269884
0.005665413099388924 -0.34010949652269884
0.02395993108852973 0.33930195213440095
0.02395993108852973 -0.33930195213440095
-0.30724465523915456 0.14567324520656802
-0.30724465523915456 -0.14567324520656802
0.09514484642784078 0.32476717296510454
0.09514484642784078 -0.32476717296510454
0.11838125231388033 0.3113925796621493
0.11838125231388033 -0.3113925796621493
-0.20371030463416456 0.2575128401898325
-0.20371030463416456 -0.2575128401898325
-0.1636190161410424 0.2868396482221809
-0.1636190161410424 -0.2868396482221809
-0.30787447228809806 0.0799232642920767
-0.30787447228809806 -0.0799232642920767
-0.2781842306439345 0.16948949916945422
-0.2781842306439345 -0.16948949916945422
-0.24588700637318933 0.2161266169227451
-0.24588700637318933 -0.2161266169227451
-0.24446285555873387 0.2080045353547915
-0.24446285555873387 -0.2080045353547915
-0.08235418296581429 0.31858450615809314
-0.08235418296581429 -0.31858450615809314
-0.09322994070427575 0.31027528597635773
-0.09322994070427575 -0.31027528597635773
0.33348259055413076 0.006319512957089938
0.33348259055413076 -0.006319512957089938
0.32327444252766313 0.0683818437293775
0.32327444252766313 -0.0683818437293775
0.04226284613511903 0.31667255197487615
0.04226284613511903 -0.31667255197487615
0.008678653663946174 0.31613310417976087
0.008678653663946174 -0.31613310417976087
0.21594254511188146 0.2434225519450709
0.21594254511188146 -0.2434225519450709
0.30579452313796673 0.0
0.2175197148456814 0.23937078727438618
0.2175197148456814 -0.23937078727438618
0.2718596709723311 0.18046864639696114
0.2718596709723311 -0.18046864639696114
0.1419260029158763 0.2840738825296843
0.1419260029158763 -0.2840738825296843
-0.24697718699106602 0.1869064475641976
-0.24697718699106602 -0.1869064475641976
0.16952987025638658 0.2638261505362742
0.16952987025638658 -0.2638261505362742
0.23996704081304304 0.2087837366182444
0.23996704081304304 -0.2087837366182444
0.2585949071561671 0.1856413267870733
0.2585949071561671 -0.1856413267870733
-0.1937648035371633 0.23924844066213263
-0.1937648035371633 -0.23924844066213263
-0.10851919698469012 0.2897702174923561
-0.10851919698469012 -0.2897702174923561
0.28772003313007 0.11139374179918886
0.28772003313007 -0.11139374179918886
0.26970129687900257 0.14589229812735682
0.26970129687900257 -0.14589229812735682
0.2926922533840537 0.08434734800254678
0.2926922533840537 -0.08434734800254678
-0.30556055349883354 0.04978073130487565
-0.30556055349883354 -0.04978073130487565
0.2958014029372651 0.04793240655797735
0.2958014029372651 -0.04793240655797735
-0.30349743909051585 0.05672189184984207
-0.30349743909051585 -0.05672189184984207
-0.30937265942321546 0.0
-0.2663847926514298 0.1483835321414755
-0.2663847926514298 -0.1483835321414755
-0.29065095646865075 0.0
0.1817965497739969 0.24485070236809517
0.1817965497739969 -0.24485070236809517
0.05886008598257343 0.3049115090982014
0.05886008598257343 -0.3049115090982014
-0.052943878150489496 0.2988043522625848
-0.052943878150489496 -0.2988043522625848
-0.028337384541833408 0.30131293945332593
-0.028337384541833408 -0.30131293945332593
-0.06412739247542618 0.29403489660674403
-0.06412739247542618 -0.29403489660674403
-0.2040462806884651 0.2212427574402599
-0.2040462806884651 -0.2212427574402599
0.07678556928372178 0.2953798517735084
0.07678556928372178 -0.2953798517735084
-0.16212693524630462 0.24850126302038353
-0.16212693524630462 -0.24850126302038353
0.13133178906008242 0.26910236347224337
0.13133178906008242 -0.26910236347224337
0.11088239978670147 0.27918603178781654
0.11088239978670147 -0.27918603178781654
-0.20628672392323272 0.21283653121987464
-0.20628672392323272 -0.21283653121987464
0.24394069383253947 0.1681094077434027
0.24394069383253947 -0.1681094077434027
-0.13312803991087607 0.2620632059933592
-0.13312803991087607 -0.2620632059933592
-0.2783742446939529 0.09598612676706997
-0.2783742446939529 -0.09598612676706997
-0.2837625735699694 0.07830725976805823
-0.2837625735699694 -0.07830725976805823
-0.2694573895045214 0.11598552465742297
-0.2694573895045214 -0.11598552465742297
-0.0019309607380663854 0.28870374644408264
-0.0019309607380663854 -0.28870374644408264
0.16631624799260214 0.2439927225723248
0.16631624799260214 -0.2439927225723248
0.037976383244467324 0.28423730239439693
0.037976383244467324 -0.28423730239439693
0.28741549848287823 0.05545273480130074
0.28741549848287823 -0.05545273480130074
0.2915210142489367 0.030094094356704286
0.2915210142489367 -0.030094094356704286
0.2892321713464765 0.01781189687290901
0.2892321713464765 -0.01781189687290901
0.2712263055208975 0.09495866487784135
0.2712263055208975 -0.09495866487784135
0.22790845444993452 0.17705747495941623
0.22790845444993452 -0.17705747495941623
-0.05139193859797203 0.2794392013208559
-0.05139193859797203 -0.2794392013208559
-0.07158402676030841 0.27191666568953005
-0.07158402676030841 -0.27191666568953005
0.1802310428754823 0.21816230464359856
0.1802310428754823 -0.21816230464359856
0.20410952053791637 0.18569238230832413
0.20410952053791637 -0.18569238230832413
0.24411365100552265 0.1398337779856946
0.24411365100552265 -0.1398337779856946
0.1474211697461797 0.2371456955618801
0.1474211697461797 -0.2371456955618801
-0.10601912402697375 0.2602015897396394
-0.10601912402697375 -0.2602015897396394
-0.14002210643794483 0.24042792314716321
-0.14002210643794483 -0.24042792314716321
-0.16367580058436496 0.21930154725000164
-0.16367580058436496 -0.21930154725000164
-0.2816935052024241 0.044162357337400926
-0.2816935052024241 -0.044162357337400926
-0.2826945977415594 0.0
-0.24883766203654878 0.12050447915847058
-0.24883766203654878 -0.12050447915847058
0.01584828636094529 0.2761389724705709
0.01584828636094529 -0.2761389724705709
-0.22275817453331373 0.16016641832314205
-0.22275817453331373 -0.16016641832314205
-0.21812344750978446 0.1647564966643259
-0.21812344750978446 -0.1647564966643259
-0.231382366733383 0.14092084720089745
-0.231382366733383 -0.14092084720089745
-0.2677661648813573 0.06620517479268025
-0.2677661648813573 -0.06620517479268025
-0.2760483008632001 0.0
-0.004541117061609593 0.27093702754654597
-0.004541117061609593 -0.27093702754654597
0.08332640419781986 0.259210844983148
0.08332640419781986 -0.259210844983148
-0.1770027825019705 0.19227212839008234
-0.1770027825019705 -0.19227212839008234
0.16144652193507825 0.21706881075273712
0.16144652193507825 -0.21706881075273712
0.27092562728766123 0.0
-0.11589210910684825 0.23678762069025272
-0.11589210910684825 -0.23678762069025272
0.27078164080830663 0.03967811518716518
0.27078164080830663 -0.03967811518716518
0.26117821474094827 0.08215488836770246
0.26117821474094827 -0.08215488836770246
0.24509375415656048 0.11808408676039248
0.24509375415656048 -0.11808408676039248
0.2253731288937802 0.1479600717304438
0.2253731288937802 -0.1479600717304438
-0.07902532277852774 0.2531264454359288
-0.07902532277852774 -0.2531264454359288
0.24713765128279935 0.10860080535962868
0.24713765128279935 -0.10860080535962868
-0.20266558112499777 0.16574929929118462
-0.20266558112499777 -0.16574929929118462
0.13541179677300416 0.22779457008095289
0.13541179677300416 -0.22779457008095289
0.19466517382022078 0.17290590100256326
0.19466517382022078 -0.17290590100256326
0.09660714317519059 0.24105309705872377
0.09660714317519059 -0.24105309705872377
0.06834732923207132 0.2543331231335322
0.06834732923207132 -0.2543331231335322
0.020682409395031565 0.26180998127711935
0.020682409395031565 -0.26180998127711935
-0.06177708296716478 0.2557998203831716
-0.06177708296716478 -0.2557998203831716
-0.08712110188851763 0.24366536836773825
-0.08712110188851763 -0.24366536836773825
-0.22638438213580547 0.1286609614605521
-0.22638438213580547 -0.1286609614605521
-0.1835961172130707 0.17756559471352132
-0.1835961172130707 -0.17756559471352132
-0.23880303284643117 0.10542474411539611
-0.23880303284643117 -0.10542474411539611
-0.2567877137933855 0.05528097055170431
-0.2567877137933855 -0.05528097055170431
0.16390830606468937 0.19383001323890642
0.16390830606468937 -0.19383001323890642
-0.1330760861428379 0.2118955469117685
-0.1330760861428379 -0.2118955469117685
-0.2580652509590188 0.024141906340712813
-0.2580652509590188 -0.024141906340712813
-0.2564648434315858 0.0
0.1813962429842308 0.1700114861485224
0.1813962429842308 -0.1700114861485224
0.22648312616488653 0.11256681356167539
0.22648312616488653 -0.11256681356167539
0.24712164888035468 0.07015737257970237
0.24712164888035468 -0.07015737257970237
0.21153995831034728 0.1348989248167014
0.21153995831034728 -0.1348989248167014
0.1974378411873205 0.14989039793933126
0.1974378411873205 -0.14989039793933126
-0.029677201670235145 0.251582050679287
-0.029677201670235145 -0.251582050679287
-0.013124440588062003 0.2508102694574918
-0.013124440588062003 -0.2508102694574918
-0.10117838963276195 0.22541024483562977
-0.10117838963276195 -0.22541024483562977
-0.13982820273156685 0.2029674163650534
-0.13982820273156685 -0.2029674163650534
0.25074847489652274 0.0241630077029778
0.25074847489652274 -0.0241630077029778
0.25201643202679996 0.006439193963453584
0.25201643202679996 -0.006439193963453584
-0.15745686815048418 0.18452127454306594
-0.15745686815048418 -0.18452127454306594
-0.19923852822665997 0.14037049708239846
-0.19923852822665997 -0.14037049708239846
-0.17673212027236507 0.16320229008767978
-0.17673212027236507 -0.16320229008767978
-0.04892954535257429 0.24167441822284122
-0.04892954535257429 -0.24167441822284122
-0.238313767243451 0.06129199809934094
-0.238313767243451 -0.06129199809934094
-0.21408813880298364 0.11185278302994678
-0.21408813880298364 -0.11185278302994678
0.22009374333233728 0.10886454559432583
0.22009374333233728 -0.10886454559432583
0.11803635885720601 0.21333684575078984
0.11803635885720601 -0.21333684575078984
0.01975296976724774 0.24591377498124284
0.01975296976724774 -0.24591377498124284
0.08546055895937735 0.2283152684341612
0.08546055895937735 -0.2283152684341612
0.23969658891081913 0.055218150713200714
0.23969658891081913 -0.055218150713200714
0.04887188703238797 0.24006851555148725
0.04887188703238797 -0.24006851555148725
0.13402980315205568 0.19848755027383194
0.13402980315205568 -0.19848755027383194
-0.10395998103620749 0.21254787855237717
-0.10395998103620749 -0.21254787855237717
0.003613424608746386 0.24455991311034175
0.003613424608746386 -0.24455991311034175
-0.1601485680413166 0.169029291360138
-0.1601485680413166 -0.169029291360138
0.15903424851327427 0.1720937797731501
0.15903424851327427 -0.1720937797731501
0.20226872803985707 0.12355277088628837
0.20226872803985707 -0.12355277088628837
0.09995127633376266 0.2156138177603871
0.09995127633376266 -0.2156138177603871
0.03989732310068042 0.23918700107587504
0.03989732310068042 -0.23918700107587504
-0.019028740097413475 0.2397853596506074
-0.019028740097413475 -0.2397853596506074
-0.11751038264875993 0.198344901900801
-0.11751038264875993 -0.198344901900801
-0.19508671495595026 0.12653011067753303
-0.19508671495595026 -0.12653011067753303
-0.23092054731487247 0.06694879396702419
-0.23092054731487247 -0.06694879396702419
0.1294799055911425 0.18457636312377582
0.1294799055911425 -0.18457636312377582
-0.2375158569545045 0.04209665463314763
-0.2375158569545045 -0.04209665463314763
-0.22252193979259258 0.07890578946675578
-0.22252193979259258 -0.07890578946675578
-0.12811575079094975 0.18223061652525757
-0.12811575079094975 -0.18223061652525757
0.06851758877957909 0.22622722013350535
0.06851758877957909 -0.22622722013350535
0.1763821558910227 0.13433354512300255
0.1763821558910227 -0.13433354512300255
-0.2354707226730523 0.028092773466679686
-0.2354707226730523 -0.028092773466679686
-0.15103457090739722 0.15958818625710228
-0.15103457090739722 -0.15958818625710228
-0.2049359476415114 0.10336840461777996
-0.2049359476415114 -0.10336840461777996
-0.05826451607238649 0.22309726564835367
-0.05826451607238649 -0.22309726564835367
-0.08340004969482982 0.21270079903978284
-0.08340004969482982 -0.21270079903978284
-0.23083476305670994 0.02216857740537261
-0.23083476305670994 -0.02216857740537261
-0.22943156715677304 0.0045022567202277234
-0.22943156715677304 -0.0045022567202277234
-0.21120306854520315 0.08015181971252183
-0.21120306854520315 -0.08015181971252183
0.005879303922027823 0.2295538070390154
0.005879303922027823 -0.2295538070390154
0.05659646013796026 0.22183172911437082
0.05659646013796026 -0.22183172911437082
0.08655372253311519 0.2106959485378464
0.08655372253311519 -0.2106959485378464
0.22583549830405136 0.0586559337601915
0.22583549830405136 -0.0586559337601915
0.20352644676109366 0.104994858228696
0.20352644676109366 -0.104994858228696
0.23097372655296694 0.005155022627923814
0.23097372655296694 -0.005155022627923814
0.22556480450779576 0.04064801285738417
0.22556480450779576 -0.04064801285738417
0.10433969231231344 0.19740925958768776
0.10433969231231344 -0.19740925958768776
0.1423631884613524 0.16492584446456374
0.1423631884613524 -0.16492584446456374
0.21316593908707923 0.07273383622376461
0.21316593908707923 -0.07273383622376461
0.1644261058799601 0.14405998191280023
0.1644261058799601 -0.14405998191280023
-0.1752269481825416 0.12355532887694938
-0.1752269481825416 -0.12355532887694938
0.18722988300240126 0.11218331613669698
0.18722988300240126 -0.11218331613669698
0.20652990702964658 0.08035786961436701
0.20652990702964658 -0.08035786961436701
0.0376405859788208 0.21825799975557303
0.0376405859788208 -0.21825799975557303
0.18347992527361154 0.11724732093532127
0.18347992527361154 -0.11724732093532127
-0.18082574532341394 0.11351514653387934
-0.18082574532341394 -0.11351514653387934
-0.03163769583234724 0.21744429585029415
-0.03163769583234724 -0.21744429585029415
-0.048052427388085336 0.21370801891435698
-0.048052427388085336 -0.21370801891435698
-0.12213230637779432 0.174234880438758
-0.12213230637779432 -0.174234880438758
-0.16537723255533085 0.13350453300800794
-0.16537723255533085 -0.13350453300800794
0.21518522605155269 0.030598758343564486
0.21518522605155269 -0.030598758343564486
-0.2133106745669155 0.014865246839833415
-0.2133106745669155 -0.014865246839833415
-0.14154943968805395 0.1507656145767827
-0.14154943968805395 -0.1507656145767827
0.21192236115439178 0.01744241279786697
0.21192236115439178 -0.01744241279786697
-0.19154828254617234 0.0815511356753821
-0.19154828254617234 -0.0815511356753821
-0.09782274604282251 0.18185396686638536
-0.09782274604282251 -0.18185396686638536
-0.018734496497798063 0.2116012845837629
-0.018734496497798063 -0.2116012845837629
0.004288027327887628 0.20900410977179104
0.004288027327887628 -0.20900410977179104
0.05923246585483206 0.20573334824014106
0.05923246585483206 -0.20573334824014106
0.10818192540080897 0.17811953395053576
0.10818192540080897 -0.17811953395053576
0.12947813674668576 0.15949904296813466
0.12947813674668576 -0.15949904296813466
-0.14965443845009735 0.13690523329806933
-0.14965443845009735 -0.13690523329806933
0.17151449859471132 0.11211035976657177
0.17151449859471132 -0.11211035976657177
0.15966061236838036 0.12398385472118682
0.15966061236838036 -0.12398385472118682
0.19832581066048732 0.05706189204469183
0.19832581066048732 -0.05706189204469183
0.14083065971213707 0.1423888537950606
0.14083065971213707 -0.1423888537950606
-0.20192259857886685 0.03711860611957964
-0.20192259857886685 -0.03711860611957964
-0.008266717751603102 0.20575499325809884
-0.008266717751603102 -0.20575499325809884
-0.13493300939836256 0.14864284773912664
-0.13493300939836256 -0.14864284773912664
0.015820723962473214 0.20257624059410884
0.015820723962473214 -0.20257624059410884
-0.11945034556777806 0.15625810986211763
-0.11945034556777806 -0.15625810986211763
-0.1698602535342307 0.09933496897217174
-0.1698602535342307 -0.09933496897217174
-0.07685972331861785 0.1862503890674693
-0.07685972331861785 -0.1862503890674693
-0.060921486388807886 0.19082460319702627
-0.060921486388807886 -0.19082460319702627
-0.19923825786647809 0.011520215124829184
-0.19923825786647809 -0.011520215124829184
-0.1947884739462356 0.04045978622047887
-0.1947884739462356 -0.04045978622047887
-0.17218908152437248 0.08776928126768557
-0.17218908152437248 -0.08776928126768557
0.0648659060306522 0.18955149169005342
0.0648659060306522 -0.18955149169005342
0.18153947329891051 0.07774852058255961
0.18153947329891051 -0.07774852058255961
-0.09486068542988613 0.1662807744075042
-0.09486068542988613 -0.1662807744075042
0.19792007893799066 0.03794939655673379
0.19792007893799066 -0.03794939655673379
0.10799587587727327 0.16241066454859887
0.10799587587727327 -0.16241066454859887
0.07443207510124453 0.18291473705636566
0.07443207510124453 -0.18291473705636566
0.12629208008595244 0.140788476037486
0.12629208008595244 -0.140788476037486
0.13605174620025218 0.12781019516886566
0.13605174620025218 -0.12781019516886566
-0.1431626703134643 0.11693675223949418
-0.1431626703134643 -0.11693675223949418
0.1983462841474054 0.011079064164181824
0.1983462841474054 -0.011079064164181824
0.13243318641792406 0.1296138316276256
0.13243318641792406 -0.1296138316276256
-0.06889829503470049 0.1800331866068604
-0.06889829503470049 -0.1800331866068604
0.15253243383922732 0.10199504263089364
0.15253243383922732 -0.10199504263089364
-0.17884648231884093 0.0
0.08756194690291288 0.16812601400550486
0.08756194690291288 -0.16812601400550486
0.18212541610365424 0.027692755962240065
0.18212541610365424 -0.027692755962240065
0.18428079070472925 0.012652163083344655
0.18428079070472925 -0.012652163083344655
-0.18103541146408977 0.05806828047700284
-0.18103541146408977 -0.05806828047700284
0.15965316304475424 0.08099290851824613
0.15965316304475424 -0.08099290851824613
0.1079558863905261 0.14377290016606606
0.1079558863905261 -0.14377290016606606
-0.18030205762538237 0.0420635461447157
-0.18030205762538237 -0.0420635461447157
-0.07149984876125687 0.17532486242724402
-0.07149984876125687 -0.17532486242724402
-0.15791573947666626 0.09461279743219185
-0.15791573947666626 -0.09461279743219185
-0.0015401946867966486 0.18920990680455876
-0.0015401946867966486 -0.18920990680455876
0.061212552843973256 0.17554272483250363
0.061212552843973256 -0.17554272483250363
-0.04800952944940348 0.1822599512429702
-0.04800952944940348 -0.1822599512429702
-0.10135879776909995 0.14834948610809706
-0.10135879776909995 -0.14834948610809706
-0.03333104482146846 0.18220265594609028
-0.03333104482146846 -0.18220265594609028
-0.14021951309075617 0.1059590019314686
-0.14021951309075617 -0.1059590019314686
0.08838630801644831 0.15401766791425087
0.08838630801644831 -0.15401766791425087
-0.03104683922727142 0.1806385506037306
-0.03104683922727142 -0.1806385506037306
0.03784587776775365 0.17943440599079233
0.03784587776775365 -0.17943440599079233
-0.15484715642714328 0.08051382917739873
-0.15484715642714328 -0.08051382917739873
-0.08453996834279943 0.15390769795852516
-0.08453996834279943 -0.15390769795852516
0.04922477699022004 0.1733013774918372
0.04922477699022004 -0.1733013774918372
0.030503672547822144 0.17766265085702787
0.030503672547822144 -0.17766265085702787
-0.04944145921849807 0.1717720627434116
-0.04944145921849807 -0.1717720627434116
0.1688193888303509 0.05593926525641653
0.1688193888303509 -0.05593926525641653
0.14211176304249024 0.09947207613623206
0.14211176304249024 -0.09947207613623206
0.13466406768720662 0.10702425062004288
0.13466406768720662 -0.10702425062004288
-0.12632405370397443 0.11156798945538507
-0.12632405370397443 -0.11156798945538507
-0.11953420014088117 0.11894699408338623
-0.11953420014088117 -0.11894699408338623
0.1172309449583278 0.12209381076214662
0.1172309449583278 -0.12209381076214662
-0.16773613710298224 0.04298913251966816
-0.16773613710298224 -0.04298913251966816
0.177581645682251 0.0
-0.13459633706357232 0.0864021383692365
-0.13459633706357232 -0.0864021383692365
-0.10171569940457567 0.12549866018696554
-0.10171569940457567 -0.12549866018696554
0.16859032902617832 0.04852845209637333
0.16859032902617832 -0.04852845209637333
-0.1075345839193507 0.11723615411981214
-0.1075345839193507 -0.11723615411981214
0.13709446433080227 0.08450249673563329
0.13709446433080227 -0.08450249673563329
0.024305599723875825 0.1696494477760636
0.024305599723875825 -0.1696494477760636
0.17081557078024434 0.029338923301789062
0.17081557078024434 -0.029338923301789062
0.006548891345511712 0.16888997946602177
0.006548891345511712 -0.16888997946602177
-0.15744111657445753 0.05681563270912686
-0.15744111657445753 -0.05681563270912686
-0.1646213694385687 0.0
-0.16316816442504184 0.01465749271979137
-0.16316816442504184 -0.01465749271979137
-0.16060529016450575 0.023695908319076
-0.16060529016450575 -0.023695908319076
-0.05486247789556522 0.15269440563409775
-0.05486247789556522 -0.15269440563409775
-0.14179515924303693 0.06943003369412143
-0.14179515924303693 -0.06943003369412143
-0.15319892991471762 0.03881348015369458
-0.15319892991471762 -0.03881348015369458
-0.02082926773733583 0.16019663601506232
-0.02082926773733583 -0.16019663601506232
-0.11657152434591365 0.09679956763652067
-0.11657152434591365 -0.09679956763652067
0.04579719603551213 0.15671075666586493
0.04579719603551213 -0.15671075666586493
-0.08408887103915755 0.12691073359761137
-0.08408887103915755 -0.12691073359761137
0.15028868597373313 0.0570787518685323
0.15028868597373313 -0.0570787518685323
0.01336892911596661 0.1557848749032227
0.01336892911596661 -0.1557848749032227
0.08854695597248327 0.1277557331980834
0.08854695597248327 -0.1277557331980834
0.15667746189117124 0.0
0.09632118756694698 0.1169237435608278
0.09632118756694698 -0.1169237435608278
0.11432564400372855 0.10419414548095071
0.11432564400372855 -0.10419414548095071
0.04550609169341323 0.14812680401867567
0.04550609169341323 -0.14812680401867567
-0.07516494925023931 0.13029500502790872
-0.07516494925023931 -0.13029500502790872
0.116443802605662 0.09538036361446087
0.116443802605662 -0.09538036361446087
0.15224021928896825 0.028904237450084917
0.15224021928896825 -0.028904237450084917
0.14542389774624048 0.04605539307436313
0.14542389774624048 -0.04605539307436313
0.00123945426965034 0.15182414314932202
0.00123945426965034 -0.15182414314932202
0.07434593027773262 0.12588413876530488
0.07434593027773262 -0.12588413876530488
-0.012645541668985988 0.1465516965288514
-0.012645541668985988 -0.1465516965288514
-0.11847320291192281 0.08265267136210978
-0.11847320291192281 -0.08265267136210978
-0.058956306733275524 0.13093633616152334
-0.058956306733275524 -0.13093633616152334
0.1418023718875113 0.03794832047016841
0.1418023718875113 -0.03794832047016841
-0.1450016827843422 0.0
-0.14480205146829675 0.02182629612177471
-0.14480205146829675 -0.02182629612177471
0.12819415517146376 0.06205500391553274
0.12819415517146376 -0.06205500391553274
0.11773928280306072 0.07546536385779956
0.11773928280306072 -0.07546536385779956
0.07968859771399227 0.11504780160980466
0.07968859771399227 -0.11504780160980466
-0.04603702810461102 0.13398126848589065
-0.04603702810461102 -0.13398126848589065
-0.12498121686281619 0.06670011664835239
-0.12498121686281619 -0.06670011664835239
-0.035513760162668995 0.1377223490632793
-0.035513760162668995 -0.1377223490632793
-0.1363278276445856 0.03832065826882644
-0.1363278276445856 -0.03832065826882644
0.10141970011204544 0.09139177765643679
0.10141970011204544 -0.09139177765643679
0.08549714592472901 0.1058070165229649
0.08549714592472901 -0.1058070165229649
-0.06734378067312631 0.11799701785391863
-0.06734378067312631 -0.11799701785391863
0.0534905580118322 0.12342055232077548
0.0534905580118322 -0.12342055232077548
-0.10125417570138599 0.08635286296339491
-0.10125417570138599 -0.08635286296339491
-0.07712117587669066 0.10042784397160041
-0.07712117587669066 -0.10042784397160041
0.13584895020713122 0.017227609873728
0.13584895020713122 -0.017227609873728
0.08913001440047458 0.08611717407420451
0.08913001440047458 -0.08611717407420451
0.12822349654951454 0.030424542243411148
0.12822349654951454 -0.030424542243411148
0.11808603651731 0.04914495172385066
0.11808603651731 -0.04914495172385066
0.03156823123729782 0.12983352975298806
0.03156823123729782 -0.12983352975298806
-0.02179970075739135 0.13203824036749323
-0.02179970075739135 -0.13203824036749323
0.12716077653123986 0.00936447624044582
0.12716077653123986 -0.00936447624044582
0.00847014800201025 0.13208158944276913
0.00847014800201025 -0.13208158944276913
-0.13326340456374586 0.0
-0.1212431490138581 0.05051957988071147
-0.1212431490138581 -0.05051957988071147
0.12174349089175895 0.012131323468424857
0.12174349089175895 -0.012131323468424857
0.06306496666435774 0.10365977261996125
0.06306496666435774 -0.10365977261996125
-0.12625550772754826 0.03676951825071936
-0.12625550772754826 -0.03676951825071936
0.10120224640021618 0.06157554722197922
0.10120224640021618 -0.06157554722197922
-0.07962213438900057 0.09484669656712791
-0.07962213438900057 -0.09484669656712791
0.0512455602972946 0.1099227271206229
0.0512455602972946 -0.1099227271206229
0.01945219554609623 0.12187508664792897
0.01945219554609623 -0.12187508664792897
-0.10962304674463769 0.0549635093582697
-0.10962304674463769 -0.0549635093582697
-0.12321440510768522 0.011359926233291861
-0.12321440510768522 -0.011359926233291861
0.03259072197962161 0.11529763306529157
0.03259072197962161 -0.11529763306529157
-0.038794881317615604 0.11389724223754777
-0.038794881317615604 -0.11389724223754777
-0.12028275926369783 0.020707254973131778
-0.12028275926369783 -0.020707254973131778
-0.09926052201847746 0.06608425016123032
-0.09926052201847746 -0.06608425016123032
-0.05161224162274666 0.09938553327800972
-0.05161224162274666 -0.09938553327800972
0.004570566909826351 0.11863868628627805
0.004570566909826351 -0.11863868628627805
0.09443409820133539 0.05355633101546595
0.09443409820133539 -0.05355633101546595
-0.0830898394481196 0.07243803064882097
-0.0830898394481196 -0.07243803064882097
-0.018442455145596743 0.11378145777299542
-0.018442455145596743 -0.11378145777299542
-0.09322395372771869 0.05360378266137675
-0.09322395372771869 -0.05360378266137675
0.08069943074624206 0.07199444378935162
0.08069943074624206 -0.07199444378935162
0.040587141125455174 0.10138521233499072
0.040587141125455174 -0.10138521233499072
0.0601396394989814 0.08586712974961654
0.0601396394989814 -0.08586712974961654
-0.11028105043223661 0.0
0.10893930395426618 0.021029039077611122
0.10893930395426618 -0.021029039077611122
-0.059971790503554834 0.08388078346793792
-0.059971790503554834 -0.08388078346793792
0.08035684047172625 0.05888345848519453
0.08035684047172625 -0.05888345848519453
-0.029806638347768567 0.10073443781743094
-0.029806638347768567 -0.10073443781743094
-0.09790663897843216 0.023568996524397427
-0.09790663897843216 -0.023568996524397427
0.027125237135879086 0.1032078962304743
0.027125237135879086 -0.1032078962304743
-0.013408029662762954 0.10349300524011433
-0.013408029662762954 -0.10349300524011433
-0.09527317171050227 0.035361005701906915
-0.09527317171050227 -0.035361005701906915
-0.09342021596384342 0.0
0.005547908178041945 0.10272872504918842
0.005547908178041945 -0.10272872504918842
-0.03585909552468476 0.09259783482417193
-0.03585909552468476 -0.09259783482417193
-0.011377355073921385 0.09807290319491685
-0.011377355073921385 -0.09807290319491685
0.09566311676321934 0.011862007920914719
0.09566311676321934 -0.011862007920914719
-0.08244127828043563 0.023816913615075548
-0.08244127828043563 -0.023816913615075548
0.07944671006793426 0.04479306170422527
0.07944671006793426 -0.04479306170422527
-0.055215074812734785 0.06242127883609106
-0.055215074812734785 -0.06242127883609106
-0.0698763112280529 0.03982553753505636
-0.0698763112280529 -0.03982553753505636
0.03326951614159809 0.0799960027083544
0.03326951614159809 -0.0799960027083544
0.052810637730139866 0.06856789020554895
0.052810637730139866 -0.06856789020554895
-0.014784902980628734 0.08452830472463949
-0.014784902980628734 -0.08452830472463949
-0.0313979757829493 0.07792659822713643
-0.0313979757829493 -0.07792659822713643
0.07694031792905215 0.0
0.07116533620507809 0.04075541975965997
0.07116533620507809 -0.04075541975965997
0.08030014334090832 0.019791876472353562
0.08030014334090832 -0.019791876472353562
-0.06632429796190645 0.031123023182753957
-0.06632429796190645 -0.031123023182753957
0.061019656054587305 0.05172910789675611
0.061019656054587305 -0.05172910789675611
0.04087477717960723 0.06750320950650275
0.04087477717960723 -0.06750320950650275
-0.04184335948447111 0.05778399854611678
-0.04184335948447111 -0.05778399854611678
0.010524172987242852 0.07610422978581771
0.010524172987242852 -0.07610422978581771
0.06490049126853784 0.028004962315274783
0.06490049126853784 -0.028004962315274783
0.044382518745478675 0.053018636528301924
0.044382518745478675 -0.053018636528301924
0.017218676948196336 0.06827926473917542
0.017218676948196336 -0.06827926473917542
-0.06815095774066315 0.012249493869436266
-0.06815095774066315 -0.012249493869436266
-0.04589371762552146 0.04125470480405639
-0.04589371762552146 -0.04125470480405639
-0.018046549108860527 0.06697953981194414
-0.018046549108860527 -0.06697953981194414
-0.0630217392220535 0.0010625175500746217
-0.0630217392220535 -0.0010625175500746217
0.0327866922364795 0.05452631859877634
0.0327866922364795 -0.05452631859877634
-0.027897099128050884 0.05419784807579464
-0.027897099128050884 -0.05419784807579464
-0.01455989232880202 0.055756884096045956
-0.01455989232880202 -0.055756884096045956
0.05887108889248934 0.0
0.03680624125835133 0.04149606839793091
0.03680624125835133 -0.04149606839793091
-0.014663318397206485 0.04784191538205706
-0.014663318397206485 -0.04784191538205706
0.04742792736202886 0.012678915315577391
0.04742792736202886 -0.012678915315577391
-0.03411790801692153 0.03235238762934574
-0.03411790801692153 -0.03235238762934574
0.009730556675769952 0.04334337334832997
0.009730556675769952 -0.04334337334832997
-0.04517771933113587 0.009969683289038467
-0.04517771933113587 -0.009969683289038467
0.03709171544966697 0.025085319602306085
0.03709171544966697 -0.025085319602306085
-0.037970679002619696 0.0
0.01121035579848164 0.037968253276225196
0.01121035579848164 -0.037968253276225196
0.03833523350985216 0.018246250737528495
0.03833523350985216 -0.018246250737528495
-0.02367197078902982 0.03341246031888126
-0.02367197078902982 -0.03341246031888126
-0.011872331493469477 0.03303735398960731
-0.011872331493469477 -0.03303735398960731
0.03593990185110344 0.0
0.013468001226048675 0.01510453251504724
0.013468001226048675 -0.01510453251504724
-0.01443273946610412 0.017639406796000547
-0.01443273946610412 -0.017639406796000547
-0.022375704085076838 0.0
-0.006786278886181166 0.0
0.014998324023021375 0.0
