-0.23282079283449286 1.7369494873391909
-0.23282079283449286 -1.7369494873391909
1.3479601351933859 0.27168893760115714
1.3479601351933859 -0.27168893760115714
-1.1792507163224368 0.49548265780369993
-1.1792507163224368 -0.49548265780369993
0.6749640257485767 0.8543927816194308
0.6749640257485767 -0.8543927816194308
0.9505557057908061 0.4292544912048375
0.9505557057908061 -0.4292544912048375
1.0275780500180705 0.0
0.977417112725161 0.2062054684292695
0.977417112725161 -0.2062054684292695
0.9356706740098131 0.3391383092706401
0.9356706740098131 -0.3391383092706401
0.9507129660373446 0.2966591493800733
0.9507129660373446 -0.2966591493800733
0.8220825148877529 0.5331020084450817
0.8220825148877529 -0.5331020084450817
0.9475138031477441 0.0
-1.039023883096204 0.0
-1.0301176328605934 0.18654974924722706
-1.0301176328605934 -0.18654974924722706
-0.5269002306345706 0.9213354254032329
-0.5269002306345706 -0.9213354254032329
-0.9542384167813355 0.40507333582652016
-0.9542384167813355 -0.40507333582652016
0.7168628359425697 0.6541251609270142
0.7168628359425697 -0.6541251609270142
-0.8667718024509329 0.5845327175751455
-0.8667718024509329 -0.5845327175751455
0.7023446334453143 0.6617034172224279
0.7023446334453143 -0.6617034172224279
-0.8771280685028475 0.5141445008491066
-0.8771280685028475 -0.5141445008491066
-0.9714727661808302 0.11943526447859174
-0.9714727661808302 -0.11943526447859174
0.5881603762372434 0.7672557188376903
0.5881603762372434 -0.7672557188376903
0.09317160873488978 1.0208291964979999
0.09317160873488978 -1.0208291964979999
-0.5742938658156016 0.8169832895300329
-0.5742938658156016 -0.8169832895300329
0.610581610689644 0.7110393286178511
0.610581610689644 -0.7110393286178511
0.25265658582653194 0.9652161800892377
0.25265658582653194 -0.9652161800892377
-0.7985415182249525 0.5546413008539783
-0.7985415182249525 -0.5546413008539783
-0.9082032572083502 0.22061577825980103
-0.9082032572083502 -0.22061577825980103
0.4385844777365945 0.856029300020604
0.4385844777365945 -0.856029300020604
-0.6396416030890579 0.7361158403508139
-0.6396416030890579 -0.7361158403508139
0.15642180625781432 0.9808780180119918
0.15642180625781432 -0.9808780180119918
-0.7941049932370626 0.5282312780370835
-0.7941049932370626 -0.5282312780370835
-0.6136345934856764 0.735769824614498
-0.6136345934856764 -0.735769824614498
-0.7224121715794027 0.6106642641542278
-0.7224121715794027 -0.6106642641542278
0.5245570552467378 0.786635586962532
0.5245570552467378 -0.786635586962532
-0.8555815669080891 0.33800929873551677
-0.8555815669080891 -0.33800929873551677
0.3484783572991368 0.878347296194662
0.3484783572991368 -0.878347296194662
-0.2636712911069752 0.9411341250073273
-0.2636712911069752 -0.9411341250073273
-0.039396146758080064 0.9553055153362288
-0.039396146758080064 -0.9553055153362288
-0.19603329015392654 0.9524198789438034
-0.19603329015392654 -0.9524198789438034
0.09118935353723634 0.9421837326826685
0.09118935353723634 -0.9421837326826685
-0.6782062024070967 0.6203355477638001
-0.6782062024070967 -0.6203355477638001
0.2584125575581466 0.891414180632352
0.2584125575581466 -0.891414180632352
0.1735340130653108 0.9081153563470264
0.1735340130653108 -0.9081153563470264
-0.3216701414858306 0.8671325591558576
-0.3216701414858306 -0.8671325591558576
-0.38248475338873217 0.8246237215843731
-0.38248475338873217 -0.8246237215843731
-0.4057107524406242 0.8038179149005864
-0.4057107524406242 -0.8038179149005864
-0.6172086501997238 0.6392353755548548
-0.6172086501997238 -0.6392353755548548
-0.22097257091837536 0.8909986716527709
-0.22097257091837536 -0.8909986716527709
0.5136526542513714 0.7325101082398584
0.5136526542513714 -0.7325101082398584
-0.17284467974027778 0.9009461029827953
-0.17284467974027778 -0.9009461029827953
0.34897969588834254 0.8321837790299397
0.34897969588834254 -0.8321837790299397
-0.9204591811668479 0.02167407455022762
-0.9204591811668479 -0.02167407455022762
0.8712445619311024 0.2517476112472327
0.8712445619311024 -0.2517476112472327
0.7738420528415272 0.43826296304299023
0.7738420528415272 -0.43826296304299023
-0.46638734780173086 0.749925075465184
-0.46638734780173086 -0.749925075465184
0.7181201259696547 0.5029704056262074
0.7181201259696547 -0.5029704056262074
-0.5219667274775289 0.7109085064043169
-0.5219667274775289 -0.7109085064043169
-0.7881165249193245 0.39668953098794846
-0.7881165249193245 -0.39668953098794846
0.8908819427143375 0.06949345613975613
0.8908819427143375 -0.06949345613975613
-0.5073343067577631 0.6988830453983136
-0.5073343067577631 -0.6988830453983136
0.6256083822922913 0.5798852913028191
0.6256083822922913 -0.5798852913028191
-0.8601550582884472 0.2561435098588411
-0.8601550582884472 -0.2561435098588411
0.8314426916793604 0.31489204616161814
0.8314426916793604 -0.31489204616161814
-0.09617101516920137 0.8893905537538148
-0.09617101516920137 -0.8893905537538148
-0.677103538667446 0.5057646619430156
-0.677103538667446 -0.5057646619430156
-0.8105276492598186 0.32843806304196455
-0.8105276492598186 -0.32843806304196455
0.29995116434284697 0.8241981409809339
0.29995116434284697 -0.8241981409809339
0.8693524388845185 0.14227226840458554
0.8693524388845185 -0.14227226840458554
0.09799129159033652 0.8720185953712501
0.09799129159033652 -0.8720185953712501
-0.2817967819024514 0.8052396201616706
-0.2817967819024514 -0.8052396201616706
-0.8642643042058864 0.050758769561335
-0.8642643042058864 -0.050758769561335
-0.7135436058863386 0.43618458490241746
-0.7135436058863386 -0.43618458490241746
-0.8531228988419118 0.0
-0.6559965033496677 0.5120900217648932
-0.6559965033496677 -0.5120900217648932
-0.3432882535089434 0.7618994176006049
-0.3432882535089434 -0.7618994176006049
0.7670335042748968 0.37778423237186803
0.7670335042748968 -0.37778423237186803
-0.8178544274477673 0.18232377190953425
-0.8178544274477673 -0.18232377190953425
0.7236085213582931 0.434037955533902
0.7236085213582931 -0.434037955533902
-0.8236586260586661 0.13742942830496555
-0.8236586260586661 -0.13742942830496555
0.044947158442871116 0.8497199833915253
0.044947158442871116 -0.8497199833915253
0.6423594243753461 0.5186374697463613
0.6423594243753461 -0.5186374697463613
0.8405338414913079 0.03629603375106414
0.8405338414913079 -0.03629603375106414
-0.0678329303392178 0.8403594650129391
-0.0678329303392178 -0.8403594650129391
0.4059039559432293 0.7206051977410776
0.4059039559432293 -0.7206051977410776
0.7679315668680231 0.30714554811316613
0.7679315668680231 -0.30714554811316613
0.32635998089780893 0.7563686940969933
0.32635998089780893 -0.7563686940969933
-0.22095304922759168 0.8024370481674651
-0.22095304922759168 -0.8024370481674651
0.5385777774796839 0.596820203935427
0.5385777774796839 -0.596820203935427
0.4831230350975493 0.6399894325126803
0.4831230350975493 -0.6399894325126803
0.7045697765084844 0.3816403323923636
0.7045697765084844 -0.3816403323923636
0.24723988203646702 0.7886375498028692
0.24723988203646702 -0.7886375498028692
-0.5534528307641831 0.5752565699398281
-0.5534528307641831 -0.5752565699398281
0.43129396727175673 0.6804131076742843
0.43129396727175673 -0.6804131076742843
0.8071942784025536 0.16349674320414812
0.8071942784025536 -0.16349674320414812
0.82425409259679 0.07741288379775883
0.82425409259679 -0.07741288379775883
-0.020031983035372625 0.8290065852713906
-0.020031983035372625 -0.8290065852713906
0.19170912339464263 0.7969195261184163
0.19170912339464263 -0.7969195261184163
-0.44570677168777073 0.6389575677034646
-0.44570677168777073 -0.6389575677034646
0.6069172883004248 0.4639635989851261
0.6069172883004248 -0.4639635989851261
-0.4615389083433611 0.6100875449177801
-0.4615389083433611 -0.6100875449177801
-0.7456296109973233 0.2984225288625301
-0.7456296109973233 -0.2984225288625301
-0.5616162535671156 0.4938100947688539
-0.5616162535671156 -0.4938100947688539
0.7153410009681322 0.31439721887402194
0.7153410009681322 -0.31439721887402194
0.7456077149270555 0.22841005352815044
0.7456077149270555 -0.22841005352815044
-0.772660288202498 0.12047646360894304
-0.772660288202498 -0.12047646360894304
-0.6843859190433301 0.36416044944525555
-0.6843859190433301 -0.36416044944525555
0.38084259828119593 0.6697069289019744
0.38084259828119593 -0.6697069289019744
-0.7676738112764244 0.07545006084278225
-0.7676738112764244 -0.07545006084278225
-0.7257995748435113 0.23228724401134015
-0.7257995748435113 -0.23228724401134015
-0.7383805710146217 0.14930252833068927
-0.7383805710146217 -0.14930252833068927
0.724823860439286 0.19660998991761625
0.724823860439286 -0.19660998991761625
0.7385515131347373 0.11082278270505888
0.7385515131347373 -0.11082278270505888
-0.6207819847618579 0.4239076410934679
-0.6207819847618579 -0.4239076410934679
-0.1547881897992368 0.7671962203308327
-0.1547881897992368 -0.7671962203308327
-0.523296530355259 0.5292300232467745
-0.523296530355259 -0.5292300232467745
0.01620716904528842 0.7775190945888348
0.01620716904528842 -0.7775190945888348
0.2305739774160332 0.7246248517417606
0.2305739774160332 -0.7246248517417606
0.4168507305982869 0.6055680670645663
0.4168507305982869 -0.6055680670645663
-0.37439243959542656 0.6423093772446654
-0.37439243959542656 -0.6423093772446654
-0.10157061713650098 0.7512513737221928
-0.10157061713650098 -0.7512513737221928
-0.04181572845916997 0.7558439995955982
-0.04181572845916997 -0.7558439995955982
0.4451915009452099 0.5697512541103473
0.4451915009452099 -0.5697512541103473
-0.22459777703336936 0.7154216164316908
-0.22459777703336936 -0.7154216164316908
-0.29846611595850464 0.6742526543375228
-0.29846611595850464 -0.6742526543375228
0.12908697999446336 0.7274019128726128
0.12908697999446336 -0.7274019128726128
-0.7102887675669585 0.0
0.6091682618804202 0.39492779923794535
0.6091682618804202 -0.39492779923794535
0.5172566242738926 0.4871599435003502
0.5172566242738926 -0.4871599435003502
-0.6931862824486125 0.24123087798959733
-0.6931862824486125 -0.24123087798959733
-0.48045411877045635 0.5223000734074174
-0.48045411877045635 -0.5223000734074174
0.38481771460265496 0.597306642224214
0.38481771460265496 -0.597306642224214
0.036123631516268136 0.7265220934905395
0.036123631516268136 -0.7265220934905395
0.7334139027948228 0.05114429860931985
0.7334139027948228 -0.05114429860931985
0.684260934342174 0.24566499227965258
0.684260934342174 -0.24566499227965258
0.5980397023754779 0.36001507522315546
0.5980397023754779 -0.36001507522315546
-0.5066313963304124 0.448510000776141
-0.5066313963304124 -0.448510000776141
0.5418182527965094 0.41926305053252577
0.5418182527965094 -0.41926305053252577
-0.1420292569960602 0.6978020638761668
-0.1420292569960602 -0.6978020638761668
0.12273525058625903 0.6953907399408279
0.12273525058625903 -0.6953907399408279
0.673857937691284 0.2186216715996634
0.673857937691284 -0.2186216715996634
-0.6834977503416662 0.04937348867894791
-0.6834977503416662 -0.04937348867894791
-0.5396050720855519 0.41410812661724755
-0.5396050720855519 -0.41410812661724755
-0.6058803876143092 0.3018952717877022
-0.6058803876143092 -0.3018952717877022
-0.4028265620505631 0.5450700525132244
-0.4028265620505631 -0.5450700525132244
-0.6451711673419259 0.14939979906805365
-0.6451711673419259 -0.14939979906805365
-0.2915599360511969 0.6144583728290709
-0.2915599360511969 -0.6144583728290709
0.1665936137657384 0.6682393166950452
0.1665936137657384 -0.6682393166950452
-0.5729431057572963 0.28277348333728464
-0.5729431057572963 -0.28277348333728464
0.2994867965027601 0.6125450509939427
0.2994867965027601 -0.6125450509939427
0.3356625164041064 0.5881960313023343
0.3356625164041064 -0.5881960313023343
0.2424189494602967 0.6259951892751658
0.2424189494602967 -0.6259951892751658
0.6831891038689757 0.0
-0.29906204680223986 0.5684667952776287
-0.29906204680223986 -0.5684667952776287
-0.2034843171602279 0.6126045155786831
-0.2034843171602279 -0.6126045155786831
0.668683674447578 0.0
0.44285026713701187 0.4671221016987092
0.44285026713701187 -0.4671221016987092
0.5221521711104483 0.3520169095055197
0.5221521711104483 -0.3520169095055197
0.006905368045551319 0.6181351192794056
0.006905368045551319 -0.6181351192794056
0.5609059291381497 0.26388606748703103
0.5609059291381497 -0.26388606748703103
-0.07352277760905475 0.6148158933403256
-0.07352277760905475 -0.6148158933403256
0.604999142115098 0.1395365127990013
0.604999142115098 -0.1395365127990013
0.09077789387448981 0.6104253922810442
0.09077789387448981 -0.6104253922810442
0.2597123749392604 0.5677500300326271
0.2597123749392604 -0.5677500300326271
0.6233266281928418 0.03734760043805439
0.6233266281928418 -0.03734760043805439
-0.5820095452060565 0.18133309772712258
-0.5820095452060565 -0.18133309772712258
-0.48574443019506774 0.3781913424480961
-0.48574443019506774 -0.3781913424480961
-0.09686562130210562 0.5967675218637938
-0.09686562130210562 -0.5967675218637938
0.04030938968374895 0.6027692905351683
0.04030938968374895 -0.6027692905351683
0.600233316489031 0.11979240233742865
0.600233316489031 -0.11979240233742865
0.4229670124561781 0.43238009564313423
0.4229670124561781 -0.43238009564313423
-0.38448324645344983 0.46790227106157556
-0.38448324645344983 -0.46790227106157556
-0.5213681859748492 0.3041589071532994
-0.5213681859748492 -0.3041589071532994
-0.5801864722370809 0.0
0.39786331751927706 0.43820599946359096
0.39786331751927706 -0.43820599946359096
-0.2275891598113115 0.54116543414749
-0.2275891598113115 -0.54116543414749
-0.5785889713968368 0.06180780841532999
-0.5785889713968368 -0.06180780841532999
-0.5416127069268473 0.23030637478138874
-0.5416127069268473 -0.23030637478138874
-0.4291197209025156 0.39822462793846075
-0.4291197209025156 -0.39822462793846075
-0.28797471214433545 0.4988441515952522
-0.28797471214433545 -0.4988441515952522
0.5506081491443422 0.1922264002125564
0.5506081491443422 -0.1922264002125564
0.11639122525954776 0.5626462963886683
0.11639122525954776 -0.5626462963886683
0.28239863040827695 0.4936266415736504
0.28239863040827695 -0.4936266415736504
0.4503116391508158 0.34662539157605304
0.4503116391508158 -0.34662539157605304
0.4981043183564744 0.24864074704982958
0.4981043183564744 -0.24864074704982958
-0.5479653370928248 0.11102876974073717
-0.5479653370928248 -0.11102876974073717
-0.02544822078558115 0.5547034869864789
-0.02544822078558115 -0.5547034869864789
-0.08190787071504771 0.5427665955353947
-0.08190787071504771 -0.5427665955353947
-0.35269347071907553 0.4160172126982732
-0.35269347071907553 -0.4160172126982732
-0.13133990014282512 0.5308728941534402
-0.13133990014282512 -0.5308728941534402
-0.1704215920709482 0.5154318900338026
-0.1704215920709482 -0.5154318900338026
0.2181550515770286 0.4987086178462182
0.2181550515770286 -0.4987086178462182
0.2839217838840917 0.45873423904455946
0.2839217838840917 -0.45873423904455946
0.5481525588143457 0.0
-0.5239858325348556 0.15820342527969203
-0.5239858325348556 -0.15820342527969203
0.532355869665964 0.06498243563183444
0.532355869665964 -0.06498243563183444
-0.4639507020610898 0.2525554034261605
-0.4639507020610898 -0.2525554034261605
-0.5251786168469652 0.055002765953905804
-0.5251786168469652 -0.055002765953905804
0.4019487577292025 0.335949618360033
0.4019487577292025 -0.335949618360033
0.49139323793035083 0.18685128417707078
0.49139323793035083 -0.18685128417707078
0.503203663898089 0.13059414579721462
0.503203663898089 -0.13059414579721462
-0.49279706386413324 0.0
-0.4584847404443782 0.20159470506344992
-0.4584847404443782 -0.20159470506344992
0.06700929391522292 0.5070746673206236
0.06700929391522292 -0.5070746673206236
-0.1423586571273172 0.46098770651764476
-0.1423586571273172 -0.46098770651764476
0.3951344745235341 0.28744668051045635
0.3951344745235341 -0.28744668051045635
0.21631855670553665 0.4408172918619556
0.21631855670553665 -0.4408172918619556
0.15792142277683835 0.46060425615459777
0.15792142277683835 -0.46060425615459777
0.24711725664655346 0.41522597538620926
0.24711725664655346 -0.41522597538620926
0.45120325845219555 0.1465489964662861
0.45120325845219555 -0.1465489964662861
0.3879224246745718 0.25828287839380554
0.3879224246745718 -0.25828287839380554
0.4524253953355767 0.11436479687487525
0.4524253953355767 -0.11436479687487525
0.31381645186706597 0.34267267240906807
0.31381645186706597 -0.34267267240906807
0.43971511950365627 0.029062126355192532
0.43971511950365627 -0.029062126355192532
0.07943885009349284 0.46000428219758066
0.07943885009349284 -0.46000428219758066
-0.03356891851876058 0.4570189019917423
-0.03356891851876058 -0.4570189019917423
-0.15993698912839055 0.4338579345275866
-0.15993698912839055 -0.4338579345275866
-0.44343371951385485 0.0
-0.24743205011491076 0.383914264144919
-0.24743205011491076 -0.383914264144919
-0.06449084029835256 0.4331135512088635
-0.06449084029835256 -0.4331135512088635
-0.44196507188728373 0.1247824371165816
-0.44196507188728373 -0.1247824371165816
-0.359199120341974 0.2829788276160774
-0.359199120341974 -0.2829788276160774
-0.26430926467384563 0.35117501298417114
-0.26430926467384563 -0.35117501298417114
-0.28634712092939096 0.32137565079675706
-0.28634712092939096 -0.32137565079675706
-0.35246226714561996 0.2532049419312752
-0.35246226714561996 -0.2532049419312752
-0.3875365932135908 0.18868464870681032
-0.3875365932135908 -0.18868464870681032
-0.4099251379911813 0.0
-0.4199880098044429 0.04977586262924621
-0.4199880098044429 -0.04977586262924621
-0.19730694035716428 0.35754103215389127
-0.19730694035716428 -0.35754103215389127
0.020395528525936207 0.3970561299202208
0.020395528525936207 -0.3970561299202208
-0.09670949042247404 0.3885144513705724
-0.09670949042247404 -0.3885144513705724
0.4015931218566035 0.0
-0.34191000221742907 0.1785691461887216
-0.34191000221742907 -0.1785691461887216
-0.2866213179710546 0.2574405340789873
-0.2866213179710546 -0.2574405340789873
-0.3622967466165618 0.10459168649743841
-0.3622967466165618 -0.10459168649743841
-0.30925754253118026 0.21244477927006228
-0.30925754253118026 -0.21244477927006228
-0.19897073101418628 0.30900534029555793
-0.19897073101418628 -0.30900534029555793
0.16690872060443335 0.35779526944930157
0.16690872060443335 -0.35779526944930157
-0.33718787885842555 0.04298925974690433
-0.33718787885842555 -0.04298925974690433
0.23140305937418656 0.31540590587944545
0.23140305937418656 -0.31540590587944545
0.37731702603869005 0.08637428001721736
0.37731702603869005 -0.08637428001721736
-0.27581223445879066 0.2004165719949344
-0.27581223445879066 -0.2004165719949344
0.33665222870454903 0.1716018356984061
0.33665222870454903 -0.1716018356984061
0.2131505351121461 0.3094078569867224
0.2131505351121461 -0.3094078569867224
0.2857039704336076 0.2357671303167211
0.2857039704336076 -0.2357671303167211
0.04318038560402694 0.3571260209640346
0.04318038560402694 -0.3571260209640346
-0.02196057598766393 0.3421010533583341
-0.02196057598766393 -0.3421010533583341
0.3397724321454083 0.08865548539734462
0.3397724321454083 -0.08865548539734462
0.11004909121628569 0.32529186475767524
0.11004909121628569 -0.32529186475767524
-0.05943601847702255 0.32194841016604575
-0.05943601847702255 -0.32194841016604575
0.03819386015758791 0.3305100520772881
0.03819386015758791 -0.3305100520772881
0.32578239782817203 0.0
0.3077739215603539 0.1479676907244821
0.3077739215603539 -0.1479676907244821
0.21112204756581926 0.26161581651129695
0.21112204756581926 -0.26161581651129695
0.14116225248241182 0.28917179055749853
0.14116225248241182 -0.28917179055749853
0.297816505758124 0.12149320274188698
0.297816505758124 -0.12149320274188698
0.157163830022161 0.2728798756027703
0.157163830022161 -0.2728798756027703
0.25663568363092015 0.17938014199965488
0.25663568363092015 -0.17938014199965488
0.2274039418973972 0.21139139702432178
0.2274039418973972 -0.21139139702432178
0.2995824797764084 0.0
0.2938393609175781 0.0
0.26196331323658567 0.12642935377956094
0.26196331323658567 -0.12642935377956094
-0.1366606227837277 0.27408189071727185
-0.1366606227837277 -0.27408189071727185
-0.1653926950572856 0.2519886391929825
-0.1653926950572856 -0.2519886391929825
-0.07054558456447768 0.28812037716774186
-0.07054558456447768 -0.28812037716774186
0.2679022235106173 0.03607405538812581
0.2679022235106173 -0.03607405538812581
0.13389108708087152 0.2393320565629916
0.13389108708087152 -0.2393320565629916
0.20715897496453456 0.16496812147565146
0.20715897496453456 -0.16496812147565146
0.015825631396540852 0.283801664505559
0.015825631396540852 -0.283801664505559
0.07269148317542051 0.26924244010639786
0.07269148317542051 -0.26924244010639786
0.16435249763451798 0.20872080234858711
0.16435249763451798 -0.20872080234858711
-0.20529029978349644 0.206019434835715
-0.20529029978349644 -0.206019434835715
-0.2873719437797726 0.022667402386234867
-0.2873719437797726 -0.022667402386234867
-0.250741500078358 0.13807636340471743
-0.250741500078358 -0.13807636340471743
0.24798345020395374 0.06380091911449108
0.24798345020395374 -0.06380091911449108
-0.25826587379568067 0.11157475373561619
-0.25826587379568067 -0.11157475373561619
-0.27456484073940285 0.0
-0.165818421298556 0.21880274372739236
-0.165818421298556 -0.21880274372739236
-0.1690533694337218 0.21053957159313635
-0.1690533694337218 -0.21053957159313635
-0.20317430369776718 0.17696736705115232
-0.20317430369776718 -0.17696736705115232
0.08582369383125277 0.23639651449190774
0.08582369383125277 -0.23639651449190774
-0.04852228521004804 0.2538420400355012
-0.04852228521004804 -0.2538420400355012
-0.029841821529450866 0.2525244319826852
-0.029841821529450866 -0.2525244319826852
-0.21726231991331577 0.12672799930880363
-0.21726231991331577 -0.12672799930880363
0.04453883805295435 0.24330723065847953
0.04453883805295435 -0.24330723065847953
-0.22890010177117837 0.09569722974977174
-0.22890010177117837 -0.09569722974977174
-0.24335120682671235 0.05365491502291533
-0.24335120682671235 -0.05365491502291533
-0.12590596217053185 0.2124489412963174
-0.12590596217053185 -0.2124489412963174
0.2330659067041804 0.021391971091727517
0.2330659067041804 -0.021391971091727517
-0.23116391712206186 0.04661284615387954
-0.23116391712206186 -0.04661284615387954
-0.06623010110177069 0.22201008346973825
-0.06623010110177069 -0.22201008346973825
-0.08325737607068079 0.2169858843076389
-0.08325737607068079 -0.2169858843076389
0.2288024475883035 0.0
0.16534332892831818 0.1531747617880201
0.16534332892831818 -0.1531747617880201
0.20696052512587743 0.0814519515427
0.20696052512587743 -0.0814519515427
0.08474160375023929 0.20689225066469893
0.08474160375023929 -0.20689225066469893
0.1324684817927679 0.1759254902559921
0.1324684817927679 -0.1759254902559921
0.1765667955534817 0.12272504714807442
0.1765667955534817 -0.12272504714807442
-0.15663628924621456 0.1596641391316768
-0.15663628924621456 -0.1596641391316768
-0.18036686780544822 0.13090602426713788
-0.18036686780544822 -0.13090602426713788
0.18497390470980135 0.09482853970425953
0.18497390470980135 -0.09482853970425953
0.12433628898571081 0.16686613527798527
0.12433628898571081 -0.16686613527798527
0.1952388824758804 0.048756358897758124
0.1952388824758804 -0.048756358897758124
-0.21028691071932112 0.017033541077166554
-0.21028691071932112 -0.017033541077166554
0.16380154371048725 0.10802994419882607
0.16380154371048725 -0.10802994419882607
-0.19766658471890913 0.06695868353769956
-0.19766658471890913 -0.06695868353769956
0.13042751749590592 0.14459353254333926
0.13042751749590592 -0.14459353254333926
-0.11094617582845352 0.17702036932405907
-0.11094617582845352 -0.17702036932405907
0.015619141441845846 0.19774857904593615
0.015619141441845846 -0.19774857904593615
-0.1778196672833906 0.08907317357202847
-0.1778196672833906 -0.08907317357202847
-0.06520081025288699 0.18942736513495215
-0.06520081025288699 -0.18942736513495215
0.05829976166741431 0.18269845226390552
0.05829976166741431 -0.18269845226390552
-0.013228981254316548 0.1940180829999403
-0.013228981254316548 -0.1940180829999403
-0.18791907277194064 0.0
-0.12465264019230485 0.1468431493723254
-0.12465264019230485 -0.1468431493723254
-0.08418837340396598 0.17291247443928717
-0.08418837340396598 -0.17291247443928717
-0.18390775577065596 0.04709328566407065
-0.18390775577065596 -0.04709328566407065
0.18231591887878978 0.04344143584389813
0.18231591887878978 -0.04344143584389813
-0.0008911583829018089 0.18228520466437703
-0.0008911583829018089 -0.18228520466437703
-0.050760828240290365 0.17505356310838557
-0.050760828240290365 -0.17505356310838557
-0.17312670111599465 0.05202708285047332
-0.17312670111599465 -0.05202708285047332
-0.1307006491898312 0.12084947060562895
-0.1307006491898312 -0.12084947060562895
-0.1456943425708423 0.09840936593133308
-0.1456943425708423 -0.09840936593133308
0.18284585386091368 0.0
-0.15150662979035517 0.06928208946008708
-0.15150662979035517 -0.06928208946008708
0.046248149871184564 0.17329641216508002
0.046248149871184564 -0.17329641216508002
-0.0982757584061909 0.13845312697680082
-0.0982757584061909 -0.13845312697680082
0.004235992689891533 0.16873705577333287
0.004235992689891533 -0.16873705577333287
0.05190378694864894 0.16255535499491006
0.05190378694864894 -0.16255535499491006
0.03216476816167421 0.16435088973604234
0.03216476816167421 -0.16435088973604234
0.07577417610002454 0.15457759841200247
0.07577417610002454 -0.15457759841200247
-0.037526603789129795 0.16274639023968815
-0.037526603789129795 -0.16274639023968815
0.1531765152393867 0.09031468818227675
0.1531765152393867 -0.09031468818227675
0.11163773172145378 0.1315092554185174
0.11163773172145378 -0.1315092554185174
0.08366055785655249 0.14492553132516656
0.08366055785655249 -0.14492553132516656
0.1569308762035735 0.06938273690993367
0.1569308762035735 -0.06938273690993367
-0.14173036804732977 0.05734297971347102
-0.14173036804732977 -0.05734297971347102
0.17146284554131086 0.019297015489818065
0.17146284554131086 -0.019297015489818065
-0.07994507826169688 0.14107624643186553
-0.07994507826169688 -0.14107624643186553
0.11192757074182572 0.12483917076661477
0.11192757074182572 -0.12483917076661477
-0.11285873073853962 0.10552359779248063
-0.11285873073853962 -0.10552359779248063
-0.1220300432063588 0.09013363597239053
-0.1220300432063588 -0.09013363597239053
0.12652336521424673 0.09903352895689387
0.12652336521424673 -0.09903352895689387
-0.05268011703025575 0.14681507135439698
-0.05268011703025575 -0.14681507135439698
-0.05822877620574285 0.14335484410754687
-0.05822877620574285 -0.14335484410754687
0.15434728977712942 0.0
0.07971318123014835 0.13312993652045596
0.07971318123014835 -0.13312993652045596
0.1511922630503879 0.021138799630148104
0.1511922630503879 -0.021138799630148104
0.13842575409591812 0.0627078596970035
0.13842575409591812 -0.0627078596970035
0.14820488261106088 0.0350826926850612
0.14820488261106088 -0.0350826926850612
-0.09723036102786703 0.11323817657856279
-0.09723036102786703 -0.11323817657856279
-0.13190917796875176 0.06719552866793396
-0.13190917796875176 -0.06719552866793396
-0.02627518869826994 0.1425550412780464
-0.02627518869826994 -0.1425550412780464
0.006788922854697915 0.14873529937132057
0.006788922854697915 -0.14873529937132057
-0.10004826502841724 0.1044189691984937
-0.10004826502841724 -0.1044189691984937
-0.14937228896056137 0.01709740831794432
-0.14937228896056137 -0.01709740831794432
0.04753576384634657 0.1328518223010887
0.04753576384634657 -0.1328518223010887
-0.13812093333709466 0.04038014793772214
-0.13812093333709466 -0.04038014793772214
0.06528601410487886 0.12682860596809156
0.06528601410487886 -0.12682860596809156
0.14307281641298736 0.04219359521117425
0.14307281641298736 -0.04219359521117425
0.07941663891108336 0.11943884291980557
0.07941663891108336 -0.11943884291980557
-0.11555082442814951 0.07609985175061754
-0.11555082442814951 -0.07609985175061754
0.11218740760374951 0.08773052982789657
0.11218740760374951 -0.08773052982789657
0.10187992978596647 0.09437581253640993
0.10187992978596647 -0.09437581253640993
-0.1344243798731806 0.013007346619417054
-0.1344243798731806 -0.013007346619417054
0.11569315995490737 0.0729405582678278
0.11569315995490737 -0.0729405582678278
-0.08329501591048094 0.09878008062569224
-0.08329501591048094 -0.09878008062569224
-0.1298238660045431 0.0215860685713636
-0.1298238660045431 -0.0215860685713636
0.1329453417094716 0.022347970611514428
0.1329453417094716 -0.022347970611514428
0.12783957309591404 0.026445877889356866
0.12783957309591404 -0.026445877889356866
0.13244926297474008 0.0
0.12151036218050776 0.04269636134393985
0.12151036218050776 -0.04269636134393985
0.08713026924288556 0.09307420154003883
0.08713026924288556 -0.09307420154003883
0.06620997640883475 0.10999584394146643
0.06620997640883475 -0.10999584394146643
0.10509319377984563 0.06659938064326869
0.10509319377984563 -0.06659938064326869
0.031360632651246514 0.1266806253542194
0.031360632651246514 -0.1266806253542194
0.00447657661613444 0.13098471632340766
0.00447657661613444 -0.13098471632340766
-0.03340923090459516 0.12606252606038418
-0.03340923090459516 -0.12606252606038418
0.04018615957925326 0.11695684918804268
0.04018615957925326 -0.11695684918804268
-0.05431346580095181 0.1185690892367897
-0.05431346580095181 -0.1185690892367897
-0.010306934240943906 0.1251282231255247
-0.010306934240943906 -0.1251282231255247
-0.121226586018588 0.0
-0.12003779425209314 0.03573199421131356
-0.12003779425209314 -0.03573199421131356
-0.0724865017132606 0.10002594659327482
-0.0724865017132606 -0.10002594659327482
-0.11252750143129447 0.04620395360797762
-0.11252750143129447 -0.04620395360797762
-0.10163325376011342 0.0636277694108275
-0.10163325376011342 -0.0636277694108275
-0.09974037468346732 0.06844638032765145
-0.09974037468346732 -0.06844638032765145
-0.0790710088943126 0.09009712994482436
-0.0790710088943126 -0.09009712994482436
0.09362722320425139 0.07240918745547388
0.09362722320425139 -0.07240918745547388
-0.05349623016130088 0.10356569755388363
-0.05349623016130088 -0.10356569755388363
-0.11863192196429313 0.015193591355295185
-0.11863192196429313 -0.015193591355295185
-0.110575155555754 0.0
0.1058482910983588 0.03709285970359702
0.1058482910983588 -0.03709285970359702
0.10285180684464995 0.04494147622242281
0.10285180684464995 -0.04494147622242281
0.008895165807948732 0.11660229506879899
0.008895165807948732 -0.11660229506879899
-0.010360289218680388 0.11701210057412167
-0.010360289218680388 -0.11701210057412167
0.10606119853545698 0.018868556852598663
0.10606119853545698 -0.018868556852598663
0.004445643101959001 0.1148748983295802
0.004445643101959001 -0.1148748983295802
0.06046868721648187 0.0929756682389267
0.06046868721648187 -0.0929756682389267
0.024149470182064217 0.1100816230523342
0.024149470182064217 -0.1100816230523342
-0.10404539856066385 0.0285987601935384
-0.10404539856066385 -0.0285987601935384
-0.021829593397423536 0.10799857012288504
-0.021829593397423536 -0.10799857012288504
-0.03537523396309651 0.10339091280668472
-0.03537523396309651 -0.10339091280668472
-0.03079632677937446 0.10593193326251958
-0.03079632677937446 -0.10593193326251958
-0.0944338841650222 0.044983860374862086
-0.0944338841650222 -0.044983860374862086
0.07621928082170441 0.07783135671599095
0.07621928082170441 -0.07783135671599095
-0.0769372714102235 0.06932718589570797
-0.0769372714102235 -0.06932718589570797
0.08504742075769096 0.0661284052407035
0.08504742075769096 -0.0661284052407035
-0.06637505211557485 0.08157964950853092
-0.06637505211557485 -0.08157964950853092
-0.09612883391117912 0.0351317738849495
-0.09612883391117912 -0.0351317738849495
0.06837897478506946 0.08180838257271494
0.06837897478506946 -0.08180838257271494
-0.06854103576682098 0.07720143845725247
-0.06854103576682098 -0.07720143845725247
-0.09857400221652733 0.0
0.1003968981578073 0.0
0.08640734053756308 0.049515863981156316
0.08640734053756308 -0.049515863981156316
-0.04716852225643937 0.08682850189790997
-0.04716852225643937 -0.08682850189790997
0.04095390832941554 0.09401635316516346
0.04095390832941554 -0.09401635316516346
0.0010857975998627375 0.1024685367670788
0.0010857975998627375 -0.1024685367670788
0.036391312433951536 0.09342399783009486
0.036391312433951536 -0.09342399783009486
0.021502407183790616 0.09759281238741385
0.021502407183790616 -0.09759281238741385
0.09593357175245862 0.015471155895187248
0.09593357175245862 -0.015471155895187248
-0.09362381495016717 0.0
-0.07477761682552782 0.0540706721669327
-0.07477761682552782 -0.0540706721669327
0.04372768511885192 0.08409771609060385
0.04372768511885192 -0.08409771609060385
-0.020350109583914026 0.089845447889104
-0.020350109583914026 -0.089845447889104
-0.0018895134692500982 0.09417552914959655
-0.0018895134692500982 -0.09417552914959655
0.039407548826472405 0.08679800726567943
0.039407548826472405 -0.08679800726567943
0.08286813908446558 0.03880369533343816
0.08286813908446558 -0.03880369533343816
0.07804949094239218 0.049919373611993834
0.07804949094239218 -0.049919373611993834
0.0900127448263658 0.0
-0.0903152529278641 0.013273981573875137
-0.0903152529278641 -0.013273981573875137
-0.0619838773881861 0.06354945044295796
-0.0619838773881861 -0.06354945044295796
-0.05532691585910682 0.06976445476423775
-0.05532691585910682 -0.06976445476423775
-0.04159692267068059 0.07817804341488716
-0.04159692267068059 -0.07817804341488716
0.06043366311244 0.06477919292291603
0.06043366311244 -0.06477919292291603
-0.08932273355672933 0.0
-0.07686205606295163 0.03645325738204003
-0.07686205606295163 -0.03645325738204003
-0.06427434001919966 0.04960841179208469
-0.06427434001919966 -0.04960841179208469
-0.04625751183168262 0.06533690466382588
-0.04625751183168262 -0.06533690466382588
0.017522573547725684 0.08540539247978117
0.017522573547725684 -0.08540539247978117
-0.017267355446614265 0.08120091172372917
-0.017267355446614265 -0.08120091172372917
0.004117465647402483 0.08423358309396219
0.004117465647402483 -0.08423358309396219
-0.0777406998753187 0.01647108540077005
-0.0777406998753187 -0.01647108540077005
0.03760931198164069 0.0727804965313809
0.03760931198164069 -0.0727804965313809
0.08372177621544104 0.010171882287758387
0.08372177621544104 -0.010171882287758387
0.07979455018022577 0.016959148668103878
0.07979455018022577 -0.016959148668103878
0.06489841052172043 0.04813224410976136
0.06489841052172043 -0.04813224410976136
0.05260689601628598 0.05990044755120197
0.05260689601628598 -0.05990044755120197
-0.02164046069061608 0.07495816321449905
-0.02164046069061608 -0.07495816321449905
0.07313914476719102 0.028988484115428478
0.07313914476719102 -0.028988484115428478
0.06370175694843976 0.04369426632851882
0.06370175694843976 -0.04369426632851882
-0.0733834056198634 0.023165831439052285
-0.0733834056198634 -0.023165831439052285
-0.07718819850443613 0.0
-0.06522812561155 0.03766117943858893
-0.06522812561155 -0.03766117943858893
-0.050817482406537356 0.0555879714172706
-0.050817482406537356 -0.0555879714172706
0.05308216996717228 0.051384358184569254
0.05308216996717228 -0.051384358184569254
-0.030060300029147453 0.06875948350479888
-0.030060300029147453 -0.06875948350479888
-0.054370020236972016 0.04331368852761664
-0.054370020236972016 -0.04331368852761664
0.01593104546127256 0.0741791653727942
0.01593104546127256 -0.0741791653727942
0.0015453032589985774 0.07351195516633705
0.0015453032589985774 -0.07351195516633705
0.07249473326927147 0.0032253413338070476
0.07249473326927147 -0.0032253413338070476
-0.0155082907284156 0.06874998997555029
-0.0155082907284156 -0.06874998997555029
0.018531698305804062 0.06675852154120297
0.018531698305804062 -0.06675852154120297
0.060754143826334234 0.028654462598419035
0.060754143826334234 -0.028654462598419035
-0.032008510563765795 0.059813043816713665
-0.032008510563765795 -0.059813043816713665
-0.06940656566784882 0.0
-0.06035180345196964 0.026911679697342844
-0.06035180345196964 -0.026911679697342844
-0.06713984258290571 0.008452260951886247
-0.06713984258290571 -0.008452260951886247
0.05805785417809482 0.029058352792070915
0.05805785417809482 -0.029058352792070915
0.04093033738777439 0.04866333462271393
0.04093033738777439 -0.04866333462271393
0.02814985528481309 0.05797208759330997
0.02814985528481309 -0.05797208759330997
-0.03995145256200584 0.04543815656960946
-0.03995145256200584 -0.04543815656960946
0.05803978014799625 0.015199270588249117
0.05803978014799625 -0.015199270588249117
0.01952605318877358 0.06045955095745507
0.01952605318877358 -0.06045955095745507
0.05951083203058189 0.0
-0.0025393751039779807 0.060962016841006675
-0.0025393751039779807 -0.060962016841006675
0.047335369913502304 0.02988031726934375
0.047335369913502304 -0.02988031726934375
-0.048505099656749755 0.027220493403698448
-0.048505099656749755 -0.027220493403698448
-0.05924349942667396 0.0
-0.01260808960616994 0.05658391851365736
-0.01260808960616994 -0.05658391851365736
0.027550147138809072 0.05263178252677218
0.027550147138809072 -0.05263178252677218
-0.05401897828788273 0.010080290288525704
-0.05401897828788273 -0.010080290288525704
-0.028072413077271173 0.04778088647835308
-0.028072413077271173 -0.04778088647835308
0.035519598912613394 0.040691428703890115
0.035519598912613394 -0.040691428703890115
0.0032665876828356015 0.05484471901539612
0.0032665876828356015 -0.05484471901539612
0.03184996891700289 0.04222359235710143
0.03184996891700289 -0.04222359235710143
-0.03576866511709982 0.035155126047892546
-0.03576866511709982 -0.035155126047892546
-0.014613768709458356 0.04920940812935827
-0.014613768709458356 -0.04920940812935827
0.05046568900021059 0.001177411549272221
0.05046568900021059 -0.001177411549272221
0.02300293150352868 0.045178651955884955
0.02300293150352868 -0.045178651955884955
-0.028804802712126966 0.034145402369212416
-0.028804802712126966 -0.034145402369212416
0.032123738912663735 0.028801119654893046
0.032123738912663735 -0.028801119654893046
0.03784326521969954 0.019326889221086146
0.03784326521969954 -0.019326889221086146
-0.030364012202264323 0.025597018981881457
-0.030364012202264323 -0.025597018981881457
-0.03983230707209922 0.014613402651407731
-0.03983230707209922 -0.014613402651407731
-0.04466080588244362 0.004278930971784362
-0.04466080588244362 -0.004278930971784362
0.03930016859804966 0.004154251079382959
0.03930016859804966 -0.004154251079382959
0.0018327293591383902 0.043372837182208225
0.0018327293591383902 -0.043372837182208225
0.001616153849358537 0.038851684917591965
0.001616153849358537 -0.038851684917591965
0.009561704824362523 0.03443478741109905
0.009561704824362523 -0.03443478741109905
-0.007606895157394773 0.03519575369356523
-0.007606895157394773 -0.03519575369356523
-0.03663069205997639 0.005772089993768456
-0.03663069205997639 -0.005772089993768456
-0.016434831634673158 0.029176474457904056
-0.016434831634673158 -0.029176474457904056
0.03321038232187815 0.0
0.028828711901611515 0.014044289888121057
0.028828711901611515 -0.014044289888121057
-0.028558125793849212 0.003901183408201205
-0.028558125793849212 -0.003901183408201205
-0.0005943128875306774 0.0287205804215682
-0.0005943128875306774 -0.0287205804215682
0.021947651694484663 0.013463383150399447
0.021947651694484663 -0.013463383150399447
-0.006848905598214162 0.025959675013790363
-0.006848905598214162 -0.025959675013790363
0.021033597616610552 0.007560554948132877
0.021033597616610552 -0.007560554948132877
-0.012711745239049476 0.013163129864039955
-0.012711745239049476 -0.013163129864039955
0.011491576597915235 0.014855134462214897
0.011491576597915235 -0.014855134462214897
-0.004816598530265817 0.020340204971460534
-0.004816598530265817 -0.020340204971460534
-0.012201246007409359 0.0
0.0035016820140938683 0.019127030689971083
0.0035016820140938683 -0.019127030689971083
-0.005813879806988258 0.016440682512483
-0.005813879806988258 -0.016440682512483
0.010471034648839424 0.0
0.00704035193416659 0.0037175672549062304
0.00704035193416659 -0.0037175672549062304
-0.0012943348167539683 0.0
-0.008278936162251805 0.0
