0.6132796710755131 1.6894572109854165
0.6132796710755131 -1.6894572109854165
-0.5039311599368678 1.4751364371003084
-0.5039311599368678 -1.4751364371003084
-1.199401017911053 0.0
-0.07762999291247741 1.1389046611289788
-0.07762999291247741 -1.1389046611289788
0.9223168902749188 0.5760583365742241
0.9223168902749188 -0.5760583365742241
-1.0022841550407695 0.5292427213927755
-1.0022841550407695 -0.5292427213927755
1.0540377483527514 0.08730754270379316
1.0540377483527514 -0.08730754270379316
0.973416031792227 0.3973695317400199
0.973416031792227 -0.3973695317400199
-0.44914762628730465 0.9991802093720729
-0.44914762628730465 -0.9991802093720729
0.7148262397631091 0.719918601504079
0.7148262397631091 -0.719918601504079
0.807550869254446 0.5980857963210542
0.807550869254446 -0.5980857963210542
0.91721760682941 0.4002896224661271
0.91721760682941 -0.4002896224661271
0.9340982366100078 0.33461588816432
0.9340982366100078 -0.33461588816432
0.9734967991434873 0.13454919664633005
0.9734967991434873 -0.13454919664633005
0.7836591590295522 0.5842049915200075
0.7836591590295522 -0.5842049915200075
0.5290717225974269 0.8513909367436352
0.5290717225974269 -0.8513909367436352
0.6065944853712911 0.7837263373853336
0.6065944853712911 -0.7837263373853336
0.8458888834130371 0.45611445458695604
0.8458888834130371 -0.45611445458695604
0.2907024042606868 0.9686326241782295
0.2907024042606868 -0.9686326241782295
0.6509197728789442 0.7154437672123896
0.6509197728789442 -0.7154437672123896
0.5867257868304796 0.7813848058298383
0.5867257868304796 -0.7813848058298383
0.15535095341403662 1.0027452854794383
0.15535095341403662 -1.0027452854794383
-0.6971781390088534 0.7525325294936739
-0.6971781390088534 -0.7525325294936739
0.38242312481796026 0.8958609576029679
0.38242312481796026 -0.8958609576029679
0.31989607039221735 0.9174683219061304
0.31989607039221735 -0.9174683219061304
0.030781928778274854 0.9861414144677346
0.030781928778274854 -0.9861414144677346
-0.1575806379052877 0.9941610606131125
-0.1575806379052877 -0.9941610606131125
0.14188387562791788 0.9595502652283395
0.14188387562791788 -0.9595502652283395
-0.10762010356562675 0.9853554052401051
-0.10762010356562675 -0.9853554052401051
-0.2729441979161937 0.9702823474633843
-0.2729441979161937 -0.9702823474633843
-0.7648783642009309 0.6402675043983435
-0.7648783642009309 -0.6402675043983435
-0.8342704470262168 0.5245713710133739
-0.8342704470262168 -0.5245713710133739
-0.9704743489123793 0.1735018664946177
-0.9704743489123793 -0.1735018664946177
-0.9787489953487091 0.07179996092895154
-0.9787489953487091 -0.07179996092895154
-0.7717148236935897 0.5933220573432972
-0.7717148236935897 -0.5933220573432972
-0.5711544973554517 0.8030872530459234
-0.5711544973554517 -0.8030872530459234
-0.8586744809393102 0.45098990626200036
-0.8586744809393102 -0.45098990626200036
-0.7271641241578084 0.6310826058181402
-0.7271641241578084 -0.6310826058181402
-0.9068930231276253 0.35746578492615183
-0.9068930231276253 -0.35746578492615183
-0.9353359275192232 0.26694302879147713
-0.9353359275192232 -0.26694302879147713
-0.21812430373859326 0.9584892651069371
-0.21812430373859326 -0.9584892651069371
-0.2296164284719125 0.947997598587483
-0.2296164284719125 -0.947997598587483
-0.5165390892190744 0.8077920412221319
-0.5165390892190744 -0.8077920412221319
-0.4414023125106128 0.8546128599375046
-0.4414023125106128 -0.8546128599375046
-0.5673651007886393 0.7673275489693301
-0.5673651007886393 -0.7673275489693301
0.45499073051520833 0.8424462818929124
0.45499073051520833 -0.8424462818929124
-0.37237967098616204 0.880623074492171
-0.37237967098616204 -0.880623074492171
0.5326931589925625 0.777879774546805
0.5326931589925625 -0.777879774546805
0.4748332179584394 0.8167709458839121
0.4748332179584394 -0.8167709458839121
-0.9014466531420873 0.32051332921241343
-0.9014466531420873 -0.32051332921241343
-0.8221924688944711 0.4620701003677355
-0.8221924688944711 -0.4620701003677355
0.9294291862074824 0.22689089920867242
0.9294291862074824 -0.22689089920867242
0.9439966859820854 0.08851450842326276
0.9439966859820854 -0.08851450842326276
0.7840279272529223 0.5092691981562105
0.7840279272529223 -0.5092691981562105
0.2576565361952435 0.9007738873949912
0.2576565361952435 -0.9007738873949912
0.762733544036444 0.5335248044667116
0.762733544036444 -0.5335248044667116
0.12340026818655468 0.9330003566706287
0.12340026818655468 -0.9330003566706287
-0.958774002900234 0.0
-0.0023621903928595176 0.9392413211809003
-0.0023621903928595176 -0.9392413211809003
-0.5983232017859166 0.6983375163943092
-0.5983232017859166 -0.6983375163943092
0.6899496867296384 0.5968866020040854
0.6899496867296384 -0.5968866020040854
-0.7852798612321874 0.48701953310687696
-0.7852798612321874 -0.48701953310687696
-0.767674366122755 0.5081060815190174
-0.767674366122755 -0.5081060815190174
-0.9147431660750602 0.1997960810681076
-0.9147431660750602 -0.1997960810681076
-0.5278300112165997 0.7482243022599875
-0.5278300112165997 -0.7482243022599875
0.8877704540510496 0.2983112926658851
0.8877704540510496 -0.2983112926658851
0.9327630440607004 0.029104083295630814
0.9327630440607004 -0.029104083295630814
-0.9240401435676155 0.10930357967655102
-0.9240401435676155 -0.10930357967655102
0.3606956705539827 0.8426212248769198
0.3606956705539827 -0.8426212248769198
0.5189703583229021 0.7336712484147113
0.5189703583229021 -0.7336712484147113
-0.6487002272253501 0.6178331848798735
-0.6487002272253501 -0.6178331848798735
-0.2826058566587599 0.8750463826339832
-0.2826058566587599 -0.8750463826339832
-0.39383098033130726 0.8259009845202612
-0.39383098033130726 -0.8259009845202612
0.05694238755311978 0.9172691343393731
0.05694238755311978 -0.9172691343393731
-0.11627746474355947 0.9060499368078101
-0.11627746474355947 -0.9060499368078101
0.6505377286835993 0.6060500177471375
0.6505377286835993 -0.6060500177471375
-0.4767202280772262 0.7682188391979178
-0.4767202280772262 -0.7682188391979178
0.8532892306318514 0.3267027273955202
0.8532892306318514 -0.3267027273955202
0.33272247091491025 0.8370309409007797
0.33272247091491025 -0.8370309409007797
0.40906719894254173 0.7927153044588653
0.40906719894254173 -0.7927153044588653
0.5532128851304332 0.6818315123267031
0.5532128851304332 -0.6818315123267031
0.599669851921039 0.6355428179845233
0.599669851921039 -0.6355428179845233
-0.7040724172753823 0.5469880881845903
-0.7040724172753823 -0.5469880881845903
-0.7038873445660179 0.5375848725684669
-0.7038873445660179 -0.5375848725684669
0.6714976985394001 0.5535654691862331
0.6714976985394001 -0.5535654691862331
-0.5918003302787251 0.6467090148576791
-0.5918003302787251 -0.6467090148576791
-0.7333137507665366 0.47369848086300015
-0.7333137507665366 -0.47369848086300015
0.7447484135200382 0.4477120102878566
0.7447484135200382 -0.4477120102878566
-0.49099490409961266 0.7115739450614075
-0.49099490409961266 -0.7115739450614075
-0.6701515120767555 0.5294304617072512
-0.6701515120767555 -0.5294304617072512
-0.3791510972694613 0.8000228928556581
-0.3791510972694613 -0.8000228928556581
0.8842277035670458 0.17567782167003357
0.8842277035670458 -0.17567782167003357
0.8607389962129504 0.24867918087121121
0.8607389962129504 -0.24867918087121121
0.8179939293206917 0.34786524059869256
0.8179939293206917 -0.34786524059869256
0.7854175666379646 0.40013825545775655
0.7854175666379646 -0.40013825545775655
-0.8937764767476264 0.0
-0.18263591927333012 0.8695578856064811
-0.18263591927333012 -0.8695578856064811
0.46407869909540117 0.7207600103532709
0.46407869909540117 -0.7207600103532709
-0.30814082119920255 0.8292674389371353
-0.30814082119920255 -0.8292674389371353
0.6887607809798115 0.502500760471825
0.6887607809798115 -0.502500760471825
0.2602711007937608 0.8320079662069159
0.2602711007937608 -0.8320079662069159
-0.8911594278728475 0.08604159639133005
-0.8911594278728475 -0.08604159639133005
0.3716056449714707 0.7702356174635681
0.3716056449714707 -0.7702356174635681
-0.8398945179640263 0.28920995932044075
-0.8398945179640263 -0.28920995932044075
0.7526126135189695 0.41029120611869385
0.7526126135189695 -0.41029120611869385
0.09252796012868947 0.8715950956576539
0.09252796012868947 -0.8715950956576539
0.8718465519463141 0.08491622923960786
0.8718465519463141 -0.08491622923960786
-0.027093507707433705 0.8755443245805501
-0.027093507707433705 -0.8755443245805501
-0.8632430105223898 0.2020607886742229
-0.8632430105223898 -0.2020607886742229
0.8737162904249254 0.0
0.1961178031507115 0.8375706905947897
0.1961178031507115 -0.8375706905947897
-0.35109002731173883 0.7894701559275918
-0.35109002731173883 -0.7894701559275918
-0.04834350967024252 0.861966362464012
-0.04834350967024252 -0.861966362464012
-0.7717379676975269 0.3848834680156031
-0.7717379676975269 -0.3848834680156031
-0.6253328222387393 0.5586602105989645
-0.6253328222387393 -0.5586602105989645
-0.865288765129614 0.051234664264383195
-0.865288765129614 -0.051234664264383195
0.14975699011926152 0.8336955863999038
0.14975699011926152 -0.8336955863999038
-0.8007914021228439 0.28990308310891727
-0.8007914021228439 -0.28990308310891727
-0.7906625166521506 0.31200356632049575
-0.7906625166521506 -0.31200356632049575
0.7883555127381342 0.3306130822539553
0.7883555127381342 -0.3306130822539553
-0.8404182152995738 0.16572445428649124
-0.8404182152995738 -0.16572445428649124
0.20066212150010074 0.8140659055882873
0.20066212150010074 -0.8140659055882873
0.7185758804834215 0.42597989639008593
0.7185758804834215 -0.42597989639008593
0.8413011534295767 0.14125530250882917
0.8413011534295767 -0.14125530250882917
-0.17614583834644568 0.8241621975064265
-0.17614583834644568 -0.8241621975064265
0.537697960803341 0.6078813485156189
0.537697960803341 -0.6078813485156189
0.3744438116277094 0.7354332360102842
0.3744438116277094 -0.7354332360102842
0.6084077266893768 0.5418398542948829
0.6084077266893768 -0.5418398542948829
-0.4976844806631745 0.6508216578453622
-0.4976844806631745 -0.6508216578453622
-0.5514178825769903 0.5994238849317064
-0.5514178825769903 -0.5994238849317064
0.05815015265581517 0.8262162837214183
0.05815015265581517 -0.8262162837214183
-0.8259037901062166 0.0
-0.7168004405879501 0.39036226827903325
-0.7168004405879501 -0.39036226827903325
-0.37185507873036405 0.7345647996270959
-0.37185507873036405 -0.7345647996270959
-0.4599427387982922 0.6676039793290051
-0.4599427387982922 -0.6676039793290051
-0.6430806079588511 0.46844794834631737
-0.6430806079588511 -0.46844794834631737
0.8204204488137349 0.20467048914953584
0.8204204488137349 -0.20467048914953584
0.8508482423762033 0.07665910953952942
0.8508482423762033 -0.07665910953952942
0.43273878571922164 0.6681660597452564
0.43273878571922164 -0.6681660597452564
0.7762819745771301 0.3052410622281238
0.7762819745771301 -0.3052410622281238
0.31427917769885794 0.7525260390169083
0.31427917769885794 -0.7525260390169083
0.6075967038032046 0.4940645835857355
0.6075967038032046 -0.4940645835857355
0.5136328636536389 0.5810531402198797
0.5136328636536389 -0.5810531402198797
0.7650899433236664 0.2730942247606067
0.7650899433236664 -0.2730942247606067
0.24198610949030172 0.7680895923896982
0.24198610949030172 -0.7680895923896982
0.8137365328136106 0.0
0.7799902700873014 0.15630865752317158
0.7799902700873014 -0.15630865752317158
0.6886916125060786 0.36601109640899204
0.6886916125060786 -0.36601109640899204
0.6666629310755459 0.39338920690236595
0.6666629310755459 -0.39338920690236595
-0.19933830059540042 0.787142311498964
-0.19933830059540042 -0.787142311498964
0.06432098768734908 0.7996590946733406
0.06432098768734908 -0.7996590946733406
0.03814862255383699 0.7968902264361128
0.03814862255383699 -0.7968902264361128
0.02693290754695342 0.7949708850845457
0.02693290754695342 -0.7949708850845457
-0.2887359134669821 0.7476589164913624
-0.2887359134669821 -0.7476589164913624
-0.25238548085666274 0.7610182477339921
-0.25238548085666274 -0.7610182477339921
-0.7896896749935925 0.21602773955307003
-0.7896896749935925 -0.21602773955307003
-0.7465100071958917 0.3004219210958839
-0.7465100071958917 -0.3004219210958839
-0.4023698427071929 0.6745487362055724
-0.4023698427071929 -0.6745487362055724
-0.4858383140343583 0.6076523079461548
-0.4858383140343583 -0.6076523079461548
-0.3740968673639551 0.684005765280169
-0.3740968673639551 -0.684005765280169
-0.7772288068966641 0.1952366294719352
-0.7772288068966641 -0.1952366294719352
-0.8068989160094509 0.03363714133598667
-0.8068989160094509 -0.03363714133598667
-0.7149498970452695 0.3291898084999269
-0.7149498970452695 -0.3291898084999269
-0.7955330925411463 0.08009177589702444
-0.7955330925411463 -0.08009177589702444
-0.6519636326668702 0.41806207778174137
-0.6519636326668702 -0.41806207778174137
-0.1162697887805888 0.7758215015437285
-0.1162697887805888 -0.7758215015437285
-0.67486274187605 0.3795635948859447
-0.67486274187605 -0.3795635948859447
-0.5190926883914478 0.5577425472218454
-0.5190926883914478 -0.5577425472218454
-0.7944234678715452 0.0
0.4209813271848015 0.6358436200591957
0.4209813271848015 -0.6358436200591957
0.3058036402005847 0.7162137149012281
0.3058036402005847 -0.7162137149012281
-0.5918716593470792 0.472539652953323
-0.5918716593470792 -0.472539652953323
-0.18977846947357083 0.7579736240736062
-0.18977846947357083 -0.7579736240736062
0.7254863108770817 0.2997437895931989
0.7254863108770817 -0.2997437895931989
-0.07851170245184337 0.7710050228183717
-0.07851170245184337 -0.7710050228183717
0.5895759397929485 0.44527018786990796
0.5895759397929485 -0.44527018786990796
0.3676313623336256 0.6670158803073352
0.3676313623336256 -0.6670158803073352
0.08431888151791309 0.7638200111723047
0.08431888151791309 -0.7638200111723047
-0.7433532621617506 0.21923872018215695
-0.7433532621617506 -0.21923872018215695
-0.2699252632931456 0.7167699198791316
-0.2699252632931456 -0.7167699198791316
-0.7587638798957199 0.11230793566511593
-0.7587638798957199 -0.11230793566511593
0.7846534768389145 0.0
-0.39409224673117305 0.6299301666019504
-0.39409224673117305 -0.6299301666019504
-0.11178075485670629 0.7489263853573213
-0.11178075485670629 -0.7489263853573213
-0.0335919617936045 0.753794127470616
-0.0335919617936045 -0.753794127470616
0.12290987125884839 0.7388286021675858
0.12290987125884839 -0.7388286021675858
0.6681417177889932 0.3361841421676213
0.6681417177889932 -0.3361841421676213
-0.595111399899755 0.4033375416207436
-0.595111399899755 -0.4033375416207436
-0.5518490253240764 0.45506404739826667
-0.5518490253240764 -0.45506404739826667
0.5362697557187173 0.47942013639281367
0.5362697557187173 -0.47942013639281367
-0.46451747565839974 0.5366355128158754
-0.46451747565839974 -0.5366355128158754
0.4614100256728064 0.5510829675821156
0.4614100256728064 -0.5510829675821156
0.417005882145973 0.5866022407416895
0.417005882145973 -0.5866022407416895
0.7613508252288019 0.060212791507317766
0.7613508252288019 -0.060212791507317766
-0.20096664406479586 0.705839671869092
-0.20096664406479586 -0.705839671869092
0.7146842208594895 0.18995032252679683
0.7146842208594895 -0.18995032252679683
0.1569245316846002 0.7105368466497685
0.1569245316846002 -0.7105368466497685
0.7348892410404972 0.10074091153467579
0.7348892410404972 -0.10074091153467579
0.7466374294961823 0.03848945116941304
0.7466374294961823 -0.03848945116941304
-0.6883089718990801 0.22794551405173702
-0.6883089718990801 -0.22794551405173702
-0.6533137078556545 0.30427194932458085
-0.6533137078556545 -0.30427194932458085
0.25652372557450814 0.6695574866923611
0.25652372557450814 -0.6695574866923611
0.4781780289568872 0.5074435268769093
0.4781780289568872 -0.5074435268769093
0.31033065608638477 0.6371597256775331
0.31033065608638477 -0.6371597256775331
-0.7140005273068836 0.0
-0.12317822210687902 0.7091751894268428
-0.12317822210687902 -0.7091751894268428
-0.41390425079225057 0.5581141354855288
-0.41390425079225057 -0.5581141354855288
-0.39247472096187164 0.5735088089029299
-0.39247472096187164 -0.5735088089029299
0.4266981289616407 0.532374757751166
0.4266981289616407 -0.532374757751166
0.6631981059159539 0.2656482152347931
0.6631981059159539 -0.2656482152347931
0.6181308472827147 0.3200675412932227
0.6181308472827147 -0.3200675412932227
0.5094303745870001 0.44042919094212996
0.5094303745870001 -0.44042919094212996
0.5582713530973282 0.3853963195124148
0.5582713530973282 -0.3853963195124148
-0.4436980733456934 0.5015285036514874
-0.4436980733456934 -0.5015285036514874
-0.2084305837601544 0.6722769280240493
-0.2084305837601544 -0.6722769280240493
-0.4903649034182306 0.4431258591964462
-0.4903649034182306 -0.4431258591964462
0.13687137297070615 0.675434974102106
0.13687137297070615 -0.675434974102106
0.2473903442962912 0.6338491142500088
0.2473903442962912 -0.6338491142500088
0.3337008338061475 0.5874858527889438
0.3337008338061475 -0.5874858527889438
0.38812595802828387 0.54403273864581
0.38812595802828387 -0.54403273864581
-0.2908663372054687 0.6262708875358647
-0.2908663372054687 -0.6262708875358647
0.681947389590079 0.10998428648977743
0.681947389590079 -0.10998428648977743
0.6601351606362033 0.17568101326320804
0.6601351606362033 -0.17568101326320804
0.6315093403966997 0.24896439044014004
0.6315093403966997 -0.24896439044014004
-0.041411233890831026 0.6849921628048348
-0.041411233890831026 -0.6849921628048348
0.6079305891965281 0.2958632326451997
0.6079305891965281 -0.2958632326451997
-0.6925236489770199 0.11331552888042065
-0.6925236489770199 -0.11331552888042065
-0.638505001341122 0.256357221484732
-0.638505001341122 -0.256357221484732
-0.6906979584669634 0.06691666311631186
-0.6906979584669634 -0.06691666311631186
0.04906055406549729 0.6695915700774948
0.04906055406549729 -0.6695915700774948
-0.6765232649632333 0.1259899837684235
-0.6765232649632333 -0.1259899837684235
-0.5443355735068369 0.3855077561279989
-0.5443355735068369 -0.3855077561279989
-0.6868424208854931 0.0
0.6773426497267043 0.0
0.26988524935436903 0.5961902664654404
0.26988524935436903 -0.5961902664654404
-0.3081296769097843 0.5754398000717623
-0.3081296769097843 -0.5754398000717623
-0.2102991433994868 0.6223365049226466
-0.2102991433994868 -0.6223365049226466
-0.5478800517468831 0.3479298378501554
-0.5478800517468831 -0.3479298378501554
-0.5890802137506009 0.26778033082597746
-0.5890802137506009 -0.26778033082597746
-0.654185290127193 0.162257529008438
-0.654185290127193 -0.162257529008438
0.4082525856891561 0.48905805409378483
0.4082525856891561 -0.48905805409378483
0.48107726348154856 0.4132341337059301
0.48107726348154856 -0.4132341337059301
-0.10791778594619039 0.6482911416065833
-0.10791778594619039 -0.6482911416065833
0.6650053854626238 0.019678325923966625
0.6650053854626238 -0.019678325923966625
0.6402110875345876 0.1305171558193825
0.6402110875345876 -0.1305171558193825
-0.4982770847997592 0.36511761373865126
-0.4982770847997592 -0.36511761373865126
-0.393588270219665 0.448629914378263
-0.393588270219665 -0.448629914378263
0.4557978351992454 0.3909550103744387
0.4557978351992454 -0.3909550103744387
0.4036502851001148 0.4423475673841607
0.4036502851001148 -0.4423475673841607
-0.6362019003536046 0.0
-0.5632887755400887 0.2013876515926783
-0.5632887755400887 -0.2013876515926783
-0.532175516595913 0.2817746409482407
-0.532175516595913 -0.2817746409482407
-0.6152451799776133 0.0
-0.016101011379375946 0.6310345888580234
-0.016101011379375946 -0.6310345888580234
-0.09011837568919673 0.6226902341297372
-0.09011837568919673 -0.6226902341297372
0.14691650967256203 0.6164875570139772
0.14691650967256203 -0.6164875570139772
-0.18632061629010327 0.5940330014225933
-0.18632061629010327 -0.5940330014225933
0.07649213163265965 0.6191659091096724
0.07649213163265965 -0.6191659091096724
0.22048015270432955 0.5802299999701105
0.22048015270432955 -0.5802299999701105
0.007551309539254468 0.6170824835672342
0.007551309539254468 -0.6170824835672342
-0.4277239309126579 0.3941933110949112
-0.4277239309126579 -0.3941933110949112
-0.3295405996446309 0.49451113261350615
-0.3295405996446309 -0.49451113261350615
-0.31703871735040395 0.5032642078721548
-0.31703871735040395 -0.5032642078721548
0.1808321480651748 0.5799689290940818
0.1808321480651748 -0.5799689290940818
0.3053624734278312 0.5268419295387929
0.3053624734278312 -0.5268419295387929
0.5910238912244974 0.22147995757049949
0.5910238912244974 -0.22147995757049949
-0.2773162875329459 0.5199607071694756
-0.2773162875329459 -0.5199607071694756
0.5476853000646393 0.2843498007191597
0.5476853000646393 -0.2843498007191597
0.6141022434474813 0.12554000416790692
0.6141022434474813 -0.12554000416790692
0.3368983829515443 0.49066777917869114
0.3368983829515443 -0.49066777917869114
0.49597823445823996 0.3254104419928269
0.49597823445823996 -0.3254104419928269
0.3730732221201456 0.4417101809346754
0.3730732221201456 -0.4417101809346754
0.5180774436975175 0.2583466927697682
0.5180774436975175 -0.2583466927697682
0.6016943382762852 0.06781274220617046
0.6016943382762852 -0.06781274220617046
0.6030392509906847 0.034791646915894356
0.6030392509906847 -0.034791646915894356
-0.3782567845988576 0.44175947813780064
-0.3782567845988576 -0.44175947813780064
0.46347155584842276 0.33842664258535693
0.46347155584842276 -0.33842664258535693
-0.5643489034695912 0.16447516505850213
-0.5643489034695912 -0.16447516505850213
-0.5879189017186488 0.09052647458905684
-0.5879189017186488 -0.09052647458905684
0.03449050757505261 0.587693078085741
0.03449050757505261 -0.587693078085741
-0.1981375706422781 0.5514855767827707
-0.1981375706422781 -0.5514855767827707
-0.58877588511584 0.048484082048620494
-0.58877588511584 -0.048484082048620494
-0.13223531400797497 0.5487926929035256
-0.13223531400797497 -0.5487926929035256
-0.06090494054841841 0.5622496611836123
-0.06090494054841841 -0.5622496611836123
0.5401698258509576 0.17029238283266912
0.5401698258509576 -0.17029238283266912
0.4436436683287025 0.3257194763439081
0.4436436683287025 -0.3257194763439081
0.521677592491812 0.1879480343067574
0.521677592491812 -0.1879480343067574
0.3933567865282656 0.38045921624712503
0.3933567865282656 -0.38045921624712503
0.21200082402422435 0.5130153539115654
0.21200082402422435 -0.5130153539115654
0.5349565033752309 0.09637739003706079
0.5349565033752309 -0.09637739003706079
0.043067878961912276 0.5442325719456096
0.043067878961912276 -0.5442325719456096
-0.544907464683202 0.12746820190509484
-0.544907464683202 -0.12746820190509484
-0.4872889198752242 0.2615485864999948
-0.4872889198752242 -0.2615485864999948
-0.4569554992188283 0.30712500210845084
-0.4569554992188283 -0.30712500210845084
-0.1354519759029856 0.527117031137459
-0.1354519759029856 -0.527117031137459
-0.379254060208085 0.3774959991951736
-0.379254060208085 -0.3774959991951736
-0.535627107396538 0.04955054141910059
-0.535627107396538 -0.04955054141910059
-0.5005852153089354 0.19458836059851572
-0.5005852153089354 -0.19458836059851572
-0.2496352192976984 0.48026936680289556
-0.2496352192976984 -0.48026936680289556
0.17753462345902693 0.4927836313032855
0.17753462345902693 -0.4927836313032855
0.28587811027929655 0.4450174112583243
0.28587811027929655 -0.4450174112583243
-0.04165360627612781 0.5231837007399078
-0.04165360627612781 -0.5231837007399078
-0.43316313394371886 0.2982137513714494
-0.43316313394371886 -0.2982137513714494
0.29311734532059025 0.42118120740969905
0.29311734532059025 -0.42118120740969905
0.5182972721408887 0.03573450190765258
0.5182972721408887 -0.03573450190765258
-0.23779813615059847 0.4567528789627158
-0.23779813615059847 -0.4567528789627158
-0.2922819647660186 0.40406583704857413
-0.2922819647660186 -0.40406583704857413
0.4473141562108349 0.22347971841832484
0.4473141562108349 -0.22347971841832484
0.3606600705585492 0.3404353809141206
0.3606600705585492 -0.3404353809141206
0.09410513009405248 0.49101230970313064
0.09410513009405248 -0.49101230970313064
-0.1564888311019505 0.4663796585970284
-0.1564888311019505 -0.4663796585970284
-0.40023393433696375 0.275593980124424
-0.40023393433696375 -0.275593980124424
-0.494347898744266 0.02311608647929685
-0.494347898744266 -0.02311608647929685
0.4967506931700776 0.0
-0.06650328520655335 0.48194372515454753
-0.06650328520655335 -0.48194372515454753
0.469292530681132 0.13835496099167002
0.469292530681132 -0.13835496099167002
0.2514668367675185 0.42117404341500525
0.2514668367675185 -0.42117404341500525
-0.4619814680960389 0.154591100199803
-0.4619814680960389 -0.154591100199803
0.397787056797465 0.2769946709891958
0.397787056797465 -0.2769946709891958
0.3145234831059033 0.37338562361799915
0.3145234831059033 -0.37338562361799915
0.055209980581580935 0.4807377335486536
0.055209980581580935 -0.4807377335486536
-0.1928367987089737 0.42566266558211946
-0.1928367987089737 -0.42566266558211946
-0.3238946494121639 0.32045300866186854
-0.3238946494121639 -0.32045300866186854
-0.264654952085986 0.36738375354782793
-0.264654952085986 -0.36738375354782793
0.13374257157967187 0.44978431890762083
0.13374257157967187 -0.44978431890762083
0.36734767704562477 0.24436957511619006
0.36734767704562477 -0.24436957511619006
-0.37218854554490477 0.23301771987088962
-0.37218854554490477 -0.23301771987088962
0.21765931579605646 0.3818356549141557
0.21765931579605646 -0.3818356549141557
-0.44128529620500245 0.12338199826884895
-0.44128529620500245 -0.12338199826884895
0.45378959803874697 0.08194414208343628
0.45378959803874697 -0.08194414208343628
-0.14862112965574012 0.4317914699213991
-0.14862112965574012 -0.4317914699213991
0.07426211798679741 0.4586962126426794
0.07426211798679741 -0.4586962126426794
-0.023941794976935923 0.4536627261285833
-0.023941794976935923 -0.4536627261285833
-0.45263752375354294 0.0
0.017037219658903553 0.44222025622750755
0.017037219658903553 -0.44222025622750755
0.14821831340899266 0.39319363722381795
0.14821831340899266 -0.39319363722381795
0.32057639978883484 0.2702364169338988
0.32057639978883484 -0.2702364169338988
0.40960541929833266 0.10359814797842451
0.40960541929833266 -0.10359814797842451
0.23683719914544274 0.3409411928076981
0.23683719914544274 -0.3409411928076981
0.05112510738055061 0.41597652373440713
0.05112510738055061 -0.41597652373440713
0.38354122500782073 0.14821783160480959
0.38354122500782073 -0.14821783160480959
-0.43102656975686415 0.07871172528276366
-0.43102656975686415 -0.07871172528276366
-0.3310690847750019 0.2661413971746959
-0.3310690847750019 -0.2661413971746959
-0.24525846725954742 0.3396186998709218
-0.24525846725954742 -0.3396186998709218
0.41194839903887526 0.016202906452542343
0.41194839903887526 -0.016202906452542343
0.34392608729502216 0.21291070200755646
0.34392608729502216 -0.21291070200755646
-0.3723494336261376 0.18745801192728376
-0.3723494336261376 -0.18745801192728376
-0.42472230349417983 0.0
-0.3930852075777638 0.14422350892766034
-0.3930852075777638 -0.14422350892766034
-0.31895376111969853 0.23859028545222838
-0.31895376111969853 -0.23859028545222838
-0.39296221106226537 0.09302908290175298
-0.39296221106226537 -0.09302908290175298
0.36816238957775765 0.0
-0.10617946285186737 0.37572378596340084
-0.10617946285186737 -0.37572378596340084
0.24549899975978468 0.2848168438971302
0.24549899975978468 -0.2848168438971302
-0.01986740388270275 0.3842790717503013
-0.01986740388270275 -0.3842790717503013
-0.16602600504940557 0.3455462289512779
-0.16602600504940557 -0.3455462289512779
-0.15557427533294402 0.3470113355621992
-0.15557427533294402 -0.3470113355621992
-0.38142987917882926 0.061219480354046465
-0.38142987917882926 -0.061219480354046465
-0.2794385530392113 0.23890453099009162
-0.2794385530392113 -0.23890453099009162
0.18166129329612835 0.3197512425694602
0.18166129329612835 -0.3197512425694602
-0.0092789212781254 0.3678411218812907
-0.0092789212781254 -0.3678411218812907
-0.03785516900089432 0.36045636100725703
-0.03785516900089432 -0.36045636100725703
-0.33994580283410464 0.13326994830301117
-0.33994580283410464 -0.13326994830301117
-0.20050667339678088 0.2863124583748165
-0.20050667339678088 -0.2863124583748165
-0.2878907152234324 0.1846951852455096
-0.2878907152234324 -0.1846951852455096
0.29090317582543235 0.22250861527522728
0.29090317582543235 -0.22250861527522728
0.2040459674716005 0.2905072146783897
0.2040459674716005 -0.2905072146783897
0.07133083705546273 0.3432263680796651
0.07133083705546273 -0.3432263680796651
-0.08351551447270314 0.33828162994649075
-0.08351551447270314 -0.33828162994649075
0.31160804821475785 0.12882515720702917
0.31160804821475785 -0.12882515720702917
0.33181281419977005 0.030896451456266863
0.33181281419977005 -0.030896451456266863
-0.13376204762235516 0.30640721693542633
-0.13376204762235516 -0.30640721693542633
0.25991787128213034 0.20872777613544707
0.25991787128213034 -0.20872777613544707
-0.31033298361795614 0.12907300099579636
-0.31033298361795614 -0.12907300099579636
-0.32421828343749215 0.05971041595788786
-0.32421828343749215 -0.05971041595788786
0.30733677204187176 0.11296397276698378
0.30733677204187176 -0.11296397276698378
0.14876767758988751 0.30376054246219436
0.14876767758988751 -0.30376054246219436
0.28731800361706644 0.0
-0.21395942201087778 0.23430612932727593
-0.21395942201087778 -0.23430612932727593
-0.10253178546154416 0.29041919362155344
-0.10253178546154416 -0.29041919362155344
-0.3352422867135426 0.01744121081168912
-0.3352422867135426 -0.01744121081168912
-0.24292884332379722 0.18372781017448148
-0.24292884332379722 -0.18372781017448148
0.17118126332561623 0.24237211381384718
0.17118126332561623 -0.24237211381384718
0.1331312713427626 0.2626792537058701
0.1331312713427626 -0.2626792537058701
-0.29181567592932056 0.08899543868154171
-0.29181567592932056 -0.08899543868154171
-0.13537467858893057 0.2515302997369122
-0.13537467858893057 -0.2515302997369122
0.030152640750140604 0.29220576193894654
0.030152640750140604 -0.29220576193894654
-0.018586630276950136 0.2816854691724044
-0.018586630276950136 -0.2816854691724044
0.0628242566415581 0.28052222714847375
0.0628242566415581 -0.28052222714847375
0.26669163570924037 0.09636033271136728
0.26669163570924037 -0.09636033271136728
-0.26502658735342133 0.06716130364695884
-0.26502658735342133 -0.06716130364695884
-0.18459442641166757 0.18958733589570903
-0.18459442641166757 -0.18958733589570903
0.2442121235958813 0.12320179540334202
0.2442121235958813 -0.12320179540334202
0.25883142802195647 0.0
0.09441815656979546 0.25131597598609234
0.09441815656979546 -0.25131597598609234
0.25600047566115747 0.06663814458294987
0.25600047566115747 -0.06663814458294987
0.20226036676217146 0.16691883788992418
0.20226036676217146 -0.16691883788992418
-0.23032430657553296 0.10970962076604407
-0.23032430657553296 -0.10970962076604407
0.07803578027184613 0.25220520362885557
0.07803578027184613 -0.25220520362885557
-0.09292264286127395 0.22666545977164732
-0.09292264286127395 -0.22666545977164732
-0.1722965904648151 0.1479608206362387
-0.1722965904648151 -0.1479608206362387
-0.23489041728789953 0.0
0.2270354926338839 0.0
-0.12048262448311234 0.19849662480920774
-0.12048262448311234 -0.19849662480920774
-0.03802341814733452 0.23083702066172984
-0.03802341814733452 -0.23083702066172984
-0.22961180120835445 0.02808957904273627
-0.22961180120835445 -0.02808957904273627
0.15867687682460935 0.18937709039723843
0.15867687682460935 -0.18937709039723843
0.03735562033011387 0.23516196166476985
0.03735562033011387 -0.23516196166476985
-0.08810929811048387 0.20134393878820492
-0.08810929811048387 -0.20134393878820492
0.21461001018501236 0.10388993809917484
0.21461001018501236 -0.10388993809917484
-0.1835680207370793 0.08835844132098725
-0.1835680207370793 -0.08835844132098725
0.1535765775744816 0.16855626620168948
0.1535765775744816 -0.16855626620168948
0.09667944401721389 0.1916288477330377
0.09667944401721389 -0.1916288477330377
0.05557782146563656 0.20752741081415726
0.05557782146563656 -0.20752741081415726
0.2144610078817783 0.05729787136727384
0.2144610078817783 -0.05729787136727384
-0.19363844361365895 0.052034160477091015
-0.19363844361365895 -0.052034160477091015
0.1471232431358188 0.13724449984346862
0.1471232431358188 -0.13724449984346862
0.1980645306546746 0.020399887534401195
0.1980645306546746 -0.020399887534401195
-0.13657041202107095 0.13275461817840897
-0.13657041202107095 -0.13275461817840897
-0.06856549902685619 0.17271159012245252
-0.06856549902685619 -0.17271159012245252
0.002289481926610137 0.18733179681000312
0.002289481926610137 -0.18733179681000312
-0.17987261252146952 0.0
-0.10940362592941097 0.14730601116118497
-0.10940362592941097 -0.14730601116118497
0.10609242495272515 0.14599796937709564
0.10609242495272515 -0.14599796937709564
-0.1705794311606885 0.051511173984422995
-0.1705794311606885 -0.051511173984422995
0.008272154217605514 0.16737465942226828
0.008272154217605514 -0.16737465942226828
0.16420272188471047 0.044284244926952133
0.16420272188471047 -0.044284244926952133
-0.01205463823254753 0.1600351645259991
-0.01205463823254753 -0.1600351645259991
-0.16353518847592485 0.0
0.112756023453643 0.11588334029066581
0.112756023453643 -0.11588334029066581
0.13579742267283038 0.08933954606092503
0.13579742267283038 -0.08933954606092503
-0.1186054307687331 0.1072944805149268
-0.1186054307687331 -0.1072944805149268
0.13760209828487413 0.07721312412104121
0.13760209828487413 -0.07721312412104121
-0.05817984186508732 0.14467185767767213
-0.05817984186508732 -0.14467185767767213
-0.14448490539464806 0.0
0.1417220886148294 0.03606300706965553
0.1417220886148294 -0.03606300706965553
-0.12503778092757833 0.07444872456559576
-0.12503778092757833 -0.07444872456559576
-0.13412253381223715 0.051311242689576445
-0.13412253381223715 -0.051311242689576445
0.14637747841907042 0.0
0.11456177754584593 0.07891407398878272
0.11456177754584593 -0.07891407398878272
0.09283664845637041 0.10445920118261824
0.09283664845637041 -0.10445920118261824
-0.07923416401448174 0.1169458757315315
-0.07923416401448174 -0.1169458757315315
-0.1032029517460876 0.08485694063507838
-0.1032029517460876 -0.08485694063507838
0.04323789391038624 0.13025917973110357
0.04323789391038624 -0.13025917973110357
0.020178892088821655 0.13192965106975138
0.020178892088821655 -0.13192965106975138
0.05754229214425814 0.11752017548155637
0.05754229214425814 -0.11752017548155637
0.02535962215150491 0.12778690987185914
0.02535962215150491 -0.12778690987185914
-0.1280740809452802 0.016073434131990166
-0.1280740809452802 -0.016073434131990166
-0.05117231114124468 0.11457992994320312
-0.05117231114124468 -0.11457992994320312
-0.11935872931997263 0.0
-0.10962096976699029 0.052071698689875504
-0.10962096976699029 -0.052071698689875504
-0.06158387386954995 0.1016055029323796
-0.06158387386954995 -0.1016055029323796
-0.019710915316822224 0.12469248368734863
-0.019710915316822224 -0.12469248368734863
-0.07265411985593279 0.08720587332351326
-0.07265411985593279 -0.08720587332351326
-0.08275754543637442 0.05864075065396697
-0.08275754543637442 -0.05864075065396697
0.11962159795720055 0.03195551282237004
0.11962159795720055 -0.03195551282237004
0.07298179778606423 0.07786154289482143
0.07298179778606423 -0.07786154289482143
0.08889212249439149 0.05905725959566996
0.08889212249439149 -0.05905725959566996
0.10893126678914275 0.004923191198213103
0.10893126678914275 -0.004923191198213103
0.09230065725531171 0.04993586005188518
0.09230065725531171 -0.04993586005188518
0.013457845792834012 0.09978930018354401
0.013457845792834012 -0.09978930018354401
-0.010346617889652125 0.09632048517843372
-0.010346617889652125 -0.09632048517843372
0.10185907310340726 0.0
0.09631104558893751 0.0
0.07934932496682438 0.052038458583924356
0.07934932496682438 -0.052038458583924356
0.04755075785498462 0.07517860032417917
0.04755075785498462 -0.07517860032417917
0.0812377576114417 0.03535357501260945
0.0812377576114417 -0.03535357501260945
-0.02587202009817514 0.08983780861061372
-0.02587202009817514 -0.08983780861061372
0.07909242134396746 0.018155584626960562
0.07909242134396746 -0.018155584626960562
-0.007489385243182607 0.0865514110050151
-0.007489385243182607 -0.0865514110050151
0.04219143631007875 0.06421029457622726
0.04219143631007875 -0.06421029457622726
0.05464647617097078 0.05240987660799235
0.05464647617097078 -0.05240987660799235
-0.05229219489987997 0.07055257587282804
-0.05229219489987997 -0.07055257587282804
-0.0779554704101941 0.03576269810973565
-0.0779554704101941 -0.03576269810973565
-0.0600146529743098 0.05203533444091739
-0.0600146529743098 -0.05203533444091739
-0.022416569852553782 0.07253825271244324
-0.022416569852553782 -0.07253825271244324
-0.07948447450318948 0.0
-0.08293531812241144 0.016351170857339503
-0.08293531812241144 -0.016351170857339503
-0.04393075786537614 0.05619351944755847
-0.04393075786537614 -0.05619351944755847
0.002840289455344272 0.07989344330820361
0.002840289455344272 -0.07989344330820361
-0.07580730932868143 0.009236008115869894
-0.07580730932868143 -0.009236008115869894
0.07010385406507526 0.011344616394719682
0.07010385406507526 -0.011344616394719682
-0.06338985526228283 0.028476352681126013
-0.06338985526228283 -0.028476352681126013
0.04316458265112137 0.05683200206886066
0.04316458265112137 -0.05683200206886066
0.0036654173394304115 0.07086969385527925
0.0036654173394304115 -0.07086969385527925
0.06009500300372684 0.03192664686716505
0.06009500300372684 -0.03192664686716505
-0.029875102713142587 0.05724092921737882
-0.029875102713142587 -0.05724092921737882
0.01216635441593928 0.06526078848673193
0.01216635441593928 -0.06526078848673193
-0.059685940455896314 0.0170568261874814
-0.059685940455896314 -0.0170568261874814
-0.04301972123787618 0.03972510145963287
-0.04301972123787618 -0.03972510145963287
0.005661114033054441 0.060065225064175644
0.005661114033054441 -0.060065225064175644
0.023543535923423738 0.05492414226884579
0.023543535923423738 -0.05492414226884579
-0.048969367875890034 0.027094039734535637
-0.048969367875890034 -0.027094039734535637
-0.011564109556987947 0.053455137856959406
-0.011564109556987947 -0.053455137856959406
0.044899347403606925 0.035158536090198624
0.044899347403606925 -0.035158536090198624
0.05470592896761817 0.007547793602819993
0.05470592896761817 -0.007547793602819993
0.018778588770360274 0.044350835271821105
0.018778588770360274 -0.044350835271821105
0.04182576130615346 0.021428845086841144
0.04182576130615346 -0.021428845086841144
-0.05585071759765517 0.0
-0.02496947719929543 0.03421489499019857
-0.02496947719929543 -0.03421489499019857
-0.03932272238726069 0.008938817909801795
-0.03932272238726069 -0.008938817909801795
0.036139559227020196 0.029031830917761146
0.036139559227020196 -0.029031830917761146
0.0324332888589207 0.0
-0.014032679193657615 0.03630504493305068
-0.014032679193657615 -0.03630504493305068
-0.031056915980537537 0.016664461122996764
-0.031056915980537537 -0.016664461122996764
0.015867304323046873 0.03580942471141093
0.015867304323046873 -0.03580942471141093
-0.022128935356494912 0.02076715467365702
-0.022128935356494912 -0.02076715467365702
0.004647663140287321 0.03510091151242319
0.004647663140287321 -0.03510091151242319
0.027509707662732745 0.020226831833246674
0.027509707662732745 -0.020226831833246674
-0.005299556803358071 0.02986349340411638
-0.005299556803358071 -0.02986349340411638
-0.003930223942418708 0.025829077712336914
-0.003930223942418708 -0.025829077712336914
-0.014389718461724337 0.0
0.023891949435574246 0.0076251578786508175
0.023891949435574246 -0.0076251578786508175
0.015364236215857512 0.006799894038702911
0.015364236215857512 -0.006799894038702911
-0.005809116152419193 0.012067156147443161
-0.005809116152419193 -0.012067156147443161
-0.0020822295573192802 0.006240431007768768
-0.0020822295573192802 -0.006240431007768768
