-0.9827038959243873 1.4691895122659715
-0.9827038959243873 -1.4691895122659715
1.2792140744559393 0.0
1.065067921243044 0.4089683105440088
1.065067921243044 -0.4089683105440088
0.7179876198567636 0.8792156293753162
0.7179876198567636 -0.8792156293753162
0.9079656510482181 0.6063737696879105
0.9079656510482181 -0.6063737696879105
1.061930934728219 0.1754411916160921
1.061930934728219 -0.1754411916160921
0.6233111874360314 0.8596445873903548
0.6233111874360314 -0.8596445873903548
-0.9489559954581785 0.49816491415415143
-0.9489559954581785 -0.49816491415415143
0.7356189105534264 0.713439513358774
0.7356189105534264 -0.713439513358774
0.40469456937045784 0.9484803073410644
0.40469456937045784 -0.9484803073410644
1.0040438496604214 0.04410243871998405
1.0040438496604214 -0.04410243871998405
0.9915365501793179 0.0746717456498081
0.9915365501793179 -0.0746717456498081
0.9489042059306274 0.3211317413404605
0.9489042059306274 -0.3211317413404605
-0.41380828825612315 0.9451858618413105
-0.41380828825612315 -0.9451858618413105
0.28077809720305535 0.9768018981553384
0.28077809720305535 -0.9768018981553384
0.5680052713770691 0.8074077686150758
0.5680052713770691 -0.8074077686150758
0.8962856121232494 0.407931709533524
0.8962856121232494 -0.407931709533524
-0.2650487938894592 0.9749035041760921
-0.2650487938894592 -0.9749035041760921
0.34858408988651013 0.9181548364691127
0.34858408988651013 -0.9181548364691127
-0.9182546331168122 0.4049566296471117
-0.9182546331168122 -0.4049566296471117
0.08898486808907857 0.9846017332227956
0.08898486808907857 -0.9846017332227956
-0.8390081070548179 0.5264568827505436
-0.8390081070548179 -0.5264568827505436
-0.6829447809788136 0.7135739208701458
-0.6829447809788136 -0.7135739208701458
-0.15746716043857184 0.9708985214142176
-0.15746716043857184 -0.9708985214142176
-0.7289544584075445 0.6560692604976271
-0.7289544584075445 -0.6560692604976271
-0.5313205276886207 0.8161533889727819
-0.5313205276886207 -0.8161533889727819
-0.5605122510285613 0.7925626869196261
-0.5605122510285613 -0.7925626869196261
-0.6285428752753643 0.7447784481685645
-0.6285428752753643 -0.7447784481685645
-0.08629399044614947 0.971952579502063
-0.08629399044614947 -0.971952579502063
-0.49647739763110854 0.8289033276119799
-0.49647739763110854 -0.8289033276119799
0.0005088144577222382 0.9775898445506352
0.0005088144577222382 -0.9775898445506352
-0.44994109827604756 0.8478180273092675
-0.44994109827604756 -0.8478180273092675
-0.6173672095827216 0.7336335715834276
-0.6173672095827216 -0.7336335715834276
0.8500944963041903 0.47913976327751456
0.8500944963041903 -0.47913976327751456
-0.9837707930648859 0.1465419427098915
-0.9837707930648859 -0.1465419427098915
0.18450121786610554 0.9568311438814303
0.18450121786610554 -0.9568311438814303
-0.8494979356755146 0.4688258752225463
-0.8494979356755146 -0.4688258752225463
-0.9831958277982648 0.07310229033340677
-0.9831958277982648 -0.07310229033340677
0.8529864268109284 0.45389055462977984
0.8529864268109284 -0.45389055462977984
-0.9758185072880384 0.0
0.24289672896892622 0.938613883976913
0.24289672896892622 -0.938613883976913
0.7719079088921359 0.564497292934919
0.7719079088921359 -0.564497292934919
-0.954351525256446 0.23088620080386826
-0.954351525256446 -0.23088620080386826
0.5775171703605454 0.753517104407512
0.5775171703605454 -0.753517104407512
0.9329817380749801 0.25247639875087
0.9329817380749801 -0.25247639875087
-0.7187970586492498 0.6288489488277845
-0.7187970586492498 -0.6288489488277845
0.6818051577603482 0.6434330496689835
0.6818051577603482 -0.6434330496689835
-0.9394158586482182 0.2641265431736516
-0.9394158586482182 -0.2641265431736516
0.6601221455166112 0.6582766152121106
0.6601221455166112 -0.6582766152121106
0.7062297338792033 0.6131139764199652
0.7062297338792033 -0.6131139764199652
-0.769728492134734 0.5506281143369794
-0.769728492134734 -0.5506281143369794
-0.7404424520773469 0.5570053209190012
-0.7404424520773469 -0.5570053209190012
-0.5569860447120154 0.7453276717749029
-0.5569860447120154 -0.7453276717749029
-0.34821742497162766 0.8943189179289676
-0.34821742497162766 -0.8943189179289676
-0.119884001911851 0.9633182207292024
-0.119884001911851 -0.9633182207292024
0.7389435067371137 0.5628166612957006
0.7389435067371137 -0.5628166612957006
0.5141181081540072 0.7816664153163245
0.5141181081540072 -0.7816664153163245
0.6180692336064331 0.6849502032218304
0.6180692336064331 -0.6849502032218304
0.8863628578370308 0.3527578683548469
0.8863628578370308 -0.3527578683548469
-0.2418824339818171 0.9265937244105743
-0.2418824339818171 -0.9265937244105743
0.9313755098239207 0.2086778769226353
0.9313755098239207 -0.2086778769226353
0.9600388272047066 0.07176849865465447
0.9600388272047066 -0.07176849865465447
0.48357739057244864 0.8108325346135902
0.48357739057244864 -0.8108325346135902
0.40486747547273894 0.8522774159412894
0.40486747547273894 -0.8522774159412894
0.8562775689993898 0.3864736153871106
0.8562775689993898 -0.3864736153871106
-0.8947665862212875 0.3227696112118169
-0.8947665862212875 -0.3227696112118169
0.4174537491085606 0.8335923384070264
0.4174537491085606 -0.8335923384070264
-0.8255911397910496 0.4470259272589699
-0.8255911397910496 -0.4470259272589699
-0.9489525430174258 0.0
0.12074005843740213 0.9401901239936171
0.12074005843740213 -0.9401901239936171
-0.9131927592775726 0.25850717079537205
-0.9131927592775726 -0.25850717079537205
-0.012876024383750677 0.9535479514338626
-0.012876024383750677 -0.9535479514338626
0.7761309117320513 0.48736133041778185
0.7761309117320513 -0.48736133041778185
-0.9400062627032988 0.12114583670183586
-0.9400062627032988 -0.12114583670183586
0.7482702971391376 0.5183055597762298
0.7482702971391376 -0.5183055597762298
-0.2742117779830082 0.9013332539507419
-0.2742117779830082 -0.9013332539507419
0.05842035191152613 0.9351615477189473
0.05842035191152613 -0.9351615477189473
-0.713223486146725 0.5780137501658562
-0.713223486146725 -0.5780137501658562
-0.48494266607423264 0.7847275759231938
-0.48494266607423264 -0.7847275759231938
-0.6709874809249442 0.6153022471439158
-0.6709874809249442 -0.6153022471439158
-0.35214513030320405 0.8575283683275208
-0.35214513030320405 -0.8575283683275208
-0.41447253601802203 0.8221164651453412
-0.41447253601802203 -0.8221164651453412
0.171599858070069 0.9056371345116973
0.171599858070069 -0.9056371345116973
-0.8179204467119024 0.4165788126086219
-0.8179204467119024 -0.4165788126086219
-0.8549904630111942 0.34520787719820273
-0.8549904630111942 -0.34520787719820273
0.3126556092811826 0.8618893462287633
0.3126556092811826 -0.8618893462287633
0.9120751921878409 0.11230156857754799
0.9120751921878409 -0.11230156857754799
0.9075273927821859 0.12655329741329271
0.9075273927821859 -0.12655329741329271
0.5658629744437214 0.6906123059822552
0.5658629744437214 -0.6906123059822552
-0.01576364217674341 0.9159216051142909
-0.01576364217674341 -0.9159216051142909
0.8612131118557937 0.27177902840684187
0.8612131118557937 -0.27177902840684187
0.6884430146750158 0.5621162893665672
0.6884430146750158 -0.5621162893665672
-0.8444553357805019 0.33051965648907355
-0.8444553357805019 -0.33051965648907355
0.665072634509213 0.5735722613695443
0.665072634509213 -0.5735722613695443
-0.8895749693371936 0.1820781986222536
-0.8895749693371936 -0.1820781986222536
0.18011580012991807 0.8876383582803308
0.18011580012991807 -0.8876383582803308
-0.3137778402529072 0.8441876288846396
-0.3137778402529072 -0.8441876288846396
-0.5722323482853195 0.6695045416628694
-0.5722323482853195 -0.6695045416628694
-0.14538071873030856 0.8956578063291818
-0.14538071873030856 -0.8956578063291818
0.08995532317304406 0.8982135645012059
0.08995532317304406 -0.8982135645012059
-0.21653864720580024 0.8747180789569482
-0.21653864720580024 -0.8747180789569482
0.2515464591957145 0.8604203211597925
0.2515464591957145 -0.8604203211597925
-0.694143614355635 0.5451313505687683
-0.694143614355635 -0.5451313505687683
-0.47870709610343676 0.7434030295005618
-0.47870709610343676 -0.7434030295005618
-0.8921821613187186 0.0981361217709168
-0.8921821613187186 -0.0981361217709168
-0.738111904747976 0.4717708210386422
-0.738111904747976 -0.4717708210386422
0.8940570556112982 0.0
0.4151420445448902 0.7802911843107065
0.4151420445448902 -0.7802911843107065
0.8267774915813231 0.32853525065910927
0.8267774915813231 -0.32853525065910927
0.48095401966899803 0.7403387227180037
0.48095401966899803 -0.7403387227180037
0.7966395281684719 0.3834711423064109
0.7966395281684719 -0.3834711423064109
0.5273844743796625 0.6990621575503678
0.5273844743796625 -0.6990621575503678
0.7618914031301651 0.4387827961263672
0.7618914031301651 -0.4387827961263672
0.7307711327071869 0.4786823850991223
0.7307711327071869 -0.4786823850991223
-0.4422180533428199 0.7507004955202893
-0.4422180533428199 -0.7507004955202893
-0.3541209147401177 0.8115408104595914
-0.3541209147401177 -0.8115408104595914
0.865078779146211 0.19134566190097127
0.865078779146211 -0.19134566190097127
0.3732366703165804 0.7977323984149551
0.3732366703165804 -0.7977323984149551
-0.7621540910735738 0.42458970041776783
-0.7621540910735738 -0.42458970041776783
-0.5042706040453249 0.6978179609564291
-0.5042706040453249 -0.6978179609564291
-0.5970340517234449 0.605129197675718
-0.5970340517234449 -0.605129197675718
-0.8679465293649806 0.1541372612354145
-0.8679465293649806 -0.1541372612354145
-0.8679934886401441 0.18250302921226194
-0.8679934886401441 -0.18250302921226194
0.5867629659107425 0.6180537222499631
0.5867629659107425 -0.6180537222499631
-0.5602214015295318 0.6455505282555631
-0.5602214015295318 -0.6455505282555631
0.002177353533778443 0.8887712435434517
0.002177353533778443 -0.8887712435434517
0.27585356640365044 0.8354214551852617
0.27585356640365044 -0.8354214551852617
0.2190660604874304 0.848844555780478
0.2190660604874304 -0.848844555780478
0.5427028531316602 0.6416962845102335
0.5427028531316602 -0.6416962845102335
0.8705516056357354 0.1404137576327795
0.8705516056357354 -0.1404137576327795
0.7863143564811599 0.371548977588555
0.7863143564811599 -0.371548977588555
0.8199991039550205 0.27907131936736906
0.8199991039550205 -0.27907131936736906
0.865736849267936 0.02407823229293915
0.865736849267936 -0.02407823229293915
0.8663504777324951 0.0
0.4346720727872693 0.7409657509955491
0.4346720727872693 -0.7409657509955491
-0.04939997444051877 0.8754648969113488
-0.04939997444051877 -0.8754648969113488
-0.8756935220888948 0.011260614048638458
-0.8756935220888948 -0.011260614048638458
0.042579917513690786 0.8718705749111495
0.042579917513690786 -0.8718705749111495
-0.8027358814097846 0.3247973246734034
-0.8027358814097846 -0.3247973246734034
-0.8217891496271592 0.2747320138147647
-0.8217891496271592 -0.2747320138147647
0.3211157324691371 0.7935971118485645
0.3211157324691371 -0.7935971118485645
-0.1284285262382917 0.8596927293770426
-0.1284285262382917 -0.8596927293770426
-0.8214050785569744 0.24964565528928429
-0.8214050785569744 -0.24964565528928429
-0.7670482132638251 0.36944471994591793
-0.7670482132638251 -0.36944471994591793
-0.16133536143017813 0.8453074651488887
-0.16133536143017813 -0.8453074651488887
0.6500999737769582 0.5144566890471701
0.6500999737769582 -0.5144566890471701
-0.6225250524397036 0.553038869175564
-0.6225250524397036 -0.553038869175564
-0.565225071974863 0.609839725815837
-0.565225071974863 -0.609839725815837
-0.2820062484449585 0.7975288021905171
-0.2820062484449585 -0.7975288021905171
0.5889986917784749 0.578333831431032
0.5889986917784749 -0.578333831431032
-0.4072361279058083 0.7280744739041871
-0.4072361279058083 -0.7280744739041871
0.2402430601096228 0.8097151612258707
0.2402430601096228 -0.8097151612258707
-0.8514078226662345 0.051037697414800236
-0.8514078226662345 -0.051037697414800236
-0.1958788116255602 0.8215126630075859
-0.1958788116255602 -0.8215126630075859
-0.6645502917668069 0.4911212388147643
-0.6645502917668069 -0.4911212388147643
-0.6811047596490095 0.46772755917156444
-0.6811047596490095 -0.46772755917156444
0.8171482391759197 0.16024645132808352
0.8171482391759197 -0.16024645132808352
0.47363995289997973 0.6723201594511601
0.47363995289997973 -0.6723201594511601
-0.4422042332641696 0.6905823601747245
-0.4422042332641696 -0.6905823601747245
0.36817215263874287 0.7432143463299834
0.36817215263874287 -0.7432143463299834
0.15062967785041123 0.8218626646036884
0.15062967785041123 -0.8218626646036884
0.07589803681187947 0.8344951298705492
0.07589803681187947 -0.8344951298705492
-0.07230575705420712 0.8321589480558681
-0.07230575705420712 -0.8321589480558681
-0.8023340874737146 0.12267020200681344
-0.8023340874737146 -0.12267020200681344
0.5039979632206102 0.6390088348402236
0.5039979632206102 -0.6390088348402236
0.8233409590697092 0.047516585471261225
0.8233409590697092 -0.047516585471261225
0.6931271465972918 0.4151864560962224
0.6931271465972918 -0.4151864560962224
0.7303463624351384 0.35324943576741696
0.7303463624351384 -0.35324943576741696
-0.5169222828179999 0.6037647075307371
-0.5169222828179999 -0.6037647075307371
0.2167134056947062 0.786644400641137
0.2167134056947062 -0.786644400641137
-0.2621137999195332 0.7764687372314788
-0.2621137999195332 -0.7764687372314788
-0.30523950843221875 0.7533703295205526
-0.30523950843221875 -0.7533703295205526
-0.8242255329945419 0.02720867975575452
-0.8242255329945419 -0.02720867975575452
-0.7755107809129034 0.24507887342845125
-0.7755107809129034 -0.24507887342845125
-0.6704158716320499 0.42511160740130993
-0.6704158716320499 -0.42511160740130993
0.7899050881384877 0.20777418964106986
0.7899050881384877 -0.20777418964106986
0.7550924707021478 0.28103683371810195
0.7550924707021478 -0.28103683371810195
-0.7478740482548948 0.27981403744336847
-0.7478740482548948 -0.27981403744336847
0.037345302522495544 0.8119934299294304
0.037345302522495544 -0.8119934299294304
-0.12944707412958495 0.8077408113470115
-0.12944707412958495 -0.8077408113470115
0.5720527392194823 0.542682234005443
0.5720527392194823 -0.542682234005443
0.642383014754582 0.43964761702836697
0.642383014754582 -0.43964761702836697
-0.1738370363068582 0.7894618495657535
-0.1738370363068582 -0.7894618495657535
-0.05306395674676419 0.8017361712827212
-0.05306395674676419 -0.8017361712827212
0.4877865321925664 0.5907386943995951
0.4877865321925664 -0.5907386943995951
0.619286460443643 0.4610646133863239
0.619286460443643 -0.4610646133863239
0.30398590242932333 0.7294975019551109
0.30398590242932333 -0.7294975019551109
0.18495067736909848 0.7744749949296206
0.18495067736909848 -0.7744749949296206
-0.37137641969787377 0.6884338039311173
-0.37137641969787377 -0.6884338039311173
-0.4501272468838551 0.6168910910330677
-0.4501272468838551 -0.6168910910330677
-0.5807780214543864 0.5037616912387416
-0.5807780214543864 -0.5037616912387416
0.5485618830628156 0.5226559239660313
0.5485618830628156 -0.5226559239660313
-0.7124653270175003 0.32655434402285155
-0.7124653270175003 -0.32655434402285155
-0.796046394559013 0.08075279500906181
-0.796046394559013 -0.08075279500906181
0.7921358552566266 0.11179034937616425
0.7921358552566266 -0.11179034937616425
-0.5142433680699963 0.5471330423743813
-0.5142433680699963 -0.5471330423743813
0.754985214817641 0.23728082701966965
0.754985214817641 -0.23728082701966965
-0.7773075246152379 0.1537687797069671
-0.7773075246152379 -0.1537687797069671
-0.5294557786465119 0.5276464931481277
-0.5294557786465119 -0.5276464931481277
0.7895482822694679 0.028532493459619623
0.7895482822694679 -0.028532493459619623
0.7102932538200635 0.30049407125516303
0.7102932538200635 -0.30049407125516303
0.7244410166166377 0.2727035071779364
0.7244410166166377 -0.2727035071779364
0.6454977054438515 0.3938868901534006
0.6454977054438515 -0.3938868901534006
0.010693359090716493 0.7909700841181334
0.010693359090716493 -0.7909700841181334
0.08237994580679209 0.7779123618082922
0.08237994580679209 -0.7779123618082922
-0.3358786186500821 0.7047436382207803
-0.3358786186500821 -0.7047436382207803
0.38336031204957755 0.667756456759768
0.38336031204957755 -0.667756456759768
0.4252706631158184 0.6299973837339619
0.4252706631158184 -0.6299973837339619
-0.22645565280342955 0.7408270794001067
-0.22645565280342955 -0.7408270794001067
-0.6779740374697905 0.3664734857226169
-0.6779740374697905 -0.3664734857226169
-0.7366854141153735 0.2523358786905163
-0.7366854141153735 -0.2523358786905163
0.34090230845328656 0.677022948272915
0.34090230845328656 -0.677022948272915
-0.4131888327641673 0.6301076175366978
-0.4131888327641673 -0.6301076175366978
-0.3332992037377265 0.6824611669230148
-0.3332992037377265 -0.6824611669230148
0.390550002983786 0.6372449968371451
0.390550002983786 -0.6372449968371451
-0.7713056803075424 0.09051938317052084
-0.7713056803075424 -0.09051938317052084
-0.6826817574090002 0.3176907857132899
-0.6826817574090002 -0.3176907857132899
-0.5594870578716449 0.48412837582953994
-0.5594870578716449 -0.48412837582953994
-0.6183175925641267 0.4133653342606431
-0.6183175925641267 -0.4133653342606431
-0.7689999020505789 0.012436303216689317
-0.7689999020505789 -0.012436303216689317
-0.5802129154717882 0.4487128408903059
-0.5802129154717882 -0.4487128408903059
0.7603253389610285 0.10012643473576359
0.7603253389610285 -0.10012643473576359
-0.0349453744778144 0.7643698396635173
-0.0349453744778144 -0.7643698396635173
-0.46240871069306333 0.5573711425438126
-0.46240871069306333 -0.5573711425438126
0.7082202924522121 0.23980285742583424
0.7082202924522121 -0.23980285742583424
-0.15780688602142556 0.7412438668302292
-0.15780688602142556 -0.7412438668302292
0.16222165227914492 0.7355441974755317
0.16222165227914492 -0.7355441974755317
0.7559346470728214 0.04741296590066524
0.7559346470728214 -0.04741296590066524
0.6707621774438609 0.3154470092047797
0.6707621774438609 -0.3154470092047797
0.7241981832682819 0.1370963106018914
0.7241981832682819 -0.1370963106018914
0.2673674951112649 0.6891268491829688
0.2673674951112649 -0.6891268491829688
-0.06833507492362853 0.7461681167679461
-0.06833507492362853 -0.7461681167679461
0.09825368698787906 0.7351227070249227
0.09825368698787906 -0.7351227070249227
-0.24089072554658936 0.7063420880311619
-0.24089072554658936 -0.7063420880311619
0.006135954814641083 0.7450975198238615
0.006135954814641083 -0.7450975198238615
-0.3508922854549441 0.6420327362108345
-0.3508922854549441 -0.6420327362108345
-0.36787176757194273 0.6306785882425963
-0.36787176757194273 -0.6306785882425963
0.5988157215317462 0.38525033299310685
0.5988157215317462 -0.38525033299310685
-0.7162549335317041 0.20222424920801496
-0.7162549335317041 -0.20222424920801496
-0.7335692894791667 0.0
-0.7334190066486181 0.08082344357456515
-0.7334190066486181 -0.08082344357456515
0.5194731334073097 0.468248171716734
0.5194731334073097 -0.468248171716734
0.44827562491238326 0.5434547242971932
0.44827562491238326 -0.5434547242971932
-0.6311967451132575 0.34697300065004727
-0.6311967451132575 -0.34697300065004727
0.4343530111705699 0.5539803761022181
0.4343530111705699 -0.5539803761022181
-0.7222289146782963 0.12638010885524076
-0.7222289146782963 -0.12638010885524076
-0.6199259242311618 0.35551863765208996
-0.6199259242311618 -0.35551863765208996
-0.19142303403234617 0.7106859758614197
-0.19142303403234617 -0.7106859758614197
-0.49586223023994974 0.48518222301432984
-0.49586223023994974 -0.48518222301432984
-0.16647018998939367 0.714011856167241
-0.16647018998939367 -0.714011856167241
-0.5346007460329814 0.44652615535371903
-0.5346007460329814 -0.44652615535371903
-0.6894345590801763 0.2173723304089657
-0.6894345590801763 -0.2173723304089657
-0.3661639199936245 0.5995438850174445
-0.3661639199936245 -0.5995438850174445
0.30098085120589135 0.6502391140342124
0.30098085120589135 -0.6502391140342124
0.467207454066338 0.5170237570549552
0.467207454066338 -0.5170237570549552
0.7057565414716109 0.0
0.22043265338883322 0.6811880189377796
0.22043265338883322 -0.6811880189377796
0.47011282169670143 0.4922194046896456
0.47011282169670143 -0.4922194046896456
-0.449646337049434 0.5064879770009778
-0.449646337049434 -0.5064879770009778
0.7086740199229872 0.06694382871619536
0.7086740199229872 -0.06694382871619536
-0.6430959590316796 0.2707064507511949
-0.6430959590316796 -0.2707064507511949
-0.38452402885708015 0.5630093622747078
-0.38452402885708015 -0.5630093622747078
-0.6889703401545788 0.0
-0.6596813359347158 0.17528806459963361
-0.6596813359347158 -0.17528806459963361
-0.6691404970203463 0.10120503024041705
-0.6691404970203463 -0.10120503024041705
-0.6370396944204821 0.21980545024810885
-0.6370396944204821 -0.21980545024810885
-0.16159761309847762 0.6843268787199277
-0.16159761309847762 -0.6843268787199277
-0.20980402909772705 0.6473251779022744
-0.20980402909772705 -0.6473251779022744
-0.026327893129123436 0.6929940778686291
-0.026327893129123436 -0.6929940778686291
0.2794260245994118 0.6339128174685553
0.2794260245994118 -0.6339128174685553
0.05123934433786044 0.6937267631890235
0.05123934433786044 -0.6937267631890235
0.5395567350704809 0.3974931366140027
0.5395567350704809 -0.3974931366140027
0.5814898854458597 0.3493719955971425
0.5814898854458597 -0.3493719955971425
0.3630984521061821 0.5727206701701875
0.3630984521061821 -0.5727206701701875
0.6793637104022161 0.1629125416715247
0.6793637104022161 -0.1629125416715247
0.15133459902921495 0.6723773558796817
0.15133459902921495 -0.6723773558796817
0.08546742225287222 0.6839422517056539
0.08546742225287222 -0.6839422517056539
0.6786710079937988 0.13060491644437244
0.6786710079937988 -0.13060491644437244
0.6153805042432111 0.27820748705648574
0.6153805042432111 -0.27820748705648574
0.6722908868006061 0.0
0.39323252790544666 0.5304050871565285
0.39323252790544666 -0.5304050871565285
0.6778162962113559 0.0940560646561432
0.6778162962113559 -0.0940560646561432
0.12385536812224901 0.664488936768812
0.12385536812224901 -0.664488936768812
0.644661010501774 0.18480661108012666
0.644661010501774 -0.18480661108012666
0.622883193776445 0.23204526286507832
0.622883193776445 -0.23204526286507832
0.5937808571263044 0.28567129283980025
0.5937808571263044 -0.28567129283980025
-0.5364161989724441 0.3762160630176715
-0.5364161989724441 -0.3762160630176715
-0.06313953540820684 0.6728023328792176
-0.06313953540820684 -0.6728023328792176
0.23595637212559256 0.6166993778083193
0.23595637212559256 -0.6166993778083193
0.483165205434853 0.4210729736121821
0.483165205434853 -0.4210729736121821
-0.29049616946564116 0.5757888754235031
-0.29049616946564116 -0.5757888754235031
-0.47109821970371046 0.43055512709138843
-0.47109821970371046 -0.43055512709138843
-0.6329854724579403 0.1513315686600406
-0.6329854724579403 -0.1513315686600406
-0.5511352731614683 0.3216205693604946
-0.5511352731614683 -0.3216205693604946
-0.5966524611222419 0.24585922804607122
-0.5966524611222419 -0.24585922804607122
0.31158388645898055 0.5611422950067377
0.31158388645898055 -0.5611422950067377
0.5281037977543943 0.3551927994697377
0.5281037977543943 -0.3551927994697377
0.5141056463529908 0.3681533639054988
0.5141056463529908 -0.3681533639054988
-0.6404903135908533 0.0
-0.10849707917679535 0.6434948968974418
-0.10849707917679535 -0.6434948968974418
-0.605157218953693 0.2149375627449221
-0.605157218953693 -0.2149375627449221
-0.39365680147326465 0.47441582494782814
-0.39365680147326465 -0.47441582494782814
-0.4433138057661994 0.4361707815770477
-0.4433138057661994 -0.4361707815770477
0.41910244434290833 0.4425158752060247
0.41910244434290833 -0.4425158752060247
0.6366704744732068 0.11775186890647192
0.6366704744732068 -0.11775186890647192
-0.4678369806610821 0.4008699056415533
-0.4678369806610821 -0.4008699056415533
-0.24001604368470933 0.5850191907385602
-0.24001604368470933 -0.5850191907385602
-0.6259308728264266 0.04975935104434988
-0.6259308728264266 -0.04975935104434988
-0.33414007209177055 0.5217797586339418
-0.33414007209177055 -0.5217797586339418
0.03826439358739021 0.6449400344814719
0.03826439358739021 -0.6449400344814719
0.5439933478241635 0.2876515198744508
0.5439933478241635 -0.2876515198744508
-0.3048296009316583 0.5372413880132143
-0.3048296009316583 -0.5372413880132143
0.6203293474780212 0.08022292846418487
0.6203293474780212 -0.08022292846418487
0.1761066708444468 0.61204375351386
0.1761066708444468 -0.61204375351386
-0.480314682896704 0.36302870950754274
-0.480314682896704 -0.36302870950754274
0.5755989543897904 0.2019262541636672
0.5755989543897904 -0.2019262541636672
-0.5508437867842597 0.24605575362697085
-0.5508437867842597 -0.24605575362697085
0.23775894436868472 0.5836349139666674
0.23775894436868472 -0.5836349139666674
0.39273150984961147 0.457782051250664
0.39273150984961147 -0.457782051250664
0.3723325674253167 0.4744332659434811
0.3723325674253167 -0.4744332659434811
-0.6153298107937549 0.0
0.2955259878393991 0.5311446875891344
0.2955259878393991 -0.5311446875891344
0.13284612291025866 0.6112558722257335
0.13284612291025866 -0.6112558722257335
0.24439029832276837 0.563718023759583
0.24439029832276837 -0.563718023759583
-0.21296070503852288 0.581101609351068
-0.21296070503852288 -0.581101609351068
0.4527606811452042 0.3785388941144911
0.4527606811452042 -0.3785388941144911
-0.11666672377184634 0.6108088582483934
-0.11666672377184634 -0.6108088582483934
-0.01290265051906828 0.6210013764795211
-0.01290265051906828 -0.6210013764795211
-0.1667523266946024 0.5937595874861145
-0.1667523266946024 -0.5937595874861145
0.2561107091743372 0.5417481776081475
0.2561107091743372 -0.5417481776081475
-0.3269900887702266 0.48440395699770955
-0.3269900887702266 -0.48440395699770955
-0.4945652570165264 0.30505133881783364
-0.4945652570165264 -0.30505133881783364
0.6134720382165253 0.026758316327683804
0.6134720382165253 -0.026758316327683804
0.2980205768176121 0.48396243908567843
0.2980205768176121 -0.48396243908567843
0.010474499958634576 0.6061386619245234
0.010474499958634576 -0.6061386619245234
0.09848755079419774 0.5946197639595495
0.09848755079419774 -0.5946197639595495
-0.4182971900907205 0.36194151449335693
-0.4182971900907205 -0.36194151449335693
-0.36932231085749 0.40803000525918504
-0.36932231085749 -0.40803000525918504
-0.5751006103975272 0.12864594656007952
-0.5751006103975272 -0.12864594656007952
-0.5649903630653129 0.15403879960620384
-0.5649903630653129 -0.15403879960620384
-0.07305048691427929 0.5901110411556457
-0.07305048691427929 -0.5901110411556457
0.19179084902693094 0.5574983167466292
0.19179084902693094 -0.5574983167466292
-0.22699809449930977 0.5205228992088443
-0.22699809449930977 -0.5205228992088443
-0.5044839953286704 0.24855268342378367
-0.5044839953286704 -0.24855268342378367
-0.4570534924724744 0.3179219505088504
-0.4570534924724744 -0.3179219505088504
0.07605593566303936 0.5844922901934793
0.07605593566303936 -0.5844922901934793
-0.5570209199708422 0.038945631595339716
-0.5570209199708422 -0.038945631595339716
0.573587568958951 0.115080681458332
0.573587568958951 -0.115080681458332
0.13032940488913214 0.5546534570934586
0.13032940488913214 -0.5546534570934586
0.5092135694556681 0.23383962109294007
0.5092135694556681 -0.23383962109294007
0.4609655140611525 0.30075221267782626
0.4609655140611525 -0.30075221267782626
0.5414873897483987 0.1541829423667595
0.5414873897483987 -0.1541829423667595
0.5677762352489211 0.031031395926721387
0.5677762352489211 -0.031031395926721387
0.2908453421096081 0.4549965890367419
0.2908453421096081 -0.4549965890367419
0.5657037375418084 0.0
0.3852068161005857 0.37276316120303143
0.3852068161005857 -0.37276316120303143
-0.02114526909700353 0.5586656963627196
-0.02114526909700353 -0.5586656963627196
0.47832783826287406 0.25214273888794153
0.47832783826287406 -0.25214273888794153
-0.5266260111945098 0.14482242626504724
-0.5266260111945098 -0.14482242626504724
-0.48408898865230887 0.22908950705444364
-0.48408898865230887 -0.22908950705444364
0.13392139440613526 0.5272130181101664
0.13392139440613526 -0.5272130181101664
0.3993938880000315 0.3374628390537134
0.3993938880000315 -0.3374628390537134
0.5294807549258318 0.1353881127631557
0.5294807549258318 -0.1353881127631557
-0.3931655487498639 0.34398954001714815
-0.3931655487498639 -0.34398954001714815
0.30598384134778694 0.41885001285500423
0.30598384134778694 -0.41885001285500423
0.26689485456213347 0.4512695098640869
0.26689485456213347 -0.4512695098640869
-0.5384410708360428 0.0
-0.1947795242286017 0.497505353994275
-0.1947795242286017 -0.497505353994275
-0.1432732227252083 0.5143911987983406
-0.1432732227252083 -0.5143911987983406
-0.0981156092452844 0.5263187025667103
-0.0981156092452844 -0.5263187025667103
-0.04894882439471246 0.5378886964406853
-0.04894882439471246 -0.5378886964406853
-0.23940527316814098 0.46245955841891895
-0.23940527316814098 -0.46245955841891895
-0.35060647707909 0.3749244400698353
-0.35060647707909 -0.3749244400698353
-0.28190859673251334 0.42403244631894954
-0.28190859673251334 -0.42403244631894954
-0.47494147800928554 0.20150827348678696
-0.47494147800928554 -0.20150827348678696
-0.5360758718302439 0.031869796659696616
-0.5360758718302439 -0.031869796659696616
0.4111882717609334 0.2774819080506148
0.4111882717609334 -0.2774819080506148
0.3348914805421178 0.3558603158996902
0.3348914805421178 -0.3558603158996902
0.344286620906867 0.33018392742128944
0.344286620906867 -0.33018392742128944
0.5197671333627394 0.0
-0.4250333011717411 0.24786468390068872
-0.4250333011717411 -0.24786468390068872
-0.0032179755497753286 0.5209410238879169
-0.0032179755497753286 -0.5209410238879169
-0.28858457097684187 0.3875462878266013
-0.28858457097684187 -0.3875462878266013
0.145666839959887 0.4910656480373345
0.145666839959887 -0.4910656480373345
-0.5138231665870534 0.0590832611661582
-0.5138231665870534 -0.0590832611661582
0.5076938485632503 0.0812161834303996
0.5076938485632503 -0.0812161834303996
0.2149444823972184 0.4422567932101363
0.2149444823972184 -0.4422567932101363
0.024534657834152103 0.5108701968580455
0.024534657834152103 -0.5108701968580455
0.45425797594466777 0.2015848460338198
0.45425797594466777 -0.2015848460338198
0.46932093754708126 0.15025523253763545
0.46932093754708126 -0.15025523253763545
-0.05049519164783341 0.49821767814670376
-0.05049519164783341 -0.49821767814670376
-0.16760817018246704 0.46031613718605696
-0.16760817018246704 -0.46031613718605696
0.11828990081866028 0.4648062742958414
0.11828990081866028 -0.4648062742958414
0.46665356915757195 0.0
0.4164228685565896 0.22760830315310146
0.4164228685565896 -0.22760830315310146
-0.2063192377542402 0.43543758745102185
-0.2063192377542402 -0.43543758745102185
0.27619070721325734 0.36467223394593085
0.27619070721325734 -0.36467223394593085
-0.4301112481045479 0.22820514366058642
-0.4301112481045479 -0.22820514366058642
0.4169866629674422 0.1881611874811235
0.4169866629674422 -0.1881611874811235
-0.46034652425180766 0.15224425879935763
-0.46034652425180766 -0.15224425879935763
-0.404280125266716 0.24524642758122778
-0.404280125266716 -0.24524642758122778
-0.32475581045498525 0.33301578499796636
-0.32475581045498525 -0.33301578499796636
-0.2439026150321132 0.3832969876146185
-0.2439026150321132 -0.3832969876146185
-0.0654666707451935 0.45637175254473666
-0.0654666707451935 -0.45637175254473666
-0.341799331146941 0.2970408811190314
-0.341799331146941 -0.2970408811190314
-0.45659578370771026 0.06495195412560141
-0.45659578370771026 -0.06495195412560141
-0.46077558627460286 0.0353114673490081
-0.46077558627460286 -0.0353114673490081
-0.3275827118869705 0.29864180417420066
-0.3275827118869705 -0.29864180417420066
0.4501950517112466 0.0955135140267911
0.4501950517112466 -0.0955135140267911
0.21378231398760564 0.3968001547662855
0.21378231398760564 -0.3968001547662855
0.3484846363203689 0.26047912657840044
0.3484846363203689 -0.26047912657840044
-0.17195490137457325 0.3962580219378572
-0.17195490137457325 -0.3962580219378572
0.44281768732466964 0.08735899688360052
0.44281768732466964 -0.08735899688360052
0.04898550628714031 0.4566516513718484
0.04898550628714031 -0.4566516513718484
-0.26827689628454165 0.3249343871685911
-0.26827689628454165 -0.3249343871685911
0.015617978140179387 0.451176891759069
0.015617978140179387 -0.451176891759069
0.2517692018460358 0.330773414870644
0.2517692018460358 -0.330773414870644
0.30344090079175934 0.2748975206475506
0.30344090079175934 -0.2748975206475506
-0.4113991806244799 0.07289354991965526
-0.4113991806244799 -0.07289354991965526
-0.36855952779517404 0.18790668595788668
-0.36855952779517404 -0.18790668595788668
-0.37814075564048977 0.14956345451225098
-0.37814075564048977 -0.14956345451225098
-0.32299534296152776 0.22661998746177528
-0.32299534296152776 -0.22661998746177528
-0.23302405576623594 0.32517183357611895
-0.23302405576623594 -0.32517183357611895
0.43093601425812145 0.001515448471619921
0.43093601425812145 -0.001515448471619921
0.35380110525020564 0.20950478074235063
0.35380110525020564 -0.20950478074235063
-0.12203558713358985 0.3991637408830414
-0.12203558713358985 -0.3991637408830414
0.1979886997684441 0.3654940510549035
0.1979886997684441 -0.3654940510549035
-0.06021168964432441 0.4123329400865331
-0.06021168964432441 -0.4123329400865331
0.05941162255401357 0.40784360983955087
0.05941162255401357 -0.40784360983955087
-0.3683741493911705 0.034964438306224345
-0.3683741493911705 -0.034964438306224345
0.41521165997367754 0.0
0.3910311151227092 0.08173516872738067
0.3910311151227092 -0.08173516872738067
0.14979242051484112 0.37860942253466073
0.14979242051484112 -0.37860942253466073
-0.16932834277930253 0.3446725740777456
-0.16932834277930253 -0.3446725740777456
-0.13318932536401812 0.3636308989239846
-0.13318932536401812 -0.3636308989239846
0.19612513117073682 0.32998445220947725
0.19612513117073682 -0.32998445220947725
0.16033516365615252 0.354402159580545
0.16033516365615252 -0.354402159580545
0.3653128034957939 0.0
0.32019688205740104 0.18337910580761405
0.32019688205740104 -0.18337910580761405
-0.08344190518850894 0.3714936915317472
-0.08344190518850894 -0.3714936915317472
0.274425341512023 0.234469878837151
0.274425341512023 -0.234469878837151
0.09945562957343025 0.3578543122650739
0.09945562957343025 -0.3578543122650739
-0.016533020119227502 0.37095146120940986
-0.016533020119227502 -0.37095146120940986
0.32979997171622644 0.1394885197438108
0.32979997171622644 -0.1394885197438108
-0.33978120500582953 0.11409546722640247
-0.33978120500582953 -0.11409546722640247
-0.3640063432930373 0.0
-0.30862819655774854 0.1656056864751942
-0.30862819655774854 -0.1656056864751942
0.2970954021501514 0.18894589638396952
0.2970954021501514 -0.18894589638396952
0.03130462593861445 0.3552084383160185
0.03130462593861445 -0.3552084383160185
-0.2472871943217363 0.23750709911864576
-0.2472871943217363 -0.23750709911864576
0.3372753714805856 0.06269651642202767
0.3372753714805856 -0.06269651642202767
-0.1994898571162429 0.2620456361908041
-0.1994898571162429 -0.2620456361908041
-0.14928596770883612 0.2972755750379308
-0.14928596770883612 -0.2972755750379308
0.2000823968822713 0.2629184365378023
0.2000823968822713 -0.2629184365378023
0.23315325957284094 0.23013668421249633
0.23315325957284094 -0.23013668421249633
-0.025210514664993723 0.33026512752546705
-0.025210514664993723 -0.33026512752546705
0.12042108816007732 0.29258857862040666
0.12042108816007732 -0.29258857862040666
-0.20540629576053068 0.22632234973772958
-0.20540629576053068 -0.22632234973772958
-0.3107574131273836 0.048965786712600726
-0.3107574131273836 -0.048965786712600726
-0.23087852469096734 0.1920229706768448
-0.23087852469096734 -0.1920229706768448
0.06936764568298143 0.3005814968086897
0.06936764568298143 -0.3005814968086897
0.2236452009809267 0.18258876161238843
0.2236452009809267 -0.18258876161238843
0.2620290426683891 0.12878058272009246
0.2620290426683891 -0.12878058272009246
-0.241002100895931 0.15031012987363374
-0.241002100895931 -0.15031012987363374
0.13572271958677612 0.2493603327883485
0.13572271958677612 -0.2493603327883485
-0.27059327490385177 0.11265566373571893
-0.27059327490385177 -0.11265566373571893
0.28900381701550204 0.08738203205207984
0.28900381701550204 -0.08738203205207984
0.3082192352214029 0.022641678503615904
0.3082192352214029 -0.022641678503615904
-0.052899118637401044 0.28326488314534226
-0.052899118637401044 -0.28326488314534226
-0.10023624195797326 0.2585373240814191
-0.10023624195797326 -0.2585373240814191
-0.287618309329654 0.0
-0.2123064949872509 0.1680938000114421
-0.2123064949872509 -0.1680938000114421
0.00884554717277764 0.27463750928686725
0.00884554717277764 -0.27463750928686725
0.11695212310472033 0.23901143272747624
0.11695212310472033 -0.23901143272747624
-0.2511187440817116 0.08322147713128546
-0.2511187440817116 -0.08322147713128546
-0.27440412672585257 0.0
-0.1381349329392046 0.20903645929427514
-0.1381349329392046 -0.20903645929427514
0.268096423970883 0.0
0.15838788364033046 0.18762510868771262
0.15838788364033046 -0.18762510868771262
0.2339222876552588 0.07740893197528423
0.2339222876552588 -0.07740893197528423
0.19845821722690554 0.1144908042181544
0.19845821722690554 -0.1144908042181544
0.23808193578910442 0.04676142110010372
0.23808193578910442 -0.04676142110010372
0.13082129978520177 0.1862111121058164
0.13082129978520177 -0.1862111121058164
-0.09749030841860885 0.19132052780840733
-0.09749030841860885 -0.19132052780840733
0.047245275521442226 0.2141092964780463
0.047245275521442226 -0.2141092964780463
0.02020266801504677 0.2257599270108174
0.02020266801504677 -0.2257599270108174
-0.06687424234186458 0.1997544833309142
-0.06687424234186458 -0.1997544833309142
-0.17602454382027766 0.11997532602691328
-0.17602454382027766 -0.11997532602691328
0.015461841937729532 0.22008574922561341
0.015461841937729532 -0.22008574922561341
0.19589788836372413 0.0
-0.17978791464992966 0.059373134564323256
-0.17978791464992966 -0.059373134564323256
-0.20095691823460476 0.0
-0.17169358795142603 0.10387131076718613
-0.17169358795142603 -0.10387131076718613
0.18328205708111794 0.04297713399507752
0.18328205708111794 -0.04297713399507752
0.11820237392207289 0.13798873618160556
0.11820237392207289 -0.13798873618160556
-0.1858441207495315 0.0
0.0394959729030813 0.17209372366889583
0.0394959729030813 -0.17209372366889583
-0.12724056126625283 0.11635738939017137
-0.12724056126625283 -0.11635738939017137
-0.04377256363716772 0.16448250109345827
-0.04377256363716772 -0.16448250109345827
0.13646632844098883 0.0
0.10758156283230699 0.07220553393259303
0.10758156283230699 -0.07220553393259303
0.06531884228691365 0.11089219472746757
0.06531884228691365 -0.11089219472746757
0.00247407188598899 0.1374615091491284
0.00247407188598899 -0.1374615091491284
0.004988703161410003 0.1281570120347801
0.004988703161410003 -0.1281570120347801
-0.0752450594603121 0.11989481303757461
-0.0752450594603121 -0.11989481303757461
0.10560108021292823 0.027548422975313628
0.10560108021292823 -0.027548422975313628
-0.11772944992082435 0.016925763944616277
-0.11772944992082435 -0.016925763944616277
0.07555088756257029 0.0
-0.08148459487753482 0.04020900666396048
-0.08148459487753482 -0.04020900666396048
-0.06186421501876181 0.08179670298080041
-0.06186421501876181 -0.08179670298080041
-0.027587197890664744 0.0836276895473139
-0.027587197890664744 -0.0836276895473139
0.035412008100553664 0.03630141771804964
0.035412008100553664 -0.03630141771804964
-0.016067033709979365 0.0
-0.006595158393795197 0.0
