-0.6185059465137033 1.756424430017319
-0.6185059465137033 -1.756424430017319
0.835252375031129 1.3879789368140876
0.835252375031129 -1.3879789368140876
-1.0323887061249994 0.3278352420505912
-1.0323887061249994 -0.3278352420505912
0.9061604164963156 0.6402630817794457
0.9061604164963156 -0.6402630817794457
-1.027094341823709 0.084268147069295
-1.027094341823709 -0.084268147069295
-0.7033841254475368 0.7611829683197533
-0.7033841254475368 -0.7611829683197533
0.4322948162790914 0.9494758369782221
0.4322948162790914 -0.9494758369782221
-0.9114589735141532 0.4628228821706138
-0.9114589735141532 -0.4628228821706138
-0.602633170754826 0.8178319639264888
-0.602633170754826 -0.8178319639264888
-0.05071625206822482 1.0134996116555823
-0.05071625206822482 -1.0134996116555823
-0.9835104689764438 0.0
0.7448593105958506 0.6861958767731903
0.7448593105958506 -0.6861958767731903
-0.17589777820037666 0.9892926312738786
-0.17589777820037666 -0.9892926312738786
-0.7941062352153937 0.6162886994919791
-0.7941062352153937 -0.6162886994919791
0.4981659995037458 0.8847870650572291
0.4981659995037458 -0.8847870650572291
-0.25910633068253797 0.9551393482860296
-0.25910633068253797 -0.9551393482860296
-0.9361555763519104 0.33607380013575144
-0.9361555763519104 -0.33607380013575144
-0.43510582357339544 0.8837458323327827
-0.43510582357339544 -0.8837458323327827
-0.41051126506991475 0.8964865664936676
-0.41051126506991475 -0.8964865664936676
-0.8559068103945582 0.49408626386516413
-0.8559068103945582 -0.49408626386516413
1.0188753173679013 0.020293197347684006
1.0188753173679013 -0.020293197347684006
-0.5080524228589723 0.8273382258647235
-0.5080524228589723 -0.8273382258647235
-0.9082287548525201 0.35930570182440713
-0.9082287548525201 -0.35930570182440713
0.26994152631171 0.9625845991946159
0.26994152631171 -0.9625845991946159
-0.6685546072771584 0.7166782902689225
-0.6685546072771584 -0.7166782902689225
0.6268800306575766 0.7653023243445469
0.6268800306575766 -0.7653023243445469
0.7788509681881426 0.6175684620720076
0.7788509681881426 -0.6175684620720076
-0.9457668605224766 0.1825450485107549
-0.9457668605224766 -0.1825450485107549
0.5665143566123405 0.8122604791948254
0.5665143566123405 -0.8122604791948254
-0.9355403025960238 0.21348477231422666
-0.9355403025960238 -0.21348477231422666
0.038791819708161125 0.9804832625290232
0.038791819708161125 -0.9804832625290232
-0.6791820100177248 0.6787457699722472
-0.6791820100177248 -0.6787457699722472
-0.6926105889659098 0.6634133609190872
-0.6926105889659098 -0.6634133609190872
0.14733033764607367 0.9693490094670807
0.14733033764607367 -0.9693490094670807
-0.16610128014775255 0.9492077826294545
-0.16610128014775255 -0.9492077826294545
0.46468507538960435 0.8626064019667912
0.46468507538960435 -0.8626064019667912
-0.8012464828217567 0.526952495258209
-0.8012464828217567 -0.526952495258209
0.9854755638496997 0.07592353369722804
0.9854755638496997 -0.07592353369722804
0.9562005016915809 0.26213380284177135
0.9562005016915809 -0.26213380284177135
0.9630853672074402 0.22237261820890306
0.9630853672074402 -0.22237261820890306
0.22092085150729762 0.9471285866880601
0.22092085150729762 -0.9471285866880601
0.898277456631982 0.3945759170940888
0.898277456631982 -0.3945759170940888
0.9182620868262165 0.3376526813712592
0.9182620868262165 -0.3376526813712592
-0.711510690989301 0.62390728139138
-0.711510690989301 -0.62390728139138
0.8008135961507015 0.5407940650531763
0.8008135961507015 -0.5407940650531763
-0.6310192749625272 0.699371570127899
-0.6310192749625272 -0.699371570127899
0.5866419553689207 0.7470826054011437
0.5866419553689207 -0.7470826054011437
-0.7750927927668634 0.5382339030691009
-0.7750927927668634 -0.5382339030691009
0.8460890881427043 0.4505691865194253
0.8460890881427043 -0.4505691865194253
0.4926265805371145 0.814458506119077
0.4926265805371145 -0.814458506119077
0.8435452864397217 0.4477246618302412
0.8435452864397217 -0.4477246618302412
0.7048898033483855 0.6144776064899046
0.7048898033483855 -0.6144776064899046
0.335557033295504 0.8874167858679752
0.335557033295504 -0.8874167858679752
-0.8682370345453988 0.37197655983384675
-0.8682370345453988 -0.37197655983384675
-0.7919987104818511 0.4887469872327068
-0.7919987104818511 -0.4887469872327068
-0.532141270340925 0.7609908516074445
-0.532141270340925 -0.7609908516074445
-0.9470509134975315 0.046052828916531126
-0.9470509134975315 -0.046052828916531126
-0.4813939093296684 0.7917684855930353
-0.4813939093296684 -0.7917684855930353
0.9573210753257235 0.017613849285895513
0.9573210753257235 -0.017613849285895513
-0.9318226394859501 0.14768230518982206
-0.9318226394859501 -0.14768230518982206
-0.2803846541769751 0.896050160163598
-0.2803846541769751 -0.896050160163598
-0.2564412796278409 0.9026612620466389
-0.2564412796278409 -0.9026612620466389
0.3652809000531655 0.8659707298936299
0.3652809000531655 -0.8659707298936299
0.9501673210628523 0.07658503175962815
0.9501673210628523 -0.07658503175962815
-0.025583537168011077 0.9419116841599875
-0.025583537168011077 -0.9419116841599875
-0.925108914068796 0.06290193449086952
-0.925108914068796 -0.06290193449086952
-0.8809851293208424 0.2954591609742685
-0.8809851293208424 -0.2954591609742685
-0.66626659740272 0.6195659990627083
-0.66626659740272 -0.6195659990627083
-0.41605225307930427 0.829147046785151
-0.41605225307930427 -0.829147046785151
-0.3447509857883898 0.862069572731156
-0.3447509857883898 -0.862069572731156
-0.5690297294003505 0.7034916617269751
-0.5690297294003505 -0.7034916617269751
-0.5844178603306243 0.6765585513300119
-0.5844178603306243 -0.6765585513300119
0.9209026573693055 0.20781953532231065
0.9209026573693055 -0.20781953532231065
0.022659638456465 0.942278545102881
0.022659638456465 -0.942278545102881
0.9007252394296205 0.273659535965299
0.9007252394296205 -0.273659535965299
0.5216517569153509 0.7561823202081359
0.5216517569153509 -0.7561823202081359
0.8610723597451685 0.36674445250190535
0.8610723597451685 -0.36674445250190535
0.25429735194182135 0.8992919718972622
0.25429735194182135 -0.8992919718972622
0.7678745398567642 0.4966117152030545
0.7678745398567642 -0.4966117152030545
-0.09035006516809826 0.9247243317217039
-0.09035006516809826 -0.9247243317217039
0.5842847826321961 0.6781326907913987
0.5842847826321961 -0.6781326907913987
0.679010543447087 0.5875054280449343
0.679010543447087 -0.5875054280449343
0.1652265872893954 0.9172942488803665
0.1652265872893954 -0.9172942488803665
0.6179132485143554 0.6436156941073943
0.6179132485143554 -0.6436156941073943
-0.18076807904920308 0.9053661476836914
-0.18076807904920308 -0.9053661476836914
0.23739378584764548 0.8968949465247434
0.23739378584764548 -0.8968949465247434
0.09037764987902625 0.9241063583682677
0.09037764987902625 -0.9241063583682677
0.9084984489987413 0.17305758042472597
0.9084984489987413 -0.17305758042472597
0.4542073012600432 0.7926568361044156
0.4542073012600432 -0.7926568361044156
-0.7683849098722347 0.4792861464057818
-0.7683849098722347 -0.4792861464057818
-0.3625512381050807 0.8382843849289856
-0.3625512381050807 -0.8382843849289856
-0.7026144896196389 0.5574531883589922
-0.7026144896196389 -0.5574531883589922
0.8569196354406664 0.32823634812244606
0.8569196354406664 -0.32823634812244606
-0.021035962349609784 0.9253579079756509
-0.021035962349609784 -0.9253579079756509
0.48636177360190247 0.7606771716881938
0.48636177360190247 -0.7606771716881938
-0.8289564902067897 0.3780556864048161
-0.8289564902067897 -0.3780556864048161
0.7194265970032336 0.5363765419609844
0.7194265970032336 -0.5363765419609844
-0.8911985236050753 0.19204933355441786
-0.8911985236050753 -0.19204933355441786
0.026348543942759012 0.9230744970465079
0.026348543942759012 -0.9230744970465079
-0.6293208931031562 0.6157042591803416
-0.6293208931031562 -0.6157042591803416
-0.8050120030687078 0.40406073742387977
-0.8050120030687078 -0.40406073742387977
-0.8640247304957158 0.27278302265625903
-0.8640247304957158 -0.27278302265625903
-0.8921785308527628 0.0
-0.8996946617991526 0.11633683216869409
-0.8996946617991526 -0.11633683216869409
0.6766657631141602 0.5670628294335406
0.6766657631141602 -0.5670628294335406
0.5785202893227411 0.6624720173737783
0.5785202893227411 -0.6624720173737783
-0.4011658832993793 0.806296019452089
-0.4011658832993793 -0.806296019452089
0.7800870548218367 0.45004083985753823
0.7800870548218367 -0.45004083985753823
-0.4932273173872356 0.7325295859861012
-0.4932273173872356 -0.7325295859861012
-0.41630085478684853 0.7862152877060895
-0.41630085478684853 -0.7862152877060895
-0.8621265007572843 0.2076043098857357
-0.8621265007572843 -0.2076043098857357
-0.8837049268238142 0.05973557363689427
-0.8837049268238142 -0.05973557363689427
-0.2061636605896476 0.8697407448513718
-0.2061636605896476 -0.8697407448513718
-0.8287575978844103 0.2751239137384005
-0.8287575978844103 -0.2751239137384005
0.32615899556770334 0.8306113192610012
0.32615899556770334 -0.8306113192610012
0.9005831139750986 0.09294849954492121
0.9005831139750986 -0.09294849954492121
0.5311418422372159 0.6990900347231108
0.5311418422372159 -0.6990900347231108
0.09952435480786068 0.8762955843906611
0.09952435480786068 -0.8762955843906611
0.7194535221126297 0.5138226046108526
0.7194535221126297 -0.5138226046108526
0.17596715770417232 0.8632151970868212
0.17596715770417232 -0.8632151970868212
0.2562478862431066 0.8412330223921832
0.2562478862431066 -0.8412330223921832
0.856906326905951 0.23767906248133286
0.856906326905951 -0.23767906248133286
0.38373676983588195 0.7858975980155328
0.38373676983588195 -0.7858975980155328
0.4282702642107167 0.7609912486108734
0.4282702642107167 -0.7609912486108734
0.7957163815176782 0.36287114918507063
0.7957163815176782 -0.36287114918507063
0.8756047348130103 0.11898059514801565
0.8756047348130103 -0.11898059514801565
0.7405959930902918 0.44975939555374206
0.7405959930902918 -0.44975939555374206
0.6607155141964248 0.5411889225269301
0.6607155141964248 -0.5411889225269301
-0.7080918641820518 0.4703075978610084
-0.7080918641820518 -0.4703075978610084
-0.6005948053769088 0.5902963174969486
-0.6005948053769088 -0.5902963174969486
0.8058386943754208 0.30603604915865146
0.8058386943754208 -0.30603604915865146
0.6867422574114302 0.4990156535869972
0.6867422574114302 -0.4990156535869972
0.5628115089496444 0.625866100826498
0.5628115089496444 -0.625866100826498
0.5994752152251228 0.5891979486637832
0.5994752152251228 -0.5891979486637832
-0.6782003129574475 0.4974839024181929
-0.6782003129574475 -0.4974839024181929
-0.2855662953610411 0.8063665554162
-0.2855662953610411 -0.8063665554162
-0.09167190677498166 0.8578759844823666
-0.09167190677498166 -0.8578759844823666
-0.21860599568014427 0.8284447503501712
-0.21860599568014427 -0.8284447503501712
0.22919993181456827 0.822382951726549
0.22919993181456827 -0.822382951726549
-0.4663876849040347 0.6953231267146462
-0.4663876849040347 -0.6953231267146462
0.8594613448708899 0.06535030209739924
0.8594613448708899 -0.06535030209739924
-0.4914302620134698 0.6767471632292332
-0.4914302620134698 -0.6767471632292332
-0.6386683118519445 0.5266870480355519
-0.6386683118519445 -0.5266870480355519
-0.014283931499430927 0.8602971474443813
-0.014283931499430927 -0.8602971474443813
0.8327768823743591 0.20292741784329782
0.8327768823743591 -0.20292741784329782
-0.5361562979499772 0.6238408685428615
-0.5361562979499772 -0.6238408685428615
-0.13234744186069664 0.8432643107230385
-0.13234744186069664 -0.8432643107230385
0.047468182225511676 0.8551271982975446
0.047468182225511676 -0.8551271982975446
-0.7536608480283228 0.3781871580332156
-0.7536608480283228 -0.3781871580332156
-0.832804564190983 0.09559276449331648
-0.832804564190983 -0.09559276449331648
-0.8023326678140786 0.24216066884895684
-0.8023326678140786 -0.24216066884895684
-0.7161010116102934 0.3982790421689826
-0.7161010116102934 -0.3982790421689826
-0.19609418594263855 0.8186798544328416
-0.19609418594263855 -0.8186798544328416
-0.2515664579075321 0.7933704809745082
-0.2515664579075321 -0.7933704809745082
0.09521168581922161 0.8415968188034411
0.09521168581922161 -0.8415968188034411
0.84737184935828 0.0
-0.626291816614029 0.49857660568026224
-0.626291816614029 -0.49857660568026224
-0.2996713280923873 0.7660741872643819
-0.2996713280923873 -0.7660741872643819
0.1784443219998922 0.8175831259442772
0.1784443219998922 -0.8175831259442772
-0.3436250308636838 0.7420335612603095
-0.3436250308636838 -0.7420335612603095
0.7486220981501679 0.3843260483600438
0.7486220981501679 -0.3843260483600438
0.3337739881918248 0.7623501576336731
0.3337739881918248 -0.7623501576336731
0.4495125685697675 0.6916016717666358
0.4495125685697675 -0.6916016717666358
0.37442253054477526 0.7358146532889873
0.37442253054477526 -0.7358146532889873
0.2788895209288599 0.7777427801344897
0.2788895209288599 -0.7777427801344897
0.8348787414985299 0.04821857283801797
0.8348787414985299 -0.04821857283801797
0.7841910693471382 0.26366251827989606
0.7841910693471382 -0.26366251827989606
0.6000800852911673 0.5488650688344979
0.6000800852911673 -0.5488650688344979
0.5314016222842963 0.60497854093567
0.5314016222842963 -0.60497854093567
0.7225107088689856 0.3837824813096732
0.7225107088689856 -0.3837824813096732
0.6157579838391372 0.5148360570495033
0.6157579838391372 -0.5148360570495033
0.48368375284657245 0.6378839119458153
0.48368375284657245 -0.6378839119458153
0.34526507884901386 0.7359667925349428
0.34526507884901386 -0.7359667925349428
-0.8206602355207079 0.0
-0.8223317135839427 0.03877644307274437
-0.8223317135839427 -0.03877644307274437
0.8039448445956702 0.13728421569405014
0.8039448445956702 -0.13728421569405014
-0.7964186263903427 0.16822180999373745
-0.7964186263903427 -0.16822180999373745
0.03242948406587458 0.8180226554367297
0.03242948406587458 -0.8180226554367297
-0.7556986499083337 0.28174741927530694
-0.7556986499083337 -0.28174741927530694
-0.661247915284085 0.42571081936053856
-0.661247915284085 -0.42571081936053856
0.06554313513549512 0.8131502634901948
0.06554313513549512 -0.8131502634901948
-0.13070431813767514 0.797603304197986
-0.13070431813767514 -0.797603304197986
0.6119619217498522 0.4850638014357769
0.6119619217498522 -0.4850638014357769
-0.051773670495860145 0.8008550211809955
-0.051773670495860145 -0.8008550211809955
0.7694603510914451 0.2198570175982975
0.7694603510914451 -0.2198570175982975
-0.586318845109692 0.4855152986867362
-0.586318845109692 -0.4855152986867362
0.7426412415400241 0.2872323708811071
0.7426412415400241 -0.2872323708811071
0.5539322541015534 0.5243764196825764
0.5539322541015534 -0.5243764196825764
0.4940076345512273 0.5836492554234726
0.4940076345512273 -0.5836492554234726
0.0041956049864183345 0.7978812283752746
0.0041956049864183345 -0.7978812283752746
0.435457178204283 0.6337326085903313
0.435457178204283 -0.6337326085903313
-0.15686872232393784 0.7795737840877094
-0.15686872232393784 -0.7795737840877094
0.7005298864076286 0.35499874803770515
0.7005298864076286 -0.35499874803770515
0.6674918433130326 0.39237188735488226
0.6674918433130326 -0.39237188735488226
0.6430422446059227 0.42384287576453594
0.6430422446059227 -0.42384287576453594
-0.23015515378596774 0.7523831747005014
-0.23015515378596774 -0.7523831747005014
-0.3483705081424603 0.7091483988826073
-0.3483705081424603 -0.7091483988826073
0.7845134955796099 0.049225377428443566
0.7845134955796099 -0.049225377428443566
0.7827600742557883 0.0
0.7727128351038651 0.11736259199844384
0.7727128351038651 -0.11736259199844384
0.7156537567074837 0.3026946786635646
0.7156537567074837 -0.3026946786635646
-0.5385141576712835 0.5377245153327314
-0.5385141576712835 -0.5377245153327314
-0.7547063587355525 0.24120835284622485
-0.7547063587355525 -0.24120835284622485
-0.4304513425211418 0.6411057920744291
-0.4304513425211418 -0.6411057920744291
-0.6653978087283396 0.38942328218158767
-0.6653978087283396 -0.38942328218158767
-0.7667791002247666 0.1574628146076316
-0.7667791002247666 -0.1574628146076316
-0.7535621563726116 0.20439535245229842
-0.7535621563726116 -0.20439535245229842
-0.690981976133916 0.3408135526497633
-0.690981976133916 -0.3408135526497633
-0.39244657712523756 0.6586398458934
-0.39244657712523756 -0.6586398458934
-0.7078735569511774 0.3051142398982247
-0.7078735569511774 -0.3051142398982247
-0.4853836502206285 0.574544982588839
-0.4853836502206285 -0.574544982588839
-0.7816770617189126 0.011238195588551608
-0.7816770617189126 -0.011238195588551608
-0.3959020595973161 0.6429725657320123
-0.3959020595973161 -0.6429725657320123
-0.7755356853948825 0.04867479156949492
-0.7755356853948825 -0.04867479156949492
0.1912812330239826 0.7565235456439015
0.1912812330239826 -0.7565235456439015
0.5062826307705423 0.5450090585905387
0.5062826307705423 -0.5450090585905387
0.3093114007428319 0.7012081464867141
0.3093114007428319 -0.7012081464867141
-0.3694053498093467 0.6635389492031464
-0.3694053498093467 -0.6635389492031464
-0.5614456852464829 0.47256074497041994
-0.5614456852464829 -0.47256074497041994
0.7403395008933794 0.16262480739204774
0.7403395008933794 -0.16262480739204774
0.7554044202013961 0.06187091999848297
0.7554044202013961 -0.06187091999848297
0.7261907621762158 0.19289428694905725
0.7261907621762158 -0.19289428694905725
0.7474594918814867 0.0
0.2439748521006841 0.7208679146120017
0.2439748521006841 -0.7208679146120017
-0.0317413565299567 0.7629834834953098
-0.0317413565299567 -0.7629834834953098
0.08805144995553829 0.7595174463549906
0.08805144995553829 -0.7595174463549906
0.3908324772217685 0.6332746779995765
0.3908324772217685 -0.6332746779995765
-0.7449103951724407 0.10632784279598884
-0.7449103951724407 -0.10632784279598884
0.5738373301106663 0.44371338938622384
0.5738373301106663 -0.44371338938622384
0.13465469970262606 0.7378518825212328
0.13465469970262606 -0.7378518825212328
-0.21922036733684164 0.7111895898183619
-0.21922036733684164 -0.7111895898183619
-0.31005696437061453 0.6767297191328274
-0.31005696437061453 -0.6767297191328274
-0.7015281502934598 0.23004926914946028
-0.7015281502934598 -0.23004926914946028
-0.6164429684953204 0.3866268267685212
-0.6164429684953204 -0.3866268267685212
-0.710596686877495 0.19440982296592726
-0.710596686877495 -0.19440982296592726
-0.49130729447437127 0.533708433089324
-0.49130729447437127 -0.533708433089324
0.5344724923822572 0.4758356514087736
0.5344724923822572 -0.4758356514087736
-0.5648748390942916 0.4477068089697025
-0.5648748390942916 -0.4477068089697025
-0.42152853437014726 0.5895175535079746
-0.42152853437014726 -0.5895175535079746
0.3598544813795369 0.6221809701304436
0.3598544813795369 -0.6221809701304436
-0.2649944222935135 0.6791678065628035
-0.2649944222935135 -0.6791678065628035
0.2122302635992242 0.7005331011037516
0.2122302635992242 -0.7005331011037516
-0.6239877952699151 0.34807603865121456
-0.6239877952699151 -0.34807603865121456
0.30801517861144223 0.65388447877731
0.30801517861144223 -0.65388447877731
-0.13651568230060074 0.7140222287602619
-0.13651568230060074 -0.7140222287602619
-0.31799447812194476 0.6435564756798633
-0.31799447812194476 -0.6435564756798633
-0.6331782974588298 0.31821379708160874
-0.6331782974588298 -0.31821379708160874
0.7190792701991713 0.05831123521431554
0.7190792701991713 -0.05831123521431554
-0.06403961913665313 0.7219864353976666
-0.06403961913665313 -0.7219864353976666
-0.5800653183622957 0.38835092132737875
-0.5800653183622957 -0.38835092132737875
0.44187673697303 0.5448718398483945
0.44187673697303 -0.5448718398483945
0.5464858522626889 0.41861835345882004
0.5464858522626889 -0.41861835345882004
0.38196432765990584 0.5902298435099512
0.38196432765990584 -0.5902298435099512
0.23658146609242645 0.6770307972084824
0.23658146609242645 -0.6770307972084824
-0.7070654284903362 0.09140774609041871
-0.7070654284903362 -0.09140774609041871
-0.3922732079761747 0.5626551868207447
-0.3922732079761747 -0.5626551868207447
0.3838098122661059 0.5662946896906954
0.3838098122661059 -0.5662946896906954
0.0694304265556542 0.7097838652571722
0.0694304265556542 -0.7097838652571722
-0.6713017808262842 0.19653656957122426
-0.6713017808262842 -0.19653656957122426
0.6914440053561404 0.1358628843277069
0.6914440053561404 -0.1358628843277069
0.6794817220818374 0.1877560763719067
0.6794817220818374 -0.1877560763719067
0.6056153031423691 0.3311541646439918
0.6056153031423691 -0.3311541646439918
0.6259519221630316 0.29339415233331523
0.6259519221630316 -0.29339415233331523
0.5919167911886476 0.3547058588875569
0.5919167911886476 -0.3547058588875569
-0.07095075293092237 0.7023294392160063
-0.07095075293092237 -0.7023294392160063
-0.31117142645668994 0.6231787493807378
-0.31117142645668994 -0.6231787493807378
0.07678660746982914 0.6996361593954203
0.07678660746982914 -0.6996361593954203
-0.002299045176918738 0.7003668885678698
-0.002299045176918738 -0.7003668885678698
-0.68107872173673 0.028397247899346955
-0.68107872173673 -0.028397247899346955
0.6315632143477654 0.24380227484530498
0.6315632143477654 -0.24380227484530498
-0.36753591833734844 0.5719817875270775
-0.36753591833734844 -0.5719817875270775
-0.410954059136748 0.537417379121511
-0.410954059136748 -0.537417379121511
-0.443090397589674 0.5055379072794081
-0.443090397589674 -0.5055379072794081
-0.49102600366989335 0.4486137473987334
-0.49102600366989335 -0.4486137473987334
-0.24804613716349164 0.6363304125182845
-0.24804613716349164 -0.6363304125182845
0.42877833904605467 0.5150635285741963
0.42877833904605467 -0.5150635285741963
0.2547700188434641 0.6305375430227714
0.2547700188434641 -0.6305375430227714
0.4840348776150082 0.4569511623154709
0.4840348776150082 -0.4569511623154709
-0.11710001166587486 0.6645659889938926
-0.11710001166587486 -0.6645659889938926
0.15581046986428607 0.6583267109280131
0.15581046986428607 -0.6583267109280131
-0.18527042899400115 0.642357625959906
-0.18527042899400115 -0.642357625959906
0.08451589275049612 0.6691335551943159
0.08451589275049612 -0.6691335551943159
-0.03317796264128292 0.6639191582087495
-0.03317796264128292 -0.6639191582087495
-0.013064464519279964 0.6621626480440302
-0.013064464519279964 -0.6621626480440302
0.6658143403725858 0.018961983769103585
0.6658143403725858 -0.018961983769103585
0.6561669635199816 0.08320159165792368
0.6561669635199816 -0.08320159165792368
0.5507862187776772 0.3493634380124546
0.5507862187776772 -0.3493634380124546
0.31094261280440877 0.5798607320113058
0.31094261280440877 -0.5798607320113058
-0.656111007941367 0.10344064958167856
-0.656111007941367 -0.10344064958167856
-0.6413158244072739 0.16061006664195177
-0.6413158244072739 -0.16061006664195177
0.21378259965919527 0.6229951328065166
0.21378259965919527 -0.6229951328065166
-0.4912070101234437 0.4093004502153524
-0.4912070101234437 -0.4093004502153524
-0.5967834580263243 0.25631629481923396
-0.5967834580263243 -0.25631629481923396
-0.13135430430240955 0.63890364574314
-0.13135430430240955 -0.63890364574314
-0.25879250275019616 0.5911596785702645
-0.25879250275019616 -0.5911596785702645
0.4065212853719833 0.4891290379891106
0.4065212853719833 -0.4891290379891106
-0.5213650479950009 0.3673300044062236
-0.5213650479950009 -0.3673300044062236
0.6024094319789137 0.20860721193378765
0.6024094319789137 -0.20860721193378765
-0.34704559689632103 0.5300574204262235
-0.34704559689632103 -0.5300574204262235
0.49360970993013953 0.37873063744496505
0.49360970993013953 -0.37873063744496505
0.6249515713663151 0.1220597657181849
0.6249515713663151 -0.1220597657181849
-0.5893784347553166 0.2282062824631722
-0.5893784347553166 -0.2282062824631722
-0.6120626824427498 0.1740653474953836
-0.6120626824427498 -0.1740653474953836
0.5578112544386395 0.27077640982025863
0.5578112544386395 -0.27077640982025863
-0.6172805693840823 0.0
-0.6308785902370169 0.04959756045995404
-0.6308785902370169 -0.04959756045995404
0.5804114763067614 0.24150809214924956
0.5804114763067614 -0.24150809214924956
-0.07778314222959494 0.627939282499428
-0.07778314222959494 -0.627939282499428
-0.40361579000347153 0.4524753521097085
-0.40361579000347153 -0.4524753521097085
0.41609708233868914 0.43524972550951657
0.41609708233868914 -0.43524972550951657
0.37403399180444186 0.4686882346905486
0.37403399180444186 -0.4686882346905486
-0.42855684795017956 0.4186944664584847
-0.42855684795017956 -0.4186944664584847
0.04071485655679282 0.6287968827844311
0.04071485655679282 -0.6287968827844311
0.4872831645178222 0.34905170479993525
0.4872831645178222 -0.34905170479993525
-0.4446791278185701 0.39552131076327557
-0.4446791278185701 -0.39552131076327557
0.62422886531458 0.04020757636702192
0.62422886531458 -0.04020757636702192
-0.5509665312185976 0.274343754151309
-0.5509665312185976 -0.274343754151309
-0.1730933381237024 0.5970630385288244
-0.1730933381237024 -0.5970630385288244
0.6009370048583702 0.07205807823255139
0.6009370048583702 -0.07205807823255139
0.22592007359707628 0.5727399185695471
0.22592007359707628 -0.5727399185695471
0.17969789126776858 0.5902868307033394
0.17969789126776858 -0.5902868307033394
0.5077567908618139 0.289908346942004
0.5077567908618139 -0.289908346942004
0.06263664020221811 0.610400572011005
0.06263664020221811 -0.610400572011005
0.32056980787939915 0.5051837319154822
0.32056980787939915 -0.5051837319154822
0.13796467352966924 0.5967086399899383
0.13796467352966924 -0.5967086399899383
0.581392538349151 0.0
0.28064585423495125 0.5231667430936067
0.28064585423495125 -0.5231667430936067
0.3686081234511768 0.42940329177088
0.3686081234511768 -0.42940329177088
-0.35557771241634883 0.46859466666883676
-0.35557771241634883 -0.46859466666883676
-0.4858108158483473 0.339756209066863
-0.4858108158483473 -0.339756209066863
0.2719245654484026 0.5183709759867937
0.2719245654484026 -0.5183709759867937
-0.2407978218646966 0.5388660976078902
-0.2407978218646966 -0.5388660976078902
-0.3094302368795052 0.49045727827217706
-0.3094302368795052 -0.49045727827217706
-0.5746432735665566 0.13438836368952034
-0.5746432735665566 -0.13438836368952034
-0.4948459115285455 0.2945168819754906
-0.4948459115285455 -0.2945168819754906
-0.23321393028492032 0.5277496103202107
-0.23321393028492032 -0.5277496103202107
0.10225520395533505 0.5834110545417571
0.10225520395533505 -0.5834110545417571
-0.5870065347290534 0.05263903647491822
-0.5870065347290534 -0.05263903647491822
-0.4083279837115081 0.379542154698309
-0.4083279837115081 -0.379542154698309
-0.5164351344459484 0.22662018544486454
-0.5164351344459484 -0.22662018544486454
0.5117496893948252 0.2385862684542974
0.5117496893948252 -0.2385862684542974
-0.13480457145922442 0.5599137600642552
-0.13480457145922442 -0.5599137600642552
-0.3759461911093046 0.3966636088475204
-0.3759461911093046 -0.3966636088475204
-0.5725373018774789 0.0802429621190928
-0.5725373018774789 -0.0802429621190928
-0.17877171051642246 0.5415307210150484
-0.17877171051642246 -0.5415307210150484
-0.5386168380044816 0.16403563516719247
-0.5386168380044816 -0.16403563516719247
-0.06430060021489256 0.5633472645160873
-0.06430060021489256 -0.5633472645160873
-0.24262251188403766 0.49365339174817746
-0.24262251188403766 -0.49365339174817746
0.0068164897102258384 0.5658945608694609
0.0068164897102258384 -0.5658945608694609
-0.461606771931547 0.26543703783170536
-0.461606771931547 -0.26543703783170536
-0.4172743018864959 0.31704589426340535
-0.4172743018864959 -0.31704589426340535
-0.2962384666730926 0.4322548028869904
-0.2962384666730926 -0.4322548028869904
0.5411514346605223 0.1531099373955753
0.5411514346605223 -0.1531099373955753
0.5201525936614102 0.1956517354957803
0.5201525936614102 -0.1956517354957803
-0.31629076956764485 0.4077997861271972
-0.31629076956764485 -0.4077997861271972
-0.23878847087753757 0.4657387545585319
-0.23878847087753757 -0.4657387545585319
0.06467803237190957 0.5497479801966112
0.06467803237190957 -0.5497479801966112
-0.5255042515660252 0.07958285970824143
-0.5255042515660252 -0.07958285970824143
0.1860724199226647 0.5247119055592807
0.1860724199226647 -0.5247119055592807
0.5483823126451075 0.0856579075425088
0.5483823126451075 -0.0856579075425088
-0.5356052018988211 0.010162315718322738
-0.5356052018988211 -0.010162315718322738
0.533810718835235 0.10763515628604257
0.533810718835235 -0.10763515628604257
0.13066050615557584 0.5323488463756649
0.13066050615557584 -0.5323488463756649
0.4674477161916316 0.2650650119294047
0.4674477161916316 -0.2650650119294047
0.42443213848701067 0.3185305592103438
0.42443213848701067 -0.3185305592103438
0.26832811238119914 0.4580864123832896
0.26832811238119914 -0.4580864123832896
0.3110738123509152 0.4241063862168779
0.3110738123509152 -0.4241063862168779
0.14691907954490568 0.5130221004131276
0.14691907954490568 -0.5130221004131276
0.3797629994865106 0.35219891132472547
0.3797629994865106 -0.35219891132472547
0.3478017803298632 0.3805359296440861
0.3478017803298632 -0.3805359296440861
0.2926059126242815 0.42441785060235127
0.2926059126242815 -0.42441785060235127
0.40786179048491517 0.30267075591774967
0.40786179048491517 -0.30267075591774967
-0.11099006871712158 0.509679432816896
-0.11099006871712158 -0.509679432816896
-0.40265131094917467 0.29776266523566963
-0.40265131094917467 -0.29776266523566963
-0.46087862847598626 0.20319530413961356
-0.46087862847598626 -0.20319530413961356
0.47143550216929003 0.19754033406128674
0.47143550216929003 -0.19754033406128674
0.5277489085782131 0.022947531904429004
0.5277489085782131 -0.022947531904429004
0.30565545005228745 0.3769470803636572
0.30565545005228745 -0.3769470803636572
-0.48382922804990236 0.14443081816432812
-0.48382922804990236 -0.14443081816432812
-0.3372749480492797 0.34453987549337645
-0.3372749480492797 -0.34453987549337645
0.005592471712273623 0.5096497142451781
0.005592471712273623 -0.5096497142451781
-0.22133682177995306 0.4200170943038798
-0.22133682177995306 -0.4200170943038798
0.481800265354817 0.15450930990284154
0.481800265354817 -0.15450930990284154
-0.1315794731188027 0.485456613965143
-0.1315794731188027 -0.485456613965143
-0.3003488303190939 0.3394848125402129
-0.3003488303190939 -0.3394848125402129
0.06523715083407769 0.4956916328531932
0.06523715083407769 -0.4956916328531932
0.28552448483652404 0.35120913915115376
0.28552448483652404 -0.35120913915115376
0.5024965969916956 0.05246536405115396
0.5024965969916956 -0.05246536405115396
-0.48816572789441903 0.01706475007736012
-0.48816572789441903 -0.01706475007736012
-0.47220663984024136 0.0888323205101113
-0.47220663984024136 -0.0888323205101113
-0.47118988256210664 0.0
-0.4471660954320183 0.1475943652047825
-0.4471660954320183 -0.1475943652047825
0.14093252263770495 0.47559070777446866
0.14093252263770495 -0.47559070777446866
-0.40769020367022757 0.2150098779751292
-0.40769020367022757 -0.2150098779751292
-0.048338476974590185 0.4747759138045045
-0.048338476974590185 -0.4747759138045045
-0.15598718064298417 0.4488780438483449
-0.15598718064298417 -0.4488780438483449
0.09803606270948473 0.47168850026688297
0.09803606270948473 -0.47168850026688297
0.4766088763763716 0.11813289660914299
0.4766088763763716 -0.11813289660914299
0.2256215418281266 0.4102975161212806
0.2256215418281266 -0.4102975161212806
-0.3704020521919523 0.24824624098776865
-0.3704020521919523 -0.24824624098776865
0.16796655644372088 0.4307064914950993
0.16796655644372088 -0.4307064914950993
-0.1887683913996614 0.4096739975955158
-0.1887683913996614 -0.4096739975955158
0.09275417326212386 0.4510813516052552
0.09275417326212386 -0.4510813516052552
-0.2540722992793948 0.35413072371295856
-0.2540722992793948 -0.35413072371295856
0.3877081691320823 0.23020804028734843
0.3877081691320823 -0.23020804028734843
0.431767627003302 0.15852519274810167
0.431767627003302 -0.15852519274810167
0.3627047673559206 0.24902768810634868
0.3627047673559206 -0.24902768810634868
0.35132020920342677 0.26312365927612225
0.35132020920342677 -0.26312365927612225
-0.09421870015038455 0.4424532065029582
-0.09421870015038455 -0.4424532065029582
0.4443892103146734 0.06794040733052754
0.4443892103146734 -0.06794040733052754
0.4476937865353983 0.04384911297583202
0.4476937865353983 -0.04384911297583202
0.2939521599139969 0.3065584678068905
0.2939521599139969 -0.3065584678068905
-0.21480538234140767 0.36320310074445306
-0.21480538234140767 -0.36320310074445306
0.39141677178910567 0.18578650028540325
0.39141677178910567 -0.18578650028540325
-0.00763575683877708 0.4417642893862862
-0.00763575683877708 -0.4417642893862862
-0.44535217914306247 0.06309175483888245
-0.44535217914306247 -0.06309175483888245
-0.320653177703637 0.2663438365537736
-0.320653177703637 -0.2663438365537736
-0.3642975076265376 0.19592125081187195
-0.3642975076265376 -0.19592125081187195
0.3493975336904698 0.22254620415684304
0.3493975336904698 -0.22254620415684304
-0.25281630871902905 0.31772186075859254
-0.25281630871902905 -0.31772186075859254
-0.4186805817489313 0.11298068330520013
-0.4186805817489313 -0.11298068330520013
0.27554229652211715 0.29032018850905167
0.27554229652211715 -0.29032018850905167
0.41222758925801706 0.0775441078619821
0.41222758925801706 -0.0775441078619821
-0.14031370804798038 0.3833736815189953
-0.14031370804798038 -0.3833736815189953
-0.4173362995213208 0.04694269439454999
-0.4173362995213208 -0.04694269439454999
0.38253239474892886 0.12269689886092143
0.38253239474892886 -0.12269689886092143
0.145066244110836 0.3749770625669381
0.145066244110836 -0.3749770625669381
-0.05464310340169418 0.3935648382289807
-0.05464310340169418 -0.3935648382289807
0.026342218344011993 0.3913240177990202
0.026342218344011993 -0.3913240177990202
0.38629978801883874 0.0
0.351698103374251 0.16543694763866806
0.351698103374251 -0.16543694763866806
0.198010858464255 0.33723549348993137
0.198010858464255 -0.33723549348993137
-0.008019744995484478 0.3811079584050724
-0.008019744995484478 -0.3811079584050724
0.01685422083232775 0.38133136537081913
0.01685422083232775 -0.38133136537081913
-0.32407432620461296 0.2069195079251811
-0.32407432620461296 -0.2069195079251811
0.3472532908478849 0.13363740222825624
0.3472532908478849 -0.13363740222825624
-0.33892153206788445 0.16091125677202298
-0.33892153206788445 -0.16091125677202298
-0.22022418244862418 0.2901766399152996
-0.22022418244862418 -0.2901766399152996
0.187757952640781 0.3286330439540743
0.187757952640781 -0.3286330439540743
-0.36355192277789516 0.09981861309172546
-0.36355192277789516 -0.09981861309172546
-0.2710942714421245 0.24444346865863417
-0.2710942714421245 -0.24444346865863417
0.36032742558263653 0.06580013115554775
0.36032742558263653 -0.06580013115554775
-0.08797988484931088 0.34503364214722004
-0.08797988484931088 -0.34503364214722004
0.16870392852632543 0.3202195084743966
0.16870392852632543 -0.3202195084743966
0.12691528693614804 0.33363476256051017
0.12691528693614804 -0.33363476256051017
0.2924883605665439 0.18547197365972093
0.2924883605665439 -0.18547197365972093
-0.27608632107023817 0.21948599278542538
-0.27608632107023817 -0.21948599278542538
-0.35162232762510115 0.05763872649657073
-0.35162232762510115 -0.05763872649657073
-0.13390318410460259 0.3157596565355485
-0.13390318410460259 -0.3157596565355485
0.2039352030428246 0.25588952789864994
0.2039352030428246 -0.25588952789864994
-0.20119614518878354 0.2704874258646475
-0.20119614518878354 -0.2704874258646475
-0.2939854758216925 0.15437718844006745
-0.2939854758216925 -0.15437718844006745
0.3210135150012973 0.0
0.24368631333057528 0.2081566489804693
0.24368631333057528 -0.2081566489804693
0.06473490536087588 0.3326903070665603
0.06473490536087588 -0.3326903070665603
-0.10165929288800035 0.30091171806305317
-0.10165929288800035 -0.30091171806305317
0.11049391839815226 0.29519373551761857
0.11049391839815226 -0.29519373551761857
0.1727360575455931 0.2418466387311733
0.1727360575455931 -0.2418466387311733
0.2891628848675897 0.10465055898130465
0.2891628848675897 -0.10465055898130465
0.012567312639456256 0.3169871174593716
0.012567312639456256 -0.3169871174593716
-0.051411721335922325 0.30233591191739106
-0.051411721335922325 -0.30233591191739106
0.05873927942892762 0.2954422935072397
0.05873927942892762 -0.2954422935072397
0.2887740444083556 0.0
-0.30990088378639946 0.021456452723078053
-0.30990088378639946 -0.021456452723078053
0.2707521454675013 0.06297863345011759
0.2707521454675013 -0.06297863345011759
-0.24443428684569934 0.15753868852814412
-0.24443428684569934 -0.15753868852814412
-0.21572150891343966 0.1840884720910705
-0.21572150891343966 -0.1840884720910705
0.18260816644329855 0.19940838004216838
0.18260816644329855 -0.19940838004216838
0.22251347914220987 0.1520375846921419
0.22251347914220987 -0.1520375846921419
-0.09840754166709434 0.25929886894002224
-0.09840754166709434 -0.25929886894002224
-0.018617550365058255 0.26559100148212383
-0.018617550365058255 -0.26559100148212383
-0.22101186302346568 0.14205219278642495
-0.22101186302346568 -0.14205219278642495
-0.2635963190155936 0.0
0.0943784561975067 0.23867695810680498
0.0943784561975067 -0.23867695810680498
-0.23821576496646313 0.09960811584439964
-0.23821576496646313 -0.09960811584439964
-0.16322194626553127 0.1981351019288681
-0.16322194626553127 -0.1981351019288681
0.2239732302323331 0.10773048466138509
0.2239732302323331 -0.10773048466138509
-0.23360075174697154 0.037676162665419996
-0.23360075174697154 -0.037676162665419996
0.22581349558515112 0.029640311942275437
0.22581349558515112 -0.029640311942275437
0.1786165391546261 0.12980509460617354
0.1786165391546261 -0.12980509460617354
-0.22178810625598305 0.0628374029618034
-0.22178810625598305 -0.0628374029618034
-0.17956387790521933 0.0
0.1008146174887358 0.19237235011213336
0.1008146174887358 -0.19237235011213336
-0.14400011404542878 0.1601144480700168
-0.14400011404542878 -0.1601144480700168
-0.014037903286176706 0.214952672839255
-0.014037903286176706 -0.214952672839255
0.12950111301536021 0.16066403327123752
0.12950111301536021 -0.16066403327123752
-0.08332444537493647 0.18696254225480735
-0.08332444537493647 -0.18696254225480735
-0.11280380462921413 0.1709321229877625
-0.11280380462921413 -0.1709321229877625
-0.04276244755306029 0.19886130970768343
-0.04276244755306029 -0.19886130970768343
0.12102453618360526 0.14806473538964574
0.12102453618360526 -0.14806473538964574
0.18535450045829516 0.03801058944394359
0.18535450045829516 -0.03801058944394359
0.1864887509052822 0.0
0.026888373307836513 0.17015454335256777
0.026888373307836513 -0.17015454335256777
-0.14074483851733055 0.056437744992059384
-0.14074483851733055 -0.056437744992059384
-0.14195522939183663 0.0
0.1446928492545203 0.0405798836337809
0.1446928492545203 -0.0405798836337809
-0.09051219551612369 0.13805114044769892
-0.09051219551612369 -0.13805114044769892
0.13275563268648682 0.0
-0.02044931552523823 0.1473018180466474
-0.02044931552523823 -0.1473018180466474
-0.04633969598105923 0.12278020063768694
-0.04633969598105923 -0.12278020063768694
0.03432724797709826 0.11529010974904115
0.03432724797709826 -0.11529010974904115
-0.08274973618800559 0.09223462622242026
-0.08274973618800559 -0.09223462622242026
0.07117707135474628 0.0
0.04386335812975693 0.08724618816205441
0.04386335812975693 -0.08724618816205441
-0.04285516668287816 0.06879616878898673
-0.04285516668287816 -0.06879616878898673
0.08700243717986844 0.03780299222683319
0.08700243717986844 -0.03780299222683319
0.046030004424591875 0.045798199514301
0.046030004424591875 -0.045798199514301
-0.05687158535937563 0.027445717282730275
-0.05687158535937563 -0.027445717282730275
-0.015030729517393496 0.028816050408671075
-0.015030729517393496 -0.028816050408671075
