-0.21077027968439532 1.2257186813518661
-0.21077027968439532 -1.2257186813518661
0.3394673814469393 1.1878239738425815
0.3394673814469393 -1.1878239738425815
-0.8015967230505121 0.8604996936337849
-0.8015967230505121 -0.8604996936337849
-0.6787265875942556 0.8915562243265581
-0.6787265875942556 -0.8915562243265581
0.7003551686744882 0.8786154546735261
0.7003551686744882 -0.8786154546735261
-1.1120102856621439 0.0
-0.4128963589326445 0.9509206519082775
-0.4128963589326445 -0.9509206519082775
1.0121529098061353 0.2784429272835675
1.0121529098061353 -0.2784429272835675
1.0515508477887607 0.0
1.0307465203551225 0.11952674997836
1.0307465203551225 -0.11952674997836
-0.7220073011035084 0.7001641359989942
-0.7220073011035084 -0.7001641359989942
-0.4673283812759972 0.8838371771923749
-0.4673283812759972 -0.8838371771923749
1.035091955029572 0.0
-1.0146163358305706 0.0
-0.5512890047199127 0.8102957689676541
-0.5512890047199127 -0.8102957689676541
-0.7738963010814048 0.607245853191921
-0.7738963010814048 -0.607245853191921
-0.966185452517049 0.19595050507313286
-0.966185452517049 -0.19595050507313286
-0.9154413455075632 0.3782007468459125
-0.9154413455075632 -0.3782007468459125
-0.9403033210589355 0.2892134140209149
-0.9403033210589355 -0.2892134140209149
-0.7152244395594969 0.6618816668889024
-0.7152244395594969 -0.6618816668889024
-0.286166200364134 0.9486406395685477
-0.286166200364134 -0.9486406395685477
-0.3452052467833737 0.9126531910469203
-0.3452052467833737 -0.9126531910469203
-0.5899354477863812 0.7431088428526134
-0.5899354477863812 -0.7431088428526134
-0.8589231542176177 0.46191735063447537
-0.8589231542176177 -0.46191735063447537
-0.053688000477961836 0.9895389514672567
-0.053688000477961836 -0.9895389514672567
-0.24075971589266454 0.9451546576839371
-0.24075971589266454 -0.9451546576839371
-0.8059223491449299 0.5198596922628361
-0.8059223491449299 -0.5198596922628361
0.1988787936975106 0.9757791972316917
0.1988787936975106 -0.9757791972316917
0.05470084167206647 0.9831671162074495
0.05470084167206647 -0.9831671162074495
0.37125005997185223 0.9251350468047462
0.37125005997185223 -0.9251350468047462
-0.7806068004735236 0.5417716946469033
-0.7806068004735236 -0.5417716946469033
-0.17043037508785558 0.9538267819631879
-0.17043037508785558 -0.9538267819631879
0.27261954128794996 0.9518832231262284
0.27261954128794996 -0.9518832231262284
0.7333062752945572 0.6729726308381141
0.7333062752945572 -0.6729726308381141
0.8764451184321786 0.4934157417940444
0.8764451184321786 -0.4934157417940444
0.529983882080239 0.8296365558458352
0.529983882080239 -0.8296365558458352
0.6530445409646324 0.7390762740449905
0.6530445409646324 -0.7390762740449905
0.8080860576242898 0.5750193431669081
0.8080860576242898 -0.5750193431669081
0.9743976525982402 0.0690339489720839
0.9743976525982402 -0.0690339489720839
0.4327059554642718 0.8611772568537523
0.4327059554642718 -0.8611772568537523
0.9065927788274559 0.36664947104576495
0.9065927788274559 -0.36664947104576495
0.9531677110399637 0.22591069776256226
0.9531677110399637 -0.22591069776256226
0.8222318155150131 0.5281101911606005
0.8222318155150131 -0.5281101911606005
0.5441650457011733 0.7993206577190655
0.5441650457011733 -0.7993206577190655
0.5924823732094597 0.759506466494312
0.5924823732094597 -0.759506466494312
0.9453432890601132 0.20207650085222545
0.9453432890601132 -0.20207650085222545
-0.8669817520880347 0.4252536381155706
-0.8669817520880347 -0.4252536381155706
0.8577635512160477 0.4219683424938361
0.8577635512160477 -0.4219683424938361
0.5215323320862038 0.7929614666259103
0.5215323320862038 -0.7929614666259103
0.7434439310547504 0.5864494559511997
0.7434439310547504 -0.5864494559511997
0.6183460531716913 0.7048570507634417
0.6183460531716913 -0.7048570507634417
0.9512374681428736 0.1012577976793893
0.9512374681428736 -0.1012577976793893
0.5583736999483453 0.751156249555278
0.5583736999483453 -0.751156249555278
0.662426887894694 0.6505092721512175
0.662426887894694 -0.6505092721512175
0.09924074055881466 0.9544812678671697
0.09924074055881466 -0.9544812678671697
-0.3936193733754605 0.8716476133944057
-0.3936193733754605 -0.8716476133944057
-0.5155469540496638 0.7875565039973519
-0.5155469540496638 -0.7875565039973519
-0.5914140966105532 0.7248541725690576
-0.5914140966105532 -0.7248541725690576
-0.7012823756484818 0.6240861149612584
-0.7012823756484818 -0.6240861149612584
-0.7336921968968282 0.5751880488732052
-0.7336921968968282 -0.5751880488732052
-0.6174821761788564 0.6910009082895002
-0.6174821761788564 -0.6910009082895002
-0.966648381155239 0.03530045473691859
-0.966648381155239 -0.03530045473691859
-0.8764723836968297 0.38441062529991127
-0.8764723836968297 -0.38441062529991127
-0.9439078647469122 0.16766907167758593
-0.9439078647469122 -0.16766907167758593
-0.774618605783042 0.5188749945809774
-0.774618605783042 -0.5188749945809774
-0.8365253461525677 0.4096683398582736
-0.8365253461525677 -0.4096683398582736
-0.6225209224775912 0.6697574277832385
-0.6225209224775912 -0.6697574277832385
-0.15659168345154068 0.9336501150671169
-0.15659168345154068 -0.9336501150671169
0.3891441662144629 0.8565139564878821
0.3891441662144629 -0.8565139564878821
-0.09835929532483792 0.9381341456820222
-0.09835929532483792 -0.9381341456820222
0.04185965023897689 0.9488943381199691
0.04185965023897689 -0.9488943381199691
0.6880356360428739 0.6117564620800977
0.6880356360428739 -0.6117564620800977
-0.2575144412550058 0.8940972038045375
-0.2575144412550058 -0.8940972038045375
0.754556386284069 0.5262944675372963
0.754556386284069 -0.5262944675372963
0.7171781858451297 0.5748365345116667
0.7171781858451297 -0.5748365345116667
0.8352990333688151 0.39154705894063485
0.8352990333688151 -0.39154705894063485
0.8129312763614005 0.4252571593154256
0.8129312763614005 -0.4252571593154256
0.584917596579184 0.6978891011033431
0.584917596579184 -0.6978891011033431
0.16740396228995313 0.9219570876404823
0.16740396228995313 -0.9219570876404823
0.1390229180018413 0.9253568756547774
0.1390229180018413 -0.9253568756547774
0.2251652533637173 0.901289712519636
0.2251652533637173 -0.901289712519636
-0.03730024191565656 0.9333668903134691
-0.03730024191565656 -0.9333668903134691
-0.4509750877668055 0.7882725098763893
-0.4509750877668055 -0.7882725098763893
0.2821176198414482 0.8740224584345051
0.2821176198414482 -0.8740224584345051
0.41379741793884883 0.8012446128372459
0.41379741793884883 -0.8012446128372459
0.7078396315272899 0.552430757230758
0.7078396315272899 -0.552430757230758
0.9036671434086456 0.1544581403211654
0.9036671434086456 -0.1544581403211654
0.8397216428950518 0.34852772934420173
0.8397216428950518 -0.34852772934420173
-0.42048544670289645 0.8024474741692955
-0.42048544670289645 -0.8024474741692955
0.2356179670609302 0.8851063650931127
0.2356179670609302 -0.8851063650931127
-0.6429400638651068 0.6259692507420609
-0.6429400638651068 -0.6259692507420609
-0.3819121816140696 0.816924254418385
-0.3819121816140696 -0.816924254418385
-0.9249690180531779 0.0
-0.8805819263804722 0.25253965160687714
-0.8805819263804722 -0.25253965160687714
-0.910952581696485 0.10915302495465518
-0.910952581696485 -0.10915302495465518
-0.92601783505739 0.039482753544306026
-0.92601783505739 -0.039482753544306026
0.8530248711713639 0.3074243515172826
0.8530248711713639 -0.3074243515172826
0.9065158632469357 0.06987317327924755
0.9065158632469357 -0.06987317327924755
0.8856365925609974 0.1913335698549527
0.8856365925609974 -0.1913335698549527
0.45215218929978807 0.7577412427789934
0.45215218929978807 -0.7577412427789934
-0.4885114778014791 0.7423463364060526
-0.4885114778014791 -0.7423463364060526
0.90594353099363 0.013005178890652365
0.90594353099363 -0.013005178890652365
-0.788019115941486 0.42953747510484913
-0.788019115941486 -0.42953747510484913
-0.16109551907207975 0.8737641987238671
-0.16109551907207975 -0.8737641987238671
0.3581151558691443 0.8077713791937999
0.3581151558691443 -0.8077713791937999
-0.3061860683518187 0.8351530700858293
-0.3061860683518187 -0.8351530700858293
-0.2507538993810282 0.8564957253895153
-0.2507538993810282 -0.8564957253895153
0.8648132153576331 0.22962910653937435
0.8648132153576331 -0.22962910653937435
0.7189062668737787 0.4926545789491797
0.7189062668737787 -0.4926545789491797
-0.8726513621437255 0.2110933495045286
-0.8726513621437255 -0.2110933495045286
-0.8815902496591745 0.16880598605626018
-0.8815902496591745 -0.16880598605626018
0.38536924627811486 0.7833459421194384
0.38536924627811486 -0.7833459421194384
0.6106915357290394 0.6064293935809493
0.6106915357290394 -0.6064293935809493
0.40727186809974447 0.7648360180208915
0.40727186809974447 -0.7648360180208915
0.4778198434907834 0.7166557021858871
0.4778198434907834 -0.7166557021858871
0.768115864487254 0.4118620488291237
0.768115864487254 -0.4118620488291237
-0.011681823195622665 0.88724326936284
-0.011681823195622665 -0.88724326936284
-0.20887646413804045 0.8572018648626158
-0.20887646413804045 -0.8572018648626158
-0.3506548201369376 0.8036067497277741
-0.3506548201369376 -0.8036067497277741
0.8688891650784497 0.0
-0.8419232175678086 0.2863742320194294
-0.8419232175678086 -0.2863742320194294
-0.7865482161666859 0.39378477616397184
-0.7865482161666859 -0.39378477616397184
-0.6608972893919458 0.549981552290801
-0.6608972893919458 -0.549981552290801
0.6466266031561471 0.5516731051495887
0.6466266031561471 -0.5516731051495887
-0.8934979000966582 0.09329539713748751
-0.8934979000966582 -0.09329539713748751
0.5450650164253485 0.6470821236655361
0.5450650164253485 -0.6470821236655361
-0.6711183347837764 0.5241026286712984
-0.6711183347837764 -0.5241026286712984
0.3048800657387739 0.8177055496465891
0.3048800657387739 -0.8177055496465891
0.5012450522407412 0.6807023792643395
0.5012450522407412 -0.6807023792643395
-0.4539518885264583 0.7220875897699449
-0.4539518885264583 -0.7220875897699449
0.4873731465130403 0.6886641122702094
0.4873731465130403 -0.6886641122702094
0.03855306449868236 0.8756084126700766
0.03855306449868236 -0.8756084126700766
-0.6187042184979488 0.5627746107352953
-0.6187042184979488 -0.5627746107352953
0.8094889939086283 0.3155779451033628
0.8094889939086283 -0.3155779451033628
-0.5841193743088386 0.5907618810610231
-0.5841193743088386 -0.5907618810610231
0.19306738694419875 0.8453111984244702
0.19306738694419875 -0.8453111984244702
-0.14452624918550033 0.8571007169244732
-0.14452624918550033 -0.8571007169244732
0.785795478638028 0.35326970892348675
0.785795478638028 -0.35326970892348675
-0.8324992110208105 0.26289472005729
-0.8324992110208105 -0.26289472005729
-0.7447237440740984 0.4265484394686447
-0.7447237440740984 -0.4265484394686447
-0.04298502548514057 0.8596391665741854
-0.04298502548514057 -0.8596391665741854
0.7107700157695775 0.4517765150698008
0.7107700157695775 -0.4517765150698008
0.041725232112933525 0.8609432202138554
0.041725232112933525 -0.8609432202138554
0.7438627172687987 0.3922316152589625
0.7438627172687987 -0.3922316152589625
-0.7573654546084416 0.3918262207444735
-0.7573654546084416 -0.3918262207444735
0.26755841761914634 0.8070615643612399
0.26755841761914634 -0.8070615643612399
0.8542789831744498 0.008494525100056981
0.8542789831744498 -0.008494525100056981
-0.5025040681981514 0.6646555866646028
-0.5025040681981514 -0.6646555866646028
-0.8553858385372025 0.13343204200513148
-0.8553858385372025 -0.13343204200513148
0.6455261264282082 0.5087344202146045
0.6455261264282082 -0.5087344202146045
0.4445291825801564 0.6879474138767214
0.4445291825801564 -0.6879474138767214
-0.5351160950881799 0.6208602668737911
-0.5351160950881799 -0.6208602668737911
0.6057627198927242 0.547744315095975
0.6057627198927242 -0.547744315095975
-0.39438382578247244 0.7257259958436493
-0.39438382578247244 -0.7257259958436493
-0.47137184421078737 0.6775810364834679
-0.47137184421078737 -0.6775810364834679
0.3114606739523519 0.7781705787122272
0.3114606739523519 -0.7781705787122272
-0.8456907829564339 0.10176155470490128
-0.8456907829564339 -0.10176155470490128
0.8054128467812063 0.2509523302187264
0.8054128467812063 -0.2509523302187264
0.8350373606966369 0.14947280639831004
0.8350373606966369 -0.14947280639831004
-0.0040686602791292275 0.8514920865971933
-0.0040686602791292275 -0.8514920865971933
-0.6107635622938928 0.5313502360025402
-0.6107635622938928 -0.5313502360025402
-0.49656775658642804 0.6321526850994659
-0.49656775658642804 -0.6321526850994659
0.543677455900313 0.5848439215468303
0.543677455900313 -0.5848439215468303
-0.17906526821216912 0.8261842305216102
-0.17906526821216912 -0.8261842305216102
-0.7705506736283756 0.3224171116417496
-0.7705506736283756 -0.3224171116417496
0.2070766842704423 0.8120834689435309
0.2070766842704423 -0.8120834689435309
0.095247623877557 0.8360454404434088
0.095247623877557 -0.8360454404434088
-0.5368932018032939 0.5773906632096539
-0.5368932018032939 -0.5773906632096539
-0.7803800922045412 0.27684503009104383
-0.7803800922045412 -0.27684503009104383
-0.0977219693017166 0.8276129961915533
-0.0977219693017166 -0.8276129961915533
0.820720592619968 0.13689107683909382
0.820720592619968 -0.13689107683909382
0.47214788637958366 0.624524872773028
0.47214788637958366 -0.624524872773028
0.5556410113410497 0.544927120062685
0.5556410113410497 -0.544927120062685
0.7855429727781285 0.21277250873369746
0.7855429727781285 -0.21277250873369746
0.7632047858316053 0.2739103923001755
0.7632047858316053 -0.2739103923001755
-0.4322886009893091 0.6797346345869805
-0.4322886009893091 -0.6797346345869805
0.13873462643035367 0.7981106623252612
0.13873462643035367 -0.7981106623252612
-0.4109232724897329 0.6918389502538443
-0.4109232724897329 -0.6918389502538443
-0.6999978416022953 0.4108768288707691
-0.6999978416022953 -0.4108768288707691
0.8048846731127974 0.08219643916745727
0.8048846731127974 -0.08219643916745727
-0.3492705692851963 0.717086996731941
-0.3492705692851963 -0.717086996731941
-0.8250123932430419 0.12193645170220868
-0.8250123932430419 -0.12193645170220868
-0.22997919880145695 0.7669814297131792
-0.22997919880145695 -0.7669814297131792
-0.8323860186378811 0.029968027219307164
-0.8323860186378811 -0.029968027219307164
0.7436573761137794 0.28384776163338127
0.7436573761137794 -0.28384776163338127
-0.7989472245466629 0.176125625550428
-0.7989472245466629 -0.176125625550428
-0.6197133513390702 0.4794958546471185
-0.6197133513390702 -0.4794958546471185
-0.6407596993027658 0.4458942554697128
-0.6407596993027658 -0.4458942554697128
-0.7685586375395528 0.23864026372316102
-0.7685586375395528 -0.23864026372316102
-0.8136893280215605 0.06361284432013331
-0.8136893280215605 -0.06361284432013331
-0.7279321512693533 0.3011436013802236
-0.7279321512693533 -0.3011436013802236
0.6400114107787445 0.4404738339663175
0.6400114107787445 -0.4404738339663175
-0.25529362886205126 0.7526504293852617
-0.25529362886205126 -0.7526504293852617
-0.6576104870401841 0.40717171530150537
-0.6576104870401841 -0.40717171530150537
-0.5515947322452913 0.5239398206393107
-0.5515947322452913 -0.5239398206393107
0.6997866639793651 0.3434122745651185
0.6997866639793651 -0.3434122745651185
0.7812154172931496 0.0
0.22387690717642678 0.7544585701722798
0.22387690717642678 -0.7544585701722798
0.5650264630645507 0.5092804818802
0.5650264630645507 -0.5092804818802
-0.05272406773346776 0.797944124164512
-0.05272406773346776 -0.797944124164512
-0.008604955257398135 0.7901317224842173
-0.008604955257398135 -0.7901317224842173
0.4252242091361779 0.6206085568703938
0.4252242091361779 -0.6206085568703938
-0.6631514486860428 0.37934614567412056
-0.6631514486860428 -0.37934614567412056
-0.5291374727130426 0.532276753766169
-0.5291374727130426 -0.532276753766169
0.7655028047240157 0.11152874005126816
0.7655028047240157 -0.11152874005126816
0.7405311909330384 0.23139507636881373
0.7405311909330384 -0.23139507636881373
-0.09193922396274738 0.7785867063133012
-0.09193922396274738 -0.7785867063133012
0.5983231040820889 0.43790327084564157
0.5983231040820889 -0.43790327084564157
0.032320385922465375 0.7815604651442869
0.032320385922465375 -0.7815604651442869
0.08312317343298233 0.7787370195255386
0.08312317343298233 -0.7787370195255386
0.2708698708024442 0.7234636404555097
0.2708698708024442 -0.7234636404555097
0.3440932632753118 0.6726397405942682
0.3440932632753118 -0.6726397405942682
0.14517470565928625 0.7662668988791
0.14517470565928625 -0.7662668988791
0.3856211911401382 0.637589305257702
0.3856211911401382 -0.637589305257702
-0.3823841242501932 0.6408991741383546
-0.3823841242501932 -0.6408991741383546
-0.7602406877267675 0.18556719850994152
-0.7602406877267675 -0.18556719850994152
0.5096889526127736 0.5334367979982081
0.5096889526127736 -0.5334367979982081
-0.2885633627388453 0.7073354372699253
-0.2885633627388453 -0.7073354372699253
-0.5792411729773491 0.4509211876812345
-0.5792411729773491 -0.4509211876812345
-0.7802513880997031 0.024700133668166466
-0.7802513880997031 -0.024700133668166466
0.46109411009597456 0.5549512519949945
0.46109411009597456 -0.5549512519949945
0.7623587126165737 0.013191656527467413
0.7623587126165737 -0.013191656527467413
0.7528783944783016 0.10494890442499556
0.7528783944783016 -0.10494890442499556
0.19759703400710088 0.736329737192069
0.19759703400710088 -0.736329737192069
0.6525959307231142 0.35231647797268406
0.6525959307231142 -0.35231647797268406
0.7372196772892685 0.15740756217633417
0.7372196772892685 -0.15740756217633417
-0.184371782967096 0.7433462382601544
-0.184371782967096 -0.7433462382601544
0.6304247246998482 0.3725508895411929
0.6304247246998482 -0.3725508895411929
-0.7615228390242543 0.12116374981986641
-0.7615228390242543 -0.12116374981986641
0.34058753555634425 0.6510234360783496
0.34058753555634425 -0.6510234360783496
-0.31600220356019243 0.680640116813748
-0.31600220356019243 -0.680640116813748
0.5279577280825973 0.48464884364905786
0.5279577280825973 -0.48464884364905786
-0.659621447641267 0.33120024329866155
-0.659621447641267 -0.33120024329866155
-0.4009993112324055 0.6071277263927144
-0.4009993112324055 -0.6071277263927144
-0.6203781235794198 0.3779012758086463
-0.6203781235794198 -0.3779012758086463
-0.7446168153918941 0.10632138151137241
-0.7446168153918941 -0.10632138151137241
-0.09475484325869124 0.7434044420372564
-0.09475484325869124 -0.7434044420372564
-0.539491159126927 0.4655779646933192
-0.539491159126927 -0.4655779646933192
-0.2576678997440758 0.6948972909271733
-0.2576678997440758 -0.6948972909271733
-0.050667498318085626 0.7445157922354771
-0.050667498318085626 -0.7445157922354771
0.12037528545325746 0.7338072976298436
0.12037528545325746 -0.7338072976298436
-0.46105046483380197 0.5302072166224642
-0.46105046483380197 -0.5302072166224642
0.5568056762534428 0.4295478591094802
0.5568056762534428 -0.4295478591094802
0.31327772886730365 0.6558707998925871
0.31327772886730365 -0.6558707998925871
-0.14815502400802827 0.7211442037641507
-0.14815502400802827 -0.7211442037641507
-0.6630148392539654 0.29995782632580503
-0.6630148392539654 -0.29995782632580503
-0.7406962662269679 0.05972630476517461
-0.7406962662269679 -0.05972630476517461
0.7010411928666691 0.21770743155825678
0.7010411928666691 -0.21770743155825678
0.25004522878291024 0.687440072760066
0.25004522878291024 -0.687440072760066
-0.6914282772404328 0.22828037085863678
-0.6914282772404328 -0.22828037085863678
0.6574494184820989 0.30615237157101305
0.6574494184820989 -0.30615237157101305
0.6322226570081286 0.33971299228357704
0.6322226570081286 -0.33971299228357704
0.1844699526709444 0.7063122276163843
0.1844699526709444 -0.7063122276163843
0.06616141464327974 0.731357647213743
0.06616141464327974 -0.731357647213743
0.4010878718088394 0.5827370482739034
0.4010878718088394 -0.5827370482739034
0.6969557229383421 0.19831411581049216
0.6969557229383421 -0.19831411581049216
-0.4251502467436967 0.5505911385431818
-0.4251502467436967 -0.5505911385431818
-0.32256309655885784 0.6246096026045987
-0.32256309655885784 -0.6246096026045987
-0.6736759639712749 0.23694642565858193
-0.6736759639712749 -0.23694642565858193
0.6580203625190431 0.25126671932805694
0.6580203625190431 -0.25126671932805694
-0.7092137369105505 0.13178248706278411
-0.7092137369105505 -0.13178248706278411
0.09864304029708064 0.70182835397558
0.09864304029708064 -0.70182835397558
-0.609263852639427 0.32500254090141506
-0.609263852639427 -0.32500254090141506
0.7005841119946234 0.030337379865375984
0.7005841119946234 -0.030337379865375984
-0.7118852717589045 0.0
-0.028563250460050947 0.701317885627105
-0.028563250460050947 -0.701317885627105
-0.6886977248853634 0.153570756589056
-0.6886977248853634 -0.153570756589056
0.2581780292089162 0.6445901225204606
0.2581780292089162 -0.6445901225204606
-0.695427903756057 0.0
-0.17293807381700896 0.6703303883054603
-0.17293807381700896 -0.6703303883054603
0.5522567227411826 0.3804401722674626
0.5522567227411826 -0.3804401722674626
0.3470493481690573 0.573555749228547
0.3470493481690573 -0.573555749228547
-0.322395687453359 0.5913864625117348
-0.322395687453359 -0.5913864625117348
-0.196780409318288 0.6551399001388988
-0.196780409318288 -0.6551399001388988
0.6775361297085225 0.07415936590223265
0.6775361297085225 -0.07415936590223265
-0.4821618285021495 0.4503047640707937
-0.4821618285021495 -0.4503047640707937
0.28748677156164676 0.6081428905863391
0.28748677156164676 -0.6081428905863391
-0.5661571099163842 0.34895297901912076
-0.5661571099163842 -0.34895297901912076
0.43589038718110895 0.49053712573455127
0.43589038718110895 -0.49053712573455127
-0.5217383057936333 0.3993298568825204
-0.5217383057936333 -0.3993298568825204
0.5725048677069917 0.3358805280530157
0.5725048677069917 -0.3358805280530157
-0.1477475185848693 0.6629991654178738
-0.1477475185848693 -0.6629991654178738
0.5199173408593643 0.39862805725776734
0.5199173408593643 -0.39862805725776734
0.3766753139071811 0.5296653525114772
0.3766753139071811 -0.5296653525114772
-0.44708728938523434 0.4711493643922987
-0.44708728938523434 -0.4711493643922987
-0.4252701702687264 0.4858922793699424
-0.4252701702687264 -0.4858922793699424
-0.35427872454947706 0.5461114958624548
-0.35427872454947706 -0.5461114958624548
-0.3812837829548035 0.5203473319907719
-0.3812837829548035 -0.5203473319907719
0.4907345823111956 0.41652625316223546
0.4907345823111956 -0.41652625316223546
-0.6609848470094482 0.020952202347878902
-0.6609848470094482 -0.020952202347878902
-0.5889445446572015 0.2922335625164377
-0.5889445446572015 -0.2922335625164377
-0.10499766573178082 0.6657663006663481
-0.10499766573178082 -0.6657663006663481
-0.2966380281140124 0.5809353076639365
-0.2966380281140124 -0.5809353076639365
-0.21274871716834498 0.6241040534980674
-0.21274871716834498 -0.6241040534980674
0.05426859897133151 0.671680098307838
0.05426859897133151 -0.671680098307838
0.21079448417899224 0.6233099763574748
0.21079448417899224 -0.6233099763574748
0.09918886503265173 0.6568960362674698
0.09918886503265173 -0.6568960362674698
0.5859152992319576 0.29850640338041784
0.5859152992319576 -0.29850640338041784
0.6347220769850115 0.19886401191082306
0.6347220769850115 -0.19886401191082306
0.649873791442653 0.12948973458477203
0.649873791442653 -0.12948973458477203
-0.627442879124487 0.1792469307600474
-0.627442879124487 -0.1792469307600474
0.06089524011135379 0.6615554975994979
0.06089524011135379 -0.6615554975994979
0.657841725310057 0.026181183691057597
0.657841725310057 -0.026181183691057597
0.6129459951339397 0.2208142621427197
0.6129459951339397 -0.2208142621427197
-0.4735634773713362 0.41633538956704497
-0.4735634773713362 -0.41633538956704497
0.25481819831896324 0.5903129755342102
0.25481819831896324 -0.5903129755342102
0.4891042846708564 0.37836857160189863
0.4891042846708564 -0.37836857160189863
0.2911498802477023 0.5517290423728135
0.2911498802477023 -0.5517290423728135
-0.5958198240576036 0.22158041064665046
-0.5958198240576036 -0.22158041064665046
0.16647587212020765 0.6074763297110318
0.16647587212020765 -0.6074763297110318
-0.6370981915690003 0.07401881002890852
-0.6370981915690003 -0.07401881002890852
0.4106951021564067 0.4443179871444394
0.4106951021564067 -0.4443179871444394
-0.2750570263614849 0.5601076061623342
-0.2750570263614849 -0.5601076061623342
-0.6194963437882192 0.0
-0.6268801413608651 0.038347174901920945
-0.6268801413608651 -0.038347174901920945
-0.6075238519845969 0.125415242136364
-0.6075238519845969 -0.125415242136364
-0.012165082736582303 0.6247201854602621
-0.012165082736582303 -0.6247201854602621
0.6068562357976581 0.11646923339149183
0.6068562357976581 -0.11646923339149183
-0.21998741759708007 0.5746327132792808
-0.21998741759708007 -0.5746327132792808
-0.1810846753801063 0.5920303679471419
-0.1810846753801063 -0.5920303679471419
0.36251074718345594 0.4710555621441476
0.36251074718345594 -0.4710555621441476
-0.5875652336612205 0.11486784548014856
-0.5875652336612205 -0.11486784548014856
0.6074770387538919 0.04574458008859888
0.6074770387538919 -0.04574458008859888
0.5551942664477819 0.22048856167055716
0.5551942664477819 -0.22048856167055716
0.09139664562548605 0.6001717743350018
0.09139664562548605 -0.6001717743350018
-0.4645177166092046 0.34822887345171594
-0.4645177166092046 -0.34822887345171594
0.34006879187660843 0.4785445712816032
0.34006879187660843 -0.4785445712816032
0.12870320358246706 0.5862190496545476
0.12870320358246706 -0.5862190496545476
-0.3883894660450986 0.42213355038619144
-0.3883894660450986 -0.42213355038619144
0.2480856427647489 0.5338275506895077
0.2480856427647489 -0.5338275506895077
-0.5753193756523937 0.0
-0.5460268638798255 0.20393797680909512
-0.5460268638798255 -0.20393797680909512
-0.5061856663490929 0.2780843959557431
-0.5061856663490929 -0.2780843959557431
-0.41417395890892483 0.38846485976758716
-0.41417395890892483 -0.38846485976758716
-0.3654894405680076 0.43457561663713656
-0.3654894405680076 -0.43457561663713656
-0.3221425422566696 0.4741137008591627
-0.3221425422566696 -0.4741137008591627
0.4688147492687593 0.33042454647380537
0.4688147492687593 -0.33042454647380537
0.5576059100807753 0.178100942617905
0.5576059100807753 -0.178100942617905
-0.06432728747022161 0.5937153022501994
-0.06432728747022161 -0.5937153022501994
0.5095481804196857 0.26849177439508454
0.5095481804196857 -0.26849177439508454
-0.15983531223954617 0.5653258949680485
-0.15983531223954617 -0.5653258949680485
0.05913101960970525 0.5862218336908782
0.05913101960970525 -0.5862218336908782
-0.13182153556189297 0.5718975981787016
-0.13182153556189297 -0.5718975981787016
0.39234308439244614 0.38179156711181556
0.39234308439244614 -0.38179156711181556
0.3454377799298931 0.42316084035182355
0.3454377799298931 -0.42316084035182355
0.18102695665067517 0.5449003899841433
0.18102695665067517 -0.5449003899841433
0.00560778472245392 0.5773449346365822
0.00560778472245392 -0.5773449346365822
-0.5315251367510858 0.17805184191180573
-0.5315251367510858 -0.17805184191180573
-0.5473043453758565 0.10296151199497472
-0.5473043453758565 -0.10296151199497472
-0.4903241726348917 0.22919716129148776
-0.4903241726348917 -0.22919716129148776
-0.08454072795005546 0.5570355760742431
-0.08454072795005546 -0.5570355760742431
-0.29567603742651305 0.44522655058874394
-0.29567603742651305 -0.44522655058874394
-0.39711699923973376 0.3405547715971159
-0.39711699923973376 -0.3405547715971159
-0.4511393757040085 0.26476139231176415
-0.4511393757040085 -0.26476139231176415
-0.27478694611780163 0.45238119084672335
-0.27478694611780163 -0.45238119084672335
-0.49141103981247025 0.18735454611919417
-0.49141103981247025 -0.18735454611919417
0.20777694446814532 0.5205185218951245
0.20777694446814532 -0.5205185218951245
0.5624282267376295 0.10366592833916222
0.5624282267376295 -0.10366592833916222
0.1517789381606509 0.5257573075250472
0.1517789381606509 -0.5257573075250472
-0.14568648191668343 0.5151228635395703
-0.14568648191668343 -0.5151228635395703
0.5549387763063168 0.01219075130931784
0.5549387763063168 -0.01219075130931784
0.5205548023739172 0.15711531841154588
0.5205548023739172 -0.15711531841154588
0.31884491095227235 0.40993772971420434
0.31884491095227235 -0.40993772971420434
0.4391140505790404 0.2884872445103252
0.4391140505790404 -0.2884872445103252
0.536079618664481 0.08205568108319478
0.536079618664481 -0.08205568108319478
0.476490505258585 0.218277936678316
0.476490505258585 -0.218277936678316
0.21759306818273527 0.475718016960983
0.21759306818273527 -0.475718016960983
-0.026361808734608028 0.5356630461978592
-0.026361808734608028 -0.5356630461978592
0.41786760473762874 0.30552092582482293
0.41786760473762874 -0.30552092582482293
0.5172211170809202 0.10504105324879764
0.5172211170809202 -0.10504105324879764
0.5261022704480715 0.0
-0.20582018995583007 0.4736315768153512
-0.20582018995583007 -0.4736315768153512
-0.5242279441510744 0.0
-0.34942763994001036 0.34324699115030044
-0.34942763994001036 -0.34324699115030044
-0.38864574636258226 0.31311963910541907
-0.38864574636258226 -0.31311963910541907
-0.4078316240841622 0.28230526063320116
-0.4078316240841622 -0.28230526063320116
-0.49357447785050423 0.1370660970313943
-0.49357447785050423 -0.1370660970313943
-0.09746762760729122 0.5111991770109052
-0.09746762760729122 -0.5111991770109052
-0.30607036810938 0.3821721892102759
-0.30607036810938 -0.3821721892102759
0.3866350073302721 0.30875441069138954
0.3866350073302721 -0.30875441069138954
-0.3129688244271561 0.3631188678469179
-0.3129688244271561 -0.3631188678469179
0.2662702982685138 0.4014836205545101
0.2662702982685138 -0.4014836205545101
0.32986394275735864 0.3483354582780676
0.32986394275735864 -0.3483354582780676
0.13745554014350786 0.48960209917955055
0.13745554014350786 -0.48960209917955055
0.03353118738028281 0.509243828900221
0.03353118738028281 -0.509243828900221
-0.4954596635118229 0.09210194974183653
-0.4954596635118229 -0.09210194974183653
-0.0260846934433511 0.505312913095535
-0.0260846934433511 -0.505312913095535
0.4374059420719938 0.21335519138140793
0.4374059420719938 -0.21335519138140793
0.4837116971603047 0.10336637697442536
0.4837116971603047 -0.10336637697442536
0.21844172514596621 0.4321663218848353
0.21844172514596621 -0.4321663218848353
0.4813374040934548 0.0558602461627806
0.4813374040934548 -0.0558602461627806
0.4839489702405865 0.0
-0.48827543544044977 0.030508637044892917
-0.48827543544044977 -0.030508637044892917
0.04150999468141915 0.48795806503262285
0.04150999468141915 -0.48795806503262285
0.35956194341059095 0.29672268128941137
0.35956194341059095 -0.29672268128941137
0.42399837679940117 0.1799217529726347
0.42399837679940117 -0.1799217529726347
0.3177528546574119 0.32950665454977396
0.3177528546574119 -0.32950665454977396
0.1334690262569374 0.44973453928768486
0.1334690262569374 -0.44973453928768486
-0.23607108773706909 0.39998164160316185
-0.23607108773706909 -0.39998164160316185
-0.4291609052401617 0.16571583873224927
-0.4291609052401617 -0.16571583873224927
-0.08747253765082569 0.46905198731361597
-0.08747253765082569 -0.46905198731361597
-0.39657736657951187 0.23112510735092193
-0.39657736657951187 -0.23112510735092193
0.25212616499710855 0.36412703079372793
0.25212616499710855 -0.36412703079372793
-0.24863396810138522 0.3825860641669937
-0.24863396810138522 -0.3825860641669937
-0.4015300948895998 0.19834327484475137
-0.4015300948895998 -0.19834327484475137
-0.031149666649381694 0.4706757445461465
-0.031149666649381694 -0.4706757445461465
-0.12499104993880303 0.4521980789626043
-0.12499104993880303 -0.4521980789626043
-0.32640921559716096 0.2944449202133083
-0.32640921559716096 -0.2944449202133083
-0.3562816489441242 0.25831495859253145
-0.3562816489441242 -0.25831495859253145
0.39400644256943107 0.19922129083142417
0.39400644256943107 -0.19922129083142417
0.28659085532711653 0.3167203965853582
0.28659085532711653 -0.3167203965853582
-0.4461233304649602 0.09643963274936856
-0.4461233304649602 -0.09643963274936856
0.172835918130599 0.4145582238199922
0.172835918130599 -0.4145582238199922
0.2948546206303866 0.2966782411444358
0.2948546206303866 -0.2966782411444358
-0.4425075382932961 0.05650258789029002
-0.4425075382932961 -0.05650258789029002
0.038690687651078554 0.4373325605144485
0.038690687651078554 -0.4373325605144485
-0.4004607319998452 0.1616228733598332
-0.4004607319998452 -0.1616228733598332
-0.18969869400913364 0.38469168584762875
-0.18969869400913364 -0.38469168584762875
0.10238605517167608 0.40731889515953396
0.10238605517167608 -0.40731889515953396
0.16804118547468683 0.38259344204336304
0.16804118547468683 -0.38259344204336304
-0.06216289394770724 0.4229121125469929
-0.06216289394770724 -0.4229121125469929
-0.2613564937067894 0.32151743686060624
-0.2613564937067894 -0.32151743686060624
0.4315669840083677 0.0388041864450462
0.4315669840083677 -0.0388041864450462
0.3799284051569367 0.0
-0.3817661857613165 0.12369963250450282
-0.3817661857613165 -0.12369963250450282
-0.39879008343534433 0.06850515865087059
-0.39879008343534433 -0.06850515865087059
0.3987696593142961 0.1254744908376106
0.3987696593142961 -0.1254744908376106
-0.1187713893516068 0.39844117428164305
-0.1187713893516068 -0.39844117428164305
0.24317229326943038 0.3130082311850195
0.24317229326943038 -0.3130082311850195
0.345744720023937 0.21752196136983526
0.345744720023937 -0.21752196136983526
0.40430718415680766 0.03460598005400794
0.40430718415680766 -0.03460598005400794
-0.3232580234592052 0.20568418019477835
-0.3232580234592052 -0.20568418019477835
-0.1449709795077999 0.3746256666865059
-0.1449709795077999 -0.3746256666865059
0.29518189015094215 0.2522632062874516
0.29518189015094215 -0.2522632062874516
0.013244722648165404 0.3849859575648107
0.013244722648165404 -0.3849859575648107
0.35412885771791547 0.14499027438219078
0.35412885771791547 -0.14499027438219078
-0.022674633520433196 0.3832732226160602
-0.022674633520433196 -0.3832732226160602
0.3206031464417659 0.18839083567084838
0.3206031464417659 -0.18839083567084838
-0.2245874996233136 0.293242156975845
-0.2245874996233136 -0.293242156975845
-0.14747983394825434 0.33565607042610485
-0.14747983394825434 -0.33565607042610485
0.13096071419029026 0.32326499903487393
0.13096071419029026 -0.32326499903487393
-0.07084069940756246 0.345579591723976
-0.07084069940756246 -0.345579591723976
0.2953520258951349 0.18186556209582327
0.2953520258951349 -0.18186556209582327
0.07778290038974117 0.3386836456797801
0.07778290038974117 -0.3386836456797801
-0.30074073794676887 0.14500701610221783
-0.30074073794676887 -0.14500701610221783
0.351742868243494 0.028766499858134655
0.351742868243494 -0.028766499858134655
-0.24754065172760456 0.21636170767375182
-0.24754065172760456 -0.21636170767375182
-0.23908554030934726 0.2158693241861322
-0.23908554030934726 -0.2158693241861322
0.3502864661072309 0.0
0.1597773916169144 0.2910199540166111
0.1597773916169144 -0.2910199540166111
0.025049803204128078 0.3415538086528552
0.025049803204128078 -0.3415538086528552
-0.34007930628170313 0.02153645845714852
-0.34007930628170313 -0.02153645845714852
-0.19488974505316986 0.2472282937351093
-0.19488974505316986 -0.2472282937351093
0.18459076664790436 0.2683720234666011
0.18459076664790436 -0.2683720234666011
0.11228309733780777 0.30743332416402275
0.11228309733780777 -0.30743332416402275
0.2961431656008358 0.14444829746128693
0.2961431656008358 -0.14444829746128693
0.3193802017945462 0.09230617886046989
0.3193802017945462 -0.09230617886046989
0.12245022330344765 0.28942502976007023
0.12245022330344765 -0.28942502976007023
-0.1551895957387383 0.27615028264896974
-0.1551895957387383 -0.27615028264896974
-0.1106172999274362 0.28836870348734794
-0.1106172999274362 -0.28836870348734794
0.19721754935312874 0.21030883860536018
0.19721754935312874 -0.21030883860536018
-0.0356253397299678 0.3164492260674328
-0.0356253397299678 -0.3164492260674328
-0.26030528282558885 0.14318095037907302
-0.26030528282558885 -0.14318095037907302
-0.12921307678928334 0.25183688216886435
-0.12921307678928334 -0.25183688216886435
0.22331133705034625 0.14927568117876125
0.22331133705034625 -0.14927568117876125
0.05298759727804314 0.29875974440946657
0.05298759727804314 -0.29875974440946657
-0.19774973833608336 0.17921245247187134
-0.19774973833608336 -0.17921245247187134
-0.29644303540402256 0.04191676380154012
-0.29644303540402256 -0.04191676380154012
-0.28423186020205393 0.03403482232667585
-0.28423186020205393 -0.03403482232667585
0.2934180694084101 0.020364958638091263
0.2934180694084101 -0.020364958638091263
-0.009911907970038391 0.2797821255367184
-0.009911907970038391 -0.2797821255367184
-0.2752919078464246 0.0
0.2700453056795555 0.07555477101410342
0.2700453056795555 -0.07555477101410342
0.13673630978624507 0.21039729501390897
0.13673630978624507 -0.21039729501390897
0.23749241062648666 0.10691057377885944
0.23749241062648666 -0.10691057377885944
-0.2332797546069258 0.10089876654615453
-0.2332797546069258 -0.10089876654615453
0.15582541804524358 0.1939526144791014
0.15582541804524358 -0.1939526144791014
-0.24963811587320028 0.0372128113244524
-0.24963811587320028 -0.0372128113244524
0.25197000455832375 0.043361627864753484
0.25197000455832375 -0.043361627864753484
0.2499490172643762 0.0
-0.05589655898440546 0.23588446704619265
-0.05589655898440546 -0.23588446704619265
-0.09795753698647913 0.21527239239152543
-0.09795753698647913 -0.21527239239152543
-0.0234174757635179 0.24101876856846313
-0.0234174757635179 -0.24101876856846313
-0.19216809635267335 0.12298904712369871
-0.19216809635267335 -0.12298904712369871
-0.11657052176198242 0.18553462982802701
-0.11657052176198242 -0.18553462982802701
0.047902324167857335 0.21065238003168826
0.047902324167857335 -0.21065238003168826
0.15616279998686036 0.15606445639357475
0.15616279998686036 -0.15606445639357475
0.004025247468781797 0.21327524275668217
0.004025247468781797 -0.21327524275668217
-0.14660909407040462 0.1206957705254096
-0.14660909407040462 -0.1206957705254096
-0.10482247550077486 0.15218921880530195
-0.10482247550077486 -0.15218921880530195
0.16043348761807497 0.11369464938658012
0.16043348761807497 -0.11369464938658012
-0.19936030119556533 0.0
0.11791010787143061 0.15302998052428607
0.11791010787143061 -0.15302998052428607
0.18625847232524873 0.05345799826299778
0.18625847232524873 -0.05345799826299778
-0.18912064767227543 0.02066478594260101
-0.18912064767227543 -0.02066478594260101
0.06771602022934833 0.15855404327548156
0.06771602022934833 -0.15855404327548156
0.1785622110078014 0.0
-0.09540286993173887 0.12705693411252686
-0.09540286993173887 -0.12705693411252686
-0.1536400759814788 0.05396930283172398
-0.1536400759814788 -0.05396930283172398
-0.1285574072838418 0.0
0.11446299658059626 0.029227751889121557
0.11446299658059626 -0.029227751889121557
-0.10770596397209013 0.07083251898501916
-0.10770596397209013 -0.07083251898501916
0.0867050061861746 0.08273031673798542
0.0867050061861746 -0.08273031673798542
0.01747283980824367 0.12218980227859715
0.01747283980824367 -0.12218980227859715
-0.06525855001049262 0.0
-0.04139178668871369 0.10100885836126992
-0.04139178668871369 -0.10100885836126992
0.05605030220168777 0.0872437354105564
0.05605030220168777 -0.0872437354105564
-0.041895106812650636 0.06290548476511942
-0.041895106812650636 -0.06290548476511942
-0.012657099851579472 0.07617312649696556
-0.012657099851579472 -0.07617312649696556
0.03933236578997356 0.023267612758299236
0.03933236578997356 -0.023267612758299236
0.0209641947478433 0.05495166959336255
0.0209641947478433 -0.05495166959336255
