-1.8723238771329571 0.0
1.6315345502202934 0.0
0.8427988581380099 1.08121080276564
0.8427988581380099 -1.08121080276564
-0.08971540465738573 1.33953181174431
-0.08971540465738573 -1.33953181174431
-1.1845631876673879 0.31553103459186704
-1.1845631876673879 -0.31553103459186704
1.0908609486988814 0.0
0.5669515497019093 0.9410459710851055
0.5669515497019093 -0.9410459710851055
1.0440428633468506 0.26701743028550534
1.0440428633468506 -0.26701743028550534
0.1011366604555192 1.0938370919298883
0.1011366604555192 -1.0938370919298883
-1.036521743781699 0.03179518600261038
-1.036521743781699 -0.03179518600261038
-0.863106999297352 0.5836507618691604
-0.863106999297352 -0.5836507618691604
0.7492835418292622 0.7188263457513232
0.7492835418292622 -0.7188263457513232
1.022676158625325 0.0
-0.9172182843479166 0.4587227846291649
-0.9172182843479166 -0.4587227846291649
0.8280273708642563 0.5780563596605964
0.8280273708642563 -0.5780563596605964
-0.9662095872423915 0.23860760676609952
-0.9662095872423915 -0.23860760676609952
-0.18804971688268643 0.9989271276193347
-0.18804971688268643 -0.9989271276193347
-0.595730256197391 0.7988971639325613
-0.595730256197391 -0.7988971639325613
-0.6971875974285959 0.7000639093595797
-0.6971875974285959 -0.7000639093595797
-0.730897610172869 0.6505498583325132
-0.730897610172869 -0.6505498583325132
-0.4874487974152205 0.8668190055578131
-0.4874487974152205 -0.8668190055578131
-0.6608153285112794 0.7159140985034462
-0.6608153285112794 -0.7159140985034462
-0.64008095231825 0.7335325003498931
-0.64008095231825 -0.7335325003498931
-0.355658070153051 0.9278761297618424
-0.355658070153051 -0.9278761297618424
-0.2695405066439506 0.9528448582221882
-0.2695405066439506 -0.9528448582221882
0.9215719248510809 0.36316096411264254
0.9215719248510809 -0.36316096411264254
-0.7990224054725836 0.5440869055445461
-0.7990224054725836 -0.5440869055445461
0.8253515113649796 0.5242425196889374
0.8253515113649796 -0.5242425196889374
-0.5252997003406358 0.8036020866140231
-0.5252997003406358 -0.8036020866140231
-0.4972439780877311 0.8159024683225816
-0.4972439780877311 -0.8159024683225816
-0.002796857351817069 0.9851950235864538
-0.002796857351817069 -0.9851950235864538
-0.367857771317175 0.9011597309107894
-0.367857771317175 -0.9011597309107894
0.8588137796410822 0.4501635040530942
0.8588137796410822 -0.4501635040530942
0.4819451421079625 0.8463287259899139
0.4819451421079625 -0.8463287259899139
0.6284944785868363 0.7245595904710821
0.6284944785868363 -0.7245595904710821
0.5853318381769093 0.7492169060353788
0.5853318381769093 -0.7492169060353788
0.5412594647406043 0.7819721804456964
0.5412594647406043 -0.7819721804456964
0.3850973619515409 0.891234004934881
0.3850973619515409 -0.891234004934881
0.7037270106718612 0.6374189122798077
0.7037270106718612 -0.6374189122798077
0.6490497839016216 0.6876659368071709
0.6490497839016216 -0.6876659368071709
-0.8421356217823845 0.469383218630919
-0.8421356217823845 -0.469383218630919
-0.8839338118192184 0.397816734197201
-0.8839338118192184 -0.397816734197201
0.18091493932528413 0.9641775710934124
0.18091493932528413 -0.9641775710934124
0.684711636804071 0.6372709790201518
0.684711636804071 -0.6372709790201518
0.6372851947666196 0.6808523651403332
0.6372851947666196 -0.6808523651403332
-0.6110958546854077 0.7011465885311569
-0.6110958546854077 -0.7011465885311569
-0.9751976532954888 0.07858312274822167
-0.9751976532954888 -0.07858312274822167
-0.8997499543830803 0.3529790640339697
-0.8997499543830803 -0.3529790640339697
-0.9203059936582787 0.30147032281608394
-0.9203059936582787 -0.30147032281608394
-0.9360306961709698 0.21958320723230418
-0.9360306961709698 -0.21958320723230418
-0.29330384405560933 0.9216276923191369
-0.29330384405560933 -0.9216276923191369
-0.10894041967858503 0.9596608936163943
-0.10894041967858503 -0.9596608936163943
0.07223014533050659 0.9685333296811247
0.07223014533050659 -0.9685333296811247
-0.789781488591488 0.5074525151336309
-0.789781488591488 -0.5074525151336309
0.33067119069394446 0.8987371137228055
0.33067119069394446 -0.8987371137228055
0.9710032137090105 0.13391514022765333
0.9710032137090105 -0.13391514022765333
0.41427953100718407 0.8520184047139311
0.41427953100718407 -0.8520184047139311
0.7647662028039113 0.5354082863607068
0.7647662028039113 -0.5354082863607068
-0.688644643157968 0.6172087200118174
-0.688644643157968 -0.6172087200118174
0.9626910480049693 0.10806118231261058
0.9626910480049693 -0.10806118231261058
0.9110618523776213 0.2975003293651089
0.9110618523776213 -0.2975003293651089
0.9453172245814431 0.17394530170027037
0.9453172245814431 -0.17394530170027037
0.49950122823141224 0.7912654216175161
0.49950122823141224 -0.7912654216175161
-0.5676256055716542 0.7362211266045786
-0.5676256055716542 -0.7362211266045786
-0.43606962451785625 0.8274009750811452
-0.43606962451785625 -0.8274009750811452
0.1987740987115973 0.9344085511151865
0.1987740987115973 -0.9344085511151865
0.8869413786324422 0.3310062126069906
0.8869413786324422 -0.3310062126069906
0.14775906683979023 0.9406493371310748
0.14775906683979023 -0.9406493371310748
0.8363452900895675 0.41523618575664556
0.8363452900895675 -0.41523618575664556
-0.9449657882163356 0.12342492759980139
-0.9449657882163356 -0.12342492759980139
-0.6502264130626616 0.6561115589932506
-0.6502264130626616 -0.6561115589932506
-0.16981979270244846 0.9293421773183519
-0.16981979270244846 -0.9293421773183519
0.719504999479718 0.5577618688657214
0.719504999479718 -0.5577618688657214
-0.9130656758443232 0.18182900931512835
-0.9130656758443232 -0.18182900931512835
-0.7346727554014615 0.537602364129977
-0.7346727554014615 -0.537602364129977
-0.021653269699563264 0.9326391609163263
-0.021653269699563264 -0.9326391609163263
-0.10331612130336823 0.925238455993895
-0.10331612130336823 -0.925238455993895
0.9402878348499575 0.025533860543196906
0.9402878348499575 -0.025533860543196906
0.9115360574507274 0.2060889220183795
0.9115360574507274 -0.2060889220183795
0.509727056096916 0.7500307813534637
0.509727056096916 -0.7500307813534637
0.6821655897011428 0.5885826875417136
0.6821655897011428 -0.5885826875417136
0.40372406348152545 0.8125073582140276
0.40372406348152545 -0.8125073582140276
-0.8628815049118762 0.31445298682367034
-0.8628815049118762 -0.31445298682367034
0.012264004326543966 0.9278514381299671
0.012264004326543966 -0.9278514381299671
-0.8939486485521609 0.2289661438063508
-0.8939486485521609 -0.2289661438063508
-0.3169914284703662 0.860035709742004
-0.3169914284703662 -0.860035709742004
-0.6848237065231839 0.5726032167158996
-0.6848237065231839 -0.5726032167158996
-0.22805378135085663 0.8906461400640563
-0.22805378135085663 -0.8906461400640563
0.9046414015990434 0.174335009329953
0.9046414015990434 -0.174335009329953
-0.7702928842741652 0.45683304431084326
-0.7702928842741652 -0.45683304431084326
0.8264176554564384 0.3682228735590064
0.8264176554564384 -0.3682228735590064
-0.42604216215907287 0.7901329795669845
-0.42604216215907287 -0.7901329795669845
0.9113663057917601 0.0
0.7726636165491295 0.44540668398609007
0.7726636165491295 -0.44540668398609007
0.7516197115190171 0.4657513200892016
0.7516197115190171 -0.4657513200892016
-0.8332515727755092 0.35374281494217014
-0.8332515727755092 -0.35374281494217014
-0.48205067393473766 0.7470796692821629
-0.48205067393473766 -0.7470796692821629
-0.36304206412755613 0.8241003643866669
-0.36304206412755613 -0.8241003643866669
0.2636100688598777 0.8608382110232794
0.2636100688598777 -0.8608382110232794
0.5158911167416771 0.7062574975820646
0.5158911167416771 -0.7062574975820646
0.5531558821241225 0.6671543076343153
0.5531558821241225 -0.6671543076343153
-0.574917311181707 0.648461022566866
-0.574917311181707 -0.648461022566866
-0.5394727668637485 0.677332180223523
-0.5394727668637485 -0.677332180223523
-0.09869292752309591 0.9054627658873408
-0.09869292752309591 -0.9054627658873408
0.5775061928043901 0.6381900715626448
0.5775061928043901 -0.6381900715626448
0.44167480860276886 0.771379678134786
0.44167480860276886 -0.771379678134786
-0.7924928879057292 0.4033235032614635
-0.7924928879057292 -0.4033235032614635
-0.7210157225607952 0.48595431436862224
-0.7210157225607952 -0.48595431436862224
-0.8816324837864634 0.12838705322857014
-0.8816324837864634 -0.12838705322857014
-0.188024063131437 0.8780957730062772
-0.188024063131437 -0.8780957730062772
-0.891747554734444 0.0
0.057976840783939755 0.9013095280116036
0.057976840783939755 -0.9013095280116036
0.12185801731284812 0.8951249017273408
0.12185801731284812 -0.8951249017273408
0.3372865778054909 0.824696712387629
0.3372865778054909 -0.824696712387629
0.2762770610669267 0.8487790721825137
0.2762770610669267 -0.8487790721825137
0.13730199064638515 0.8885035321060303
0.13730199064638515 -0.8885035321060303
-0.8872364303040863 0.02612953386191984
-0.8872364303040863 -0.02612953386191984
0.4499286269952363 0.7533407449966975
0.4499286269952363 -0.7533407449966975
0.9079852489434254 0.05837072003325776
0.9079852489434254 -0.05837072003325776
-0.589403250424999 0.6218570459267194
-0.589403250424999 -0.6218570459267194
0.8864255337350399 0.1554170165267745
0.8864255337350399 -0.1554170165267745
0.8412275153638469 0.28788837851053795
0.8412275153638469 -0.28788837851053795
0.7806201239461377 0.4001240528550246
0.7806201239461377 -0.4001240528550246
0.8612481315002776 0.22497569406195225
0.8612481315002776 -0.22497569406195225
0.7008563387704623 0.4920200762534644
0.7008563387704623 -0.4920200762534644
0.03278723373039715 0.8876622644650963
0.03278723373039715 -0.8876622644650963
0.6759763871588309 0.5154081038671563
0.6759763871588309 -0.5154081038671563
0.4821550232200467 0.696201231389759
0.4821550232200467 -0.696201231389759
0.8881762700286585 0.09220331876327525
0.8881762700286585 -0.09220331876327525
0.0812050470181272 0.8817404166069917
0.0812050470181272 -0.8817404166069917
-0.33679014382460576 0.7975813333399282
-0.33679014382460576 -0.7975813333399282
0.8130576313546267 0.315218119150276
0.8130576313546267 -0.315218119150276
0.7460179563982949 0.40572007718196795
0.7460179563982949 -0.40572007718196795
0.8800721036865715 0.026108746517903837
0.8800721036865715 -0.026108746517903837
0.8208192444931117 0.25874443478035347
0.8208192444931117 -0.25874443478035347
-0.0004220093349993413 0.8744902295236677
-0.0004220093349993413 -0.8744902295236677
0.1885705913542367 0.8466231332041345
0.1885705913542367 -0.8466231332041345
0.3381425663066209 0.7870975303761952
0.3381425663066209 -0.7870975303761952
-0.843926365629876 0.0
-0.10129078373075759 0.8688418370073667
-0.10129078373075759 -0.8688418370073667
-0.055013850985555765 0.8623086493056125
-0.055013850985555765 -0.8623086493056125
0.23719834861793687 0.8180157503917019
0.23719834861793687 -0.8180157503917019
-0.8685575764997562 0.05757350730746962
-0.8685575764997562 -0.05757350730746962
-0.8127649992023841 0.2700119301994372
-0.8127649992023841 -0.2700119301994372
-0.621459620540677 0.551199055235769
-0.621459620540677 -0.551199055235769
-0.3858614164465693 0.7586697513737168
-0.3858614164465693 -0.7586697513737168
-0.7366686996839957 0.39344056998209653
-0.7366686996839957 -0.39344056998209653
-0.8489864628218663 0.08641008065465106
-0.8489864628218663 -0.08641008065465106
-0.8214489029317855 0.20374456285325637
-0.8214489029317855 -0.20374456285325637
0.41292965092571754 0.7196573226921579
0.41292965092571754 -0.7196573226921579
-0.6768163561214269 0.47099494480196985
-0.6768163561214269 -0.47099494480196985
-0.18014331201197392 0.8358719426818773
-0.18014331201197392 -0.8358719426818773
-0.41627279583554344 0.7291152320109734
-0.41627279583554344 -0.7291152320109734
-0.4582859645076999 0.6916052578000866
-0.4582859645076999 -0.6916052578000866
0.3599279829049556 0.7485566169270312
0.3599279829049556 -0.7485566169270312
0.14302239324276717 0.8292891707604734
0.14302239324276717 -0.8292891707604734
-0.4746723545607344 0.6676779989607209
-0.4746723545607344 -0.6676779989607209
-0.3546731884957456 0.7501748495400367
-0.3546731884957456 -0.7501748495400367
0.7179017480592786 0.40720333509837275
0.7179017480592786 -0.40720333509837275
-0.7649160903213361 0.3221925613187272
-0.7649160903213361 -0.3221925613187272
-0.2543645523758818 0.7962817665969157
-0.2543645523758818 -0.7962817665969157
-0.7026703403169142 0.4170491164661591
-0.7026703403169142 -0.4170491164661591
-0.5618337546832303 0.5859527374736542
-0.5618337546832303 -0.5859527374736542
0.2725299868022643 0.7868896294835982
0.2725299868022643 -0.7868896294835982
0.8154513349332564 0.22031050678514522
0.8154513349332564 -0.22031050678514522
0.8415736031159691 0.09382668271951912
0.8415736031159691 -0.09382668271951912
0.5611831512549763 0.582687792511806
0.5611831512549763 -0.582687792511806
0.5016243451807536 0.6333569272916107
0.5016243451807536 -0.6333569272916107
-0.8132909038532892 0.18597688230237017
-0.8132909038532892 -0.18597688230237017
-0.518035044217438 0.6078170639566345
-0.518035044217438 -0.6078170639566345
-0.29661247918036865 0.7704178390825349
-0.29661247918036865 -0.7704178390825349
-0.5879197398403321 0.5343941976125736
-0.5879197398403321 -0.5343941976125736
-0.1117517095139626 0.8258738137586141
-0.1117517095139626 -0.8258738137586141
0.6572772330131844 0.44915832808649425
0.6572772330131844 -0.44915832808649425
0.46772356930244846 0.643828518962067
0.46772356930244846 -0.643828518962067
0.5772848797112555 0.5487770261190874
0.5772848797112555 -0.5487770261190874
0.19716938904648226 0.7988566625969078
0.19716938904648226 -0.7988566625969078
-0.6019131215207904 0.5017288784276153
-0.6019131215207904 -0.5017288784276153
-0.7810793874920344 0.2528775591925514
-0.7810793874920344 -0.2528775591925514
0.07291759198000611 0.821169317486682
0.07291759198000611 -0.821169317486682
0.7670571332055687 0.2772300121997832
0.7670571332055687 -0.2772300121997832
0.802472162708264 0.14115035265603226
0.802472162708264 -0.14115035265603226
0.8173796750908112 0.03310855415542888
0.8173796750908112 -0.03310855415542888
0.325709850542472 0.7280112554420483
0.325709850542472 -0.7280112554420483
-0.20516589897805695 0.787977758943146
-0.20516589897805695 -0.787977758943146
-0.8087987449678703 0.0
0.08746685759022765 0.8019267191001568
0.08746685759022765 -0.8019267191001568
0.7062240440185088 0.3390674250506383
0.7062240440185088 -0.3390674250506383
-0.7409725869401538 0.3049328887713657
-0.7409725869401538 -0.3049328887713657
0.5646654405193923 0.5310769590883274
0.5646654405193923 -0.5310769590883274
-0.722389404725881 0.32683582475283823
-0.722389404725881 -0.32683582475283823
-0.6123472980487482 0.48037756978604523
-0.6123472980487482 -0.48037756978604523
0.5227351868335339 0.5678888239430241
0.5227351868335339 -0.5678888239430241
-0.6513212420640113 0.4250686876985002
-0.6513212420640113 -0.4250686876985002
-0.37315212441854295 0.6871483743582101
-0.37315212441854295 -0.6871483743582101
-0.7947335535224265 0.09746346443499539
-0.7947335535224265 -0.09746346443499539
-0.16028630758867646 0.7798918969813013
-0.16028630758867646 -0.7798918969813013
0.6161581721812994 0.46082519922076814
0.6161581721812994 -0.46082519922076814
-0.06607474598557098 0.7932808808960917
-0.06607474598557098 -0.7932808808960917
-0.7833655050998752 0.13369814934357935
-0.7833655050998752 -0.13369814934357935
-0.5489569644735762 0.5347410141333917
-0.5489569644735762 -0.5347410141333917
0.7105616366029528 0.3263229727605814
0.7105616366029528 -0.3263229727605814
0.003480154292426936 0.7922243906800779
0.003480154292426936 -0.7922243906800779
-0.7641544328835187 0.19620596530578474
-0.7641544328835187 -0.19620596530578474
-0.7372727405123647 0.26426727858398774
-0.7372727405123647 -0.26426727858398774
-0.6017266964857795 0.4543003189608282
-0.6017266964857795 -0.4543003189608282
0.4033523701377103 0.6394362962267984
0.4033523701377103 -0.6394362962267984
0.4484810303575285 0.6042328937771768
0.4484810303575285 -0.6042328937771768
0.7756247035658743 0.16271712673157235
0.7756247035658743 -0.16271712673157235
-0.5103531089553403 0.5409988973592832
-0.5103531089553403 -0.5409988973592832
-0.780399409968906 0.0
0.7944729075467483 0.022492238197057243
0.7944729075467483 -0.022492238197057243
0.7911323578410039 0.04330109412817574
0.7911323578410039 -0.04330109412817574
-0.28758833631444025 0.7171226099787398
-0.28758833631444025 -0.7171226099787398
0.6023463154692943 0.43927510976376233
0.6023463154692943 -0.43927510976376233
-0.7328408397665429 0.18076467355050388
-0.7328408397665429 -0.18076467355050388
-0.7574225449457062 0.0206274794957544
-0.7574225449457062 -0.0206274794957544
0.012922188932391675 0.7750871274052104
0.012922188932391675 -0.7750871274052104
-0.44955994985852094 0.5870198863071805
-0.44955994985852094 -0.5870198863071805
0.08965722898862855 0.768507318293758
0.08965722898862855 -0.768507318293758
-0.42950156516363547 0.6014185556411021
-0.42950156516363547 -0.6014185556411021
0.3738353606692443 0.6541584474408562
0.3738353606692443 -0.6541584474408562
0.20068899847886063 0.7238643116232956
0.20068899847886063 -0.7238643116232956
-0.07952271738615341 0.7471759937738904
-0.07952271738615341 -0.7471759937738904
0.28553626978097396 0.6981495447695074
0.28553626978097396 -0.6981495447695074
0.7217202397203464 0.2420160430985574
0.7217202397203464 -0.2420160430985574
0.6641527063961604 0.34127894883709897
0.6641527063961604 -0.34127894883709897
0.4204477862764576 0.6068208317858957
0.4204477862764576 -0.6068208317858957
0.25538835160213236 0.6989564834113962
0.25538835160213236 -0.6989564834113962
0.6512272194948698 0.3512112738794544
0.6512272194948698 -0.3512112738794544
0.724825813580228 0.21375116904968453
0.724825813580228 -0.21375116904968453
-0.13759765600281637 0.7321368195170753
-0.13759765600281637 -0.7321368195170753
0.31457840598061976 0.6708246393691777
0.31457840598061976 -0.6708246393691777
0.5138129394616149 0.5113824213996164
0.5138129394616149 -0.5113824213996164
0.5642984485521232 0.4553103636351798
0.5642984485521232 -0.4553103636351798
0.7300740555134284 0.18299569325676618
0.7300740555134284 -0.18299569325676618
-0.18731178664516768 0.7144878296860557
-0.18731178664516768 -0.7144878296860557
-0.6127071661434829 0.3859504831425363
-0.6127071661434829 -0.3859504831425363
-0.6855805349412857 0.2785677569091986
-0.6855805349412857 -0.2785677569091986
-0.6474211061191998 0.3305188418215894
-0.6474211061191998 -0.3305188418215894
-0.7411248731587453 0.07858790886473939
-0.7411248731587453 -0.07858790886473939
0.5806931536487405 0.3994032708218324
0.5806931536487405 -0.3994032708218324
0.45390306943004594 0.5291912817633987
0.45390306943004594 -0.5291912817633987
-0.7249693215466997 0.1531174420008559
-0.7249693215466997 -0.1531174420008559
-0.28730184128026726 0.6681166566789655
-0.28730184128026726 -0.6681166566789655
-0.3666294614473889 0.6105008282126282
-0.3666294614473889 -0.6105008282126282
-0.4452149623508701 0.5384070815397749
-0.4452149623508701 -0.5384070815397749
-0.0643183704996785 0.7202188602384697
-0.0643183704996785 -0.7202188602384697
-0.335040798150688 0.6320632342582404
-0.335040798150688 -0.6320632342582404
-0.5513067075418508 0.42474680555846855
-0.5513067075418508 -0.42474680555846855
-0.5279978376867331 0.44561610034439786
-0.5279978376867331 -0.44561610034439786
0.7210215859127131 0.07874038321693344
0.7210215859127131 -0.07874038321693344
0.6688402532669004 0.24658961296066784
0.6688402532669004 -0.24658961296066784
0.701594789397643 0.12084546021055716
0.701594789397643 -0.12084546021055716
0.3315897055631003 0.6201942380901674
0.3315897055631003 -0.6201942380901674
0.37270292344374467 0.5816280975468443
0.37270292344374467 -0.5816280975468443
0.06001000874857576 0.7170454716545702
0.06001000874857576 -0.7170454716545702
-0.03146364180728667 0.7203484826562112
-0.03146364180728667 -0.7203484826562112
0.5011910880327253 0.44987927428615854
0.5011910880327253 -0.44987927428615854
0.025225319831894844 0.7147240040099395
0.025225319831894844 -0.7147240040099395
0.1262222241686909 0.6936873149443077
0.1262222241686909 -0.6936873149443077
-0.16697534124342872 0.6833214528674271
-0.16697534124342872 -0.6833214528674271
-0.19377756513496808 0.6739096632682139
-0.19377756513496808 -0.6739096632682139
0.1333890075924088 0.6808413583860734
0.1333890075924088 -0.6808413583860734
-0.6593662975554815 0.24879498904214387
-0.6593662975554815 -0.24879498904214387
-0.24149378198223193 0.6551231729898932
-0.24149378198223193 -0.6551231729898932
-0.6877769733858482 0.13462532058931578
-0.6877769733858482 -0.13462532058931578
0.18329526980726848 0.6574950103865151
0.18329526980726848 -0.6574950103865151
-0.40422717469236125 0.5509101072543824
-0.40422717469236125 -0.5509101072543824
-0.6129431963661122 0.31332787234443316
-0.6129431963661122 -0.31332787234443316
-0.5882355303631079 0.3443135275611554
-0.5882355303631079 -0.3443135275611554
-0.3328190011264539 0.5913423577363134
-0.3328190011264539 -0.5913423577363134
0.6293939199236211 0.2669819298103656
0.6293939199236211 -0.2669819298103656
-0.6954546445635902 0.0
0.5361301726450851 0.39974002422959976
0.5361301726450851 -0.39974002422959976
0.1518042183281743 0.6570601400131364
0.1518042183281743 -0.6570601400131364
0.06271738876717695 0.6726500470224837
0.06271738876717695 -0.6726500470224837
0.6924745144648241 0.0
0.5750832033552772 0.32677460301287736
0.5750832033552772 -0.32677460301287736
-0.6576900400624051 0.16809761293296552
-0.6576900400624051 -0.16809761293296552
-0.4785979498330002 0.45633562544688466
-0.4785979498330002 -0.45633562544688466
0.3399043366323792 0.5539951030349751
0.3399043366323792 -0.5539951030349751
-0.5953970570396816 0.29758440929362434
-0.5953970570396816 -0.29758440929362434
0.22216600082449361 0.6163095147806811
0.22216600082449361 -0.6163095147806811
-0.21279700954871827 0.6289364545607307
-0.21279700954871827 -0.6289364545607307
-0.6608408276352771 0.11685498246304582
-0.6608408276352771 -0.11685498246304582
0.6631418377870286 0.10380906102449956
0.6631418377870286 -0.10380906102449956
-0.5192036056914442 0.3933509866762381
-0.5192036056914442 -0.3933509866762381
0.6502485141046113 0.13477660718841583
0.6502485141046113 -0.13477660718841583
0.525371017015041 0.36811150263289044
0.525371017015041 -0.36811150263289044
-0.4427538308402449 0.46934807715642807
-0.4427538308402449 -0.46934807715642807
0.38243466570292334 0.5103234381898413
0.38243466570292334 -0.5103234381898413
0.4043725550511263 0.4838467445791527
0.4043725550511263 -0.4838467445791527
0.2774617313287194 0.5752664083938097
0.2774617313287194 -0.5752664083938097
-0.3450366556300859 0.5366066426861413
-0.3450366556300859 -0.5366066426861413
-0.6213351962774588 0.20286793381191404
-0.6213351962774588 -0.20286793381191404
-0.4380631082851327 0.43691906531488495
-0.4380631082851327 -0.43691906531488495
-0.661750517354646 0.014843372332137192
-0.661750517354646 -0.014843372332137192
0.6558325961564518 0.07642028385766673
0.6558325961564518 -0.07642028385766673
0.6578679372419978 0.020610047821472716
0.6578679372419978 -0.020610047821472716
0.3419481323056631 0.5160782592645474
0.3419481323056631 -0.5160782592645474
0.4770633037391059 0.39392547997261324
0.4770633037391059 -0.39392547997261324
0.4369399098456368 0.42882364988447724
0.4369399098456368 -0.42882364988447724
0.2584859091829165 0.5783471147952438
0.2584859091829165 -0.5783471147952438
0.01806480012392391 0.6350890789622996
0.01806480012392391 -0.6350890789622996
0.16224172222802624 0.6134689268929077
0.16224172222802624 -0.6134689268929077
-0.6512560919451963 0.028584242609401685
-0.6512560919451963 -0.028584242609401685
0.5640666898959129 0.2833800149275446
0.5640666898959129 -0.2833800149275446
0.6055053620698793 0.2008871989049947
0.6055053620698793 -0.2008871989049947
-0.15312364546383408 0.6087485832908156
-0.15312364546383408 -0.6087485832908156
-0.29004725192173747 0.5475807390389295
-0.29004725192173747 -0.5475807390389295
-0.09782771103966448 0.6202035064618092
-0.09782771103966448 -0.6202035064618092
0.1288772315396669 0.6111033556774449
0.1288772315396669 -0.6111033556774449
0.010193705940958324 0.627595189891828
0.010193705940958324 -0.627595189891828
-0.046145183830880496 0.6258593121049727
-0.046145183830880496 -0.6258593121049727
-0.5237025033879826 0.3276147292474999
-0.5237025033879826 -0.3276147292474999
-0.5626809682126899 0.2534752909061287
-0.5626809682126899 -0.2534752909061287
0.5739055457565005 0.25439646053449216
0.5739055457565005 -0.25439646053449216
-0.5114558320436791 0.34007631696609886
-0.5114558320436791 -0.34007631696609886
-0.17779108758348355 0.5863859402056821
-0.17779108758348355 -0.5863859402056821
0.5789345420938286 0.2167410170152721
0.5789345420938286 -0.2167410170152721
-0.24579974468201177 0.5510838216352165
-0.24579974468201177 -0.5510838216352165
-0.29677468318670763 0.5156962587493356
-0.29677468318670763 -0.5156962587493356
-0.45701496333789604 0.3743087171002135
-0.45701496333789604 -0.3743087171002135
0.5158171707110075 0.2902709222875372
0.5158171707110075 -0.2902709222875372
0.2615251428655476 0.5331444854906698
0.2615251428655476 -0.5331444854906698
-0.39462362430323383 0.42692490794560956
-0.39462362430323383 -0.42692490794560956
0.24505984815109672 0.5362837320844627
0.24505984815109672 -0.5362837320844627
0.6044171698139214 0.04600628581719304
0.6044171698139214 -0.04600628581719304
0.34506739512408136 0.45827294916832234
0.34506739512408136 -0.45827294916832234
0.016867174965774792 0.5969883793666242
0.016867174965774792 -0.5969883793666242
-0.5736288057565604 0.16239284030243065
-0.5736288057565604 -0.16239284030243065
0.5241719503193168 0.25836347216781597
0.5241719503193168 -0.25836347216781597
-0.5232667984774642 0.26789182050861077
-0.5232667984774642 -0.26789182050861077
-0.20853201337745503 0.5480389865327437
-0.20853201337745503 -0.5480389865327437
-0.3412211886523501 0.45301975963659447
-0.3412211886523501 -0.45301975963659447
0.5686227397032473 0.16036305419837052
0.5686227397032473 -0.16036305419837052
0.4574482625588663 0.32751601202697145
0.4574482625588663 -0.32751601202697145
0.16699308528470438 0.5546280305491946
0.16699308528470438 -0.5546280305491946
0.3986377759091076 0.3819570747990997
0.3986377759091076 -0.3819570747990997
0.0930722545027046 0.5724720760621876
0.0930722545027046 -0.5724720760621876
0.33447786499295895 0.44082129968056205
0.33447786499295895 -0.44082129968056205
-0.37121677208517073 0.4189937376250821
-0.37121677208517073 -0.4189937376250821
-0.05177797751214217 0.5758643538998557
-0.05177797751214217 -0.5758643538998557
-0.5698969928160005 0.139068407559394
-0.5698969928160005 -0.139068407559394
-0.5436676928447426 0.20459104697836655
-0.5436676928447426 -0.20459104697836655
-0.5892124150864548 0.03993254882200131
-0.5892124150864548 -0.03993254882200131
-0.5878237956222074 0.05261732440165996
-0.5878237956222074 -0.05261732440165996
-0.5837931291368557 0.0
0.5619035081090145 0.1154601309451233
0.5619035081090145 -0.1154601309451233
0.5232998342319446 0.19960433961972593
0.5232998342319446 -0.19960433961972593
-0.10195547398173341 0.5488093431947375
-0.10195547398173341 -0.5488093431947375
0.5722053617154627 0.012790905834591592
0.5722053617154627 -0.012790905834591592
-0.18754987903194323 0.5259981223974943
-0.18754987903194323 -0.5259981223974943
0.4361856187761137 0.30885687950824325
0.4361856187761137 -0.30885687950824325
0.3046161140818203 0.44272585428232203
0.3046161140818203 -0.44272585428232203
-0.2849642069548539 0.4494594807214228
-0.2849642069548539 -0.4494594807214228
0.356728447379065 0.37788496290886764
0.356728447379065 -0.37788496290886764
-0.23823497190427495 0.4749427638104013
-0.23823497190427495 -0.4749427638104013
-0.5109743429284117 0.2007015858472354
-0.5109743429284117 -0.2007015858472354
0.11728711204102062 0.5161144064746443
0.11728711204102062 -0.5161144064746443
0.014053772778978882 0.5345311962720822
0.014053772778978882 -0.5345311962720822
-0.51841346563511 0.17181856232750192
-0.51841346563511 -0.17181856232750192
0.4875880497499614 0.20029193097574877
0.4875880497499614 -0.20029193097574877
-0.3279106136130331 0.3958684763120225
-0.3279106136130331 -0.3958684763120225
-0.4630809062229555 0.2563755280454593
-0.4630809062229555 -0.2563755280454593
-0.4366329579239794 0.28737104779041955
-0.4366329579239794 -0.28737104779041955
0.26089437579500985 0.43745466872367705
0.26089437579500985 -0.43745466872367705
-0.39667520122847 0.3209108541218652
-0.39667520122847 -0.3209108541218652
0.051787790279927845 0.5211913591694096
0.051787790279927845 -0.5211913591694096
0.5362948605806419 0.016702433574428167
0.5362948605806419 -0.016702433574428167
-0.10107850838704398 0.512828402744783
-0.10107850838704398 -0.512828402744783
0.180968089951821 0.473749411389936
0.180968089951821 -0.473749411389936
0.5181027098269123 0.10425167036700235
0.5181027098269123 -0.10425167036700235
-0.38674823464529756 0.32155214850215047
-0.38674823464529756 -0.32155214850215047
0.43969661530760057 0.2558252027617937
0.43969661530760057 -0.2558252027617937
-0.4402747841994911 0.25510956460893397
-0.4402747841994911 -0.25510956460893397
-0.25246243603144713 0.42861458791007584
-0.25246243603144713 -0.42861458791007584
0.22386146578257307 0.44777756291883575
0.22386146578257307 -0.44777756291883575
-0.2846087514818375 0.39552546781695513
-0.2846087514818375 -0.39552546781695513
0.3094680749011114 0.37869312316947296
0.3094680749011114 -0.37869312316947296
0.5196271996044571 0.06574078650406906
0.5196271996044571 -0.06574078650406906
0.39299348508549703 0.2864839182973716
0.39299348508549703 -0.2864839182973716
0.3614854851013132 0.3174199900870333
0.3614854851013132 -0.3174199900870333
-0.5131834448738315 0.07684623886346596
-0.5131834448738315 -0.07684623886346596
-0.49160867468350655 0.152342989427002
-0.49160867468350655 -0.152342989427002
-0.5099336213623055 0.0
-0.12120638871097356 0.4954060648319822
-0.12120638871097356 -0.4954060648319822
0.14359285314457776 0.4733412959327507
0.14359285314457776 -0.4733412959327507
-0.06462962958501864 0.49747772731125794
-0.06462962958501864 -0.49747772731125794
-0.030007900528878317 0.4899545365958543
-0.030007900528878317 -0.4899545365958543
-0.1533497613905273 0.46473046391033374
-0.1533497613905273 -0.46473046391033374
-0.22016477649096397 0.4259449499563966
-0.22016477649096397 -0.4259449499563966
-0.4319313297578691 0.1968223812520292
-0.4319313297578691 -0.1968223812520292
0.04524453283689768 0.4786201778211874
0.04524453283689768 -0.4786201778211874
-0.47216656113432565 0.10607851110073505
-0.47216656113432565 -0.10607851110073505
-0.33208575415365044 0.31535815806257106
-0.33208575415365044 -0.31535815806257106
0.07563292912610929 0.46019294034508995
0.07563292912610929 -0.46019294034508995
-0.07858382380711923 0.4650363426186423
-0.07858382380711923 -0.4650363426186423
0.16330979589878325 0.42760439427652913
0.16330979589878325 -0.42760439427652913
-0.29889961228918677 0.3325312827159369
-0.29889961228918677 -0.3325312827159369
0.20228090568835702 0.40491902301630256
0.20228090568835702 -0.40491902301630256
0.3711132206157174 0.2763675172150218
0.3711132206157174 -0.2763675172150218
0.4814317032671762 0.0710177830105903
0.4814317032671762 -0.0710177830105903
0.4046746592083998 0.22275620812410377
0.4046746592083998 -0.22275620812410377
-0.19682112473718222 0.40965382097409914
-0.19682112473718222 -0.40965382097409914
0.4717214874596619 0.0
0.45202859904458803 0.12085192024458143
0.45202859904458803 -0.12085192024458143
0.421821713665561 0.17697834281386074
0.421821713665561 -0.17697834281386074
-0.4613195598575383 0.07304222758940887
-0.4613195598575383 -0.07304222758940887
0.2912719197196003 0.33118120054779515
0.2912719197196003 -0.33118120054779515
-0.2085316439199778 0.3847678776027976
-0.2085316439199778 -0.3847678776027976
0.46170956960132736 0.023670229368860155
0.46170956960132736 -0.023670229368860155
-0.45593425581055247 0.033180549331939264
-0.45593425581055247 -0.033180549331939264
-0.4586611666493031 0.0
-0.35651491219575976 0.23560023604872718
-0.35651491219575976 -0.23560023604872718
-0.11337805220158778 0.42977410034836366
-0.11337805220158778 -0.42977410034836366
0.35858627011958566 0.22917411012688083
0.35858627011958566 -0.22917411012688083
0.06647737254281638 0.4254129740206124
0.06647737254281638 -0.4254129740206124
0.42251320002594966 0.1262249900732346
0.42251320002594966 -0.1262249900732346
-0.43088381215684746 0.0
-0.36096659584909485 0.19385136087688834
-0.36096659584909485 -0.19385136087688834
-0.018243292165196934 0.4182574153340067
-0.018243292165196934 -0.4182574153340067
-0.3932595179177395 0.10139871819530333
-0.3932595179177395 -0.10139871819530333
-0.13208758934429335 0.380740904030772
-0.13208758934429335 -0.380740904030772
-0.37080261328204966 0.14649852681373482
-0.37080261328204966 -0.14649852681373482
-0.28518848224090854 0.2604185430652528
-0.28518848224090854 -0.2604185430652528
0.20992659520141527 0.34446926901709163
0.20992659520141527 -0.34446926901709163
0.15376751800255944 0.3730368869024064
0.15376751800255944 -0.3730368869024064
0.2242817005410842 0.32836022993050756
0.2242817005410842 -0.32836022993050756
-0.2473991852207063 0.2870048226818934
-0.2473991852207063 -0.2870048226818934
0.050877705822692874 0.38895838356311174
0.050877705822692874 -0.38895838356311174
-0.21958019759812053 0.3007448974982782
-0.21958019759812053 -0.3007448974982782
0.1007630140898137 0.3700832448495674
0.1007630140898137 -0.3700832448495674
-0.025754206003411315 0.38110651180450356
-0.025754206003411315 -0.38110651180450356
-0.3808745086523937 0.047270946375470115
-0.3808745086523937 -0.047270946375470115
0.2138875577811537 0.3069353259956634
0.2138875577811537 -0.3069353259956634
0.312751083023732 0.19351794696146127
0.312751083023732 -0.19351794696146127
0.38185640941228094 0.012321122852018624
0.38185640941228094 -0.012321122852018624
0.32548429941143864 0.16996371310156666
0.32548429941143864 -0.16996371310156666
-0.3341516842508595 0.13000600615663896
-0.3341516842508595 -0.13000600615663896
0.2609514070261314 0.2224545819580132
0.2609514070261314 -0.2224545819580132
0.3489865831881527 0.09067927894820876
0.3489865831881527 -0.09067927894820876
0.3554503657789735 0.06930546497938692
0.3554503657789735 -0.06930546497938692
-0.09865448566544394 0.3378074907727896
-0.09865448566544394 -0.3378074907727896
-0.17663414889001053 0.2910709734486114
-0.17663414889001053 -0.2910709734486114
0.2722663823030836 0.21153048372134933
0.2722663823030836 -0.21153048372134933
-0.30715238089283564 0.1557490948961002
-0.30715238089283564 -0.1557490948961002
-0.2448361871651351 0.2348334108397452
-0.2448361871651351 -0.2348334108397452
0.3109186440300642 0.124642634957946
0.3109186440300642 -0.124642634957946
-0.26208209963364465 0.20885224666560268
-0.26208209963364465 -0.20885224666560268
0.11313990659169208 0.3165292145583595
0.11313990659169208 -0.3165292145583595
0.2026857059646965 0.2579427783237357
0.2026857059646965 -0.2579427783237357
-0.32856568281506626 0.06735499177880286
-0.32856568281506626 -0.06735499177880286
0.16131561730159208 0.2777174845378309
0.16131561730159208 -0.2777174845378309
-0.058173634412872835 0.32230105332966674
-0.058173634412872835 -0.32230105332966674
-0.14072035035656064 0.27830983207972954
-0.14072035035656064 -0.27830983207972954
-0.17441711604907872 0.25565702410169294
-0.17441711604907872 -0.25565702410169294
0.3335326075019495 0.0
-0.26342082919859006 0.15594335468890055
-0.26342082919859006 -0.15594335468890055
-0.21034338936513525 0.21223218201535043
-0.21034338936513525 -0.21223218201535043
0.22694030101380902 0.2023685004675796
0.22694030101380902 -0.2023685004675796
0.32354639788763645 0.0
-0.09094871166594362 0.3007830362433631
-0.09094871166594362 -0.3007830362433631
0.26056584203144684 0.1299036504208578
0.26056584203144684 -0.1299036504208578
0.014891318947196027 0.3212315640253778
0.014891318947196027 -0.3212315640253778
-0.3143878161801997 0.020835166933684174
-0.3143878161801997 -0.020835166933684174
-0.06246670935026006 0.3127625815419115
-0.06246670935026006 -0.3127625815419115
0.11728520763239131 0.2670542595405209
0.11728520763239131 -0.2670542595405209
0.06344450695758734 0.29349273240035895
0.06344450695758734 -0.29349273240035895
0.014770708726558326 0.2924180832864859
0.014770708726558326 -0.2924180832864859
0.3034602417160401 0.0
0.19410167626131508 0.18810983926907884
0.19410167626131508 -0.18810983926907884
0.26034403161191555 0.07258707300723968
0.26034403161191555 -0.07258707300723968
0.08429747802448928 0.24767394549766772
0.08429747802448928 -0.24767394549766772
0.15590470738079804 0.19762476520819452
0.15590470738079804 -0.19762476520819452
-0.25937038237363474 0.028773018992440502
-0.25937038237363474 -0.028773018992440502
-0.22278120299997176 0.11635762879918278
-0.22278120299997176 -0.11635762879918278
-0.10228478357641418 0.21824896871871532
-0.10228478357641418 -0.21824896871871532
0.20159512610438984 0.1253445489045752
0.20159512610438984 -0.1253445489045752
-0.2449192373457013 0.0
-0.03817078092350158 0.2453624171933004
-0.03817078092350158 -0.2453624171933004
-0.2301825875796526 0.07478167341819515
-0.2301825875796526 -0.07478167341819515
0.22457508336378118 0.05889420183467637
0.22457508336378118 -0.05889420183467637
0.01878133351675972 0.23078527238815652
0.01878133351675972 -0.23078527238815652
0.11589812249945936 0.17177287660576557
0.11589812249945936 -0.17177287660576557
-0.17414129644972676 0.14009150888313282
-0.17414129644972676 -0.14009150888313282
0.12058497440194663 0.16279667962731434
0.12058497440194663 -0.16279667962731434
0.20400746183202223 0.0
0.1837390605076874 0.0741347718647117
0.1837390605076874 -0.0741347718647117
-0.1713804548518516 0.10060622196542222
-0.1713804548518516 -0.10060622196542222
-0.2079589687111184 0.012050068009558863
-0.2079589687111184 -0.012050068009558863
-0.11700183408862914 0.14935680332589543
-0.11700183408862914 -0.14935680332589543
-0.05217773886046054 0.19036447882625945
-0.05217773886046054 -0.19036447882625945
0.0018453547196258854 0.18181338117123752
0.0018453547196258854 -0.18181338117123752
0.05081576889902445 0.15627021849765974
0.05081576889902445 -0.15627021849765974
0.16627611258104438 0.0
-0.1078350485705717 0.08537137005796433
-0.1078350485705717 -0.08537137005796433
0.12444673469799648 0.0724949038380202
0.12444673469799648 -0.0724949038380202
-0.012331518951363397 0.1336868356493505
-0.012331518951363397 -0.1336868356493505
-0.14873272292760012 0.0
-0.12449989386934265 0.0
-0.10460190912287981 0.058598737958937136
-0.10460190912287981 -0.058598737958937136
-0.05995740991703949 0.10477551382219523
-0.05995740991703949 -0.10477551382219523
0.1249370321433714 0.03974680509650101
0.1249370321433714 -0.03974680509650101
-0.0340908145235157 0.09079218277426558
-0.0340908145235157 -0.09079218277426558
0.02995515363408921 0.08292632541871162
0.02995515363408921 -0.08292632541871162
0.1029012321172365 0.010757573914602558
0.1029012321172365 -0.010757573914602558
-0.05358213026541065 0.07267423190112199
-0.05358213026541065 -0.07267423190112199
-3.9997820178788916e-05 0.0
0.03807382780218907 0.04771554093814604
0.03807382780218907 -0.04771554093814604
2.1663216143856284e-05 0.0437087323374324
2.1663216143856284e-05 -0.0437087323374324
0.0021396141404776588 0.0
