-1.553629750892786 0.0
1.1290317215290886 0.5035958403292575
1.1290317215290886 -0.5035958403292575
-0.6828187630254938 1.0016170248311547
-0.6828187630254938 -1.0016170248311547
0.7602411462153 0.8701138425819712
0.7602411462153 -0.8701138425819712
0.2845085765290008 1.0701640197440763
0.2845085765290008 -1.0701640197440763
-0.887505460630686 0.576775129472795
-0.887505460630686 -0.576775129472795
1.0054152980992594 0.14147915653209348
1.0054152980992594 -0.14147915653209348
-0.2480521603961358 0.9714731479912384
-0.2480521603961358 -0.9714731479912384
0.2839169946072235 0.9484919025338039
0.2839169946072235 -0.9484919025338039
-0.9416991019746453 0.0
-0.8848322786146463 0.2637844450693455
-0.8848322786146463 -0.2637844450693455
0.42229378112346916 0.8290971986096987
0.42229378112346916 -0.8290971986096987
0.18510047299418686 0.8984746901042088
0.18510047299418686 -0.8984746901042088
0.05995859271971457 0.9107810140612344
0.05995859271971457 -0.9107810140612344
-0.8295154410461649 0.35019573271889287
-0.8295154410461649 -0.35019573271889287
0.855653993392963 0.1875051826627985
0.855653993392963 -0.1875051826627985
0.7205220166998993 0.506736544615334
0.7205220166998993 -0.506736544615334
0.6852215255780586 0.520213601136741
0.6852215255780586 -0.520213601136741
0.4706067250515566 0.7187242519862045
0.4706067250515566 -0.7187242519862045
-0.6871839617364552 0.5403143567748958
-0.6871839617364552 -0.5403143567748958
-0.32306329120614924 0.789038763860735
-0.32306329120614924 -0.789038763860735
-0.45192685669971355 0.7187679431590216
-0.45192685669971355 -0.7187679431590216
0.5112118385957859 0.6645690095681198
0.5112118385957859 -0.6645690095681198
0.8055977432330367 0.0
-0.09050998567054097 0.8032895225154478
-0.09050998567054097 -0.8032895225154478
-0.6047565673135722 0.5428451828204083
-0.6047565673135722 -0.5428451828204083
-0.5441330682575231 0.5832226666048984
-0.5441330682575231 -0.5832226666048984
-0.7166602126371182 0.32445219990517976
-0.7166602126371182 -0.32445219990517976
-0.7635397067958755 0.135160125384314
-0.7635397067958755 -0.135160125384314
-0.732980346821117 0.24533870696080345
-0.732980346821117 -0.24533870696080345
-0.5895001976651453 0.4802075956613658
-0.5895001976651453 -0.4802075956613658
-0.0057339345537504435 0.7539334039050818
-0.0057339345537504435 -0.7539334039050818
-0.07096140379799812 0.7225293639186929
-0.07096140379799812 -0.7225293639186929
0.6724267864426602 0.26359067167391
0.6724267864426602 -0.26359067167391
0.5757673161726712 0.395983808975129
0.5757673161726712 -0.395983808975129
0.6481906623453311 0.24930370932744472
0.6481906623453311 -0.24930370932744472
0.3322815323516565 0.6148240437917284
0.3322815323516565 -0.6148240437917284
0.20890819650345221 0.6663051667598605
0.20890819650345221 -0.6663051667598605
-0.6792363109131099 0.08172155401831575
-0.6792363109131099 -0.08172155401831575
-0.665065454000176 0.0
-0.3574451983991995 0.5569975674398525
-0.3574451983991995 -0.5569975674398525
0.4085573293156231 0.5087600642362043
0.4085573293156231 -0.5087600642362043
0.606551117424492 0.17060700600863543
0.606551117424492 -0.17060700600863543
-0.17377595229125942 0.6036519237923511
-0.17377595229125942 -0.6036519237923511
0.6177035650563798 0.03391219623251759
0.6177035650563798 -0.03391219623251759
-0.270255696473486 0.5575492069992113
-0.270255696473486 -0.5575492069992113
-0.53775175295345 0.2894154411011574
-0.53775175295345 -0.2894154411011574
0.1295789564938091 0.5910454320799684
0.1295789564938091 -0.5910454320799684
0.26261366636937306 0.5153561744075537
0.26261366636937306 -0.5153561744075537
-0.5456127360723207 0.16736234599672892
-0.5456127360723207 -0.16736234599672892
-0.3343726570382054 0.4600322770446992
-0.3343726570382054 -0.4600322770446992
0.07216116290687577 0.5572490937998605
0.07216116290687577 -0.5572490937998605
0.41493059337892685 0.37581737098060836
0.41493059337892685 -0.37581737098060836
-0.1770116204467383 0.5249113901684354
-0.1770116204467383 -0.5249113901684354
-0.48599437420055036 0.265841626348678
-0.48599437420055036 -0.265841626348678
0.4438874780548572 0.31586331456393774
0.4438874780548572 -0.31586331456393774
0.5155367754924397 0.06363871927793205
0.5155367754924397 -0.06363871927793205
0.3185300944534306 0.4229539295398787
0.3185300944534306 -0.4229539295398787
0.4850372279830034 0.18626486778564955
0.4850372279830034 -0.18626486778564955
-0.32301593370657894 0.4150135392967391
-0.32301593370657894 -0.4150135392967391
0.3420808727305893 0.3832614352306886
0.3420808727305893 -0.3832614352306886
-0.27233320258850163 0.43778575080406484
-0.27233320258850163 -0.43778575080406484
0.38501346712256623 0.3271133891266574
0.38501346712256623 -0.3271133891266574
0.38551774115185555 0.2923329507089222
0.38551774115185555 -0.2923329507089222
0.45871802425916897 0.0
-0.47205978148942296 0.05690290858127332
-0.47205978148942296 -0.05690290858127332
-0.15958900955894476 0.44065951406018883
-0.15958900955894476 -0.44065951406018883
-0.21203227230204313 0.4163316985063262
-0.21203227230204313 -0.4163316985063262
0.018612012347988805 0.46008375119093453
0.018612012347988805 -0.46008375119093453
-0.03012017953211217 0.45807771204616154
-0.03012017953211217 -0.45807771204616154
-0.4304519847414584 0.17533374338088864
-0.4304519847414584 -0.17533374338088864
0.39385708652852724 0.20214911859934523
0.39385708652852724 -0.20214911859934523
0.1493322770352779 0.41694083452270775
0.1493322770352779 -0.41694083452270775
0.08269413440046325 0.4327125380579218
0.08269413440046325 -0.4327125380579218
-0.4261456603863538 0.11378570669810799
-0.4261456603863538 -0.11378570669810799
-0.34546154000554513 0.2703472960613933
-0.34546154000554513 -0.2703472960613933
0.29729568786118754 0.3158293177782983
0.29729568786118754 -0.3158293177782983
0.22645777488837193 0.3671639051675273
0.22645777488837193 -0.3671639051675273
-0.05607681655992615 0.4296374060783133
-0.05607681655992615 -0.4296374060783133
0.4177595035378412 0.08852153148311526
0.4177595035378412 -0.08852153148311526
-0.4295016296185465 0.0
-0.2720657162027641 0.3357731223606412
-0.2720657162027641 -0.3357731223606412
-0.37208295143953063 0.21416665442177923
-0.37208295143953063 -0.21416665442177923
0.35367410186658255 0.2275583023972452
0.35367410186658255 -0.2275583023972452
0.04723443244426304 0.421874888194189
0.04723443244426304 -0.421874888194189
-0.4115137116559963 0.04933004711471816
-0.4115137116559963 -0.04933004711471816
0.4043977051808457 0.0466562003039632
0.4043977051808457 -0.0466562003039632
0.17889659331193264 0.3754175149831777
0.17889659331193264 -0.3754175149831777
-0.38442087730840846 0.15073532459826816
-0.38442087730840846 -0.15073532459826816
0.36402230760527743 0.14726667257529866
0.36402230760527743 -0.14726667257529866
0.3778028944837136 0.09686651676836065
0.3778028944837136 -0.09686651676836065
-0.3057434541079416 0.25467830693223736
-0.3057434541079416 -0.25467830693223736
-0.3886104516336047 0.0
0.37308060946194577 0.04925375442051047
0.37308060946194577 -0.04925375442051047
-0.20701481808683825 0.34144697460373363
-0.20701481808683825 -0.34144697460373363
0.29448733599378984 0.24016882572098977
0.29448733599378984 -0.24016882572098977
0.3204821254726869 0.19716109985964084
0.3204821254726869 -0.19716109985964084
0.3749203481241533 0.0
-0.16127692609968688 0.36288363255960354
-0.16127692609968688 -0.36288363255960354
-0.3651682763292323 0.1032164037029092
-0.3651682763292323 -0.1032164037029092
-0.3424029189615083 0.16854604832736883
-0.3424029189615083 -0.16854604832736883
0.24757039599777533 0.27750973740369733
0.24757039599777533 -0.27750973740369733
-0.018512609351080355 0.38305193004418964
-0.018512609351080355 -0.38305193004418964
-0.07820358607118899 0.375060953090467
-0.07820358607118899 -0.375060953090467
0.09356268475421026 0.36476576355238755
0.09356268475421026 -0.36476576355238755
-0.12209548109188162 0.3597456994662508
-0.12209548109188162 -0.3597456994662508
0.209676220869153 0.30506457821907734
0.209676220869153 -0.30506457821907734
-0.1858182606316878 0.3207267340590648
-0.1858182606316878 -0.3207267340590648
-0.26745921427261576 0.24526053651309654
-0.26745921427261576 -0.24526053651309654
-0.21700346310703403 0.2844309058178367
-0.21700346310703403 -0.2844309058178367
-0.05238529780127019 0.3522821033622045
-0.05238529780127019 -0.3522821033622045
0.15023931323703918 0.31141288599595746
0.15023931323703918 -0.31141288599595746
-0.2820028692400359 0.20387123504472013
-0.2820028692400359 -0.20387123504472013
0.03246283139487688 0.34610632419157095
0.03246283139487688 -0.34610632419157095
0.014894134395302428 0.34701154822362346
0.014894134395302428 -0.34701154822362346
-0.3409897468093279 0.06319855437945396
-0.3409897468093279 -0.06319855437945396
-0.308786179635146 0.15859499717112516
-0.308786179635146 -0.15859499717112516
-0.23365679406919407 0.25184044709776127
-0.23365679406919407 -0.25184044709776127
-0.3218620214134993 0.11683535534710458
-0.3218620214134993 -0.11683535534710458
-0.22557003656626173 0.25671288417975724
-0.22557003656626173 -0.25671288417975724
-0.10933371521339127 0.3253307111536872
-0.10933371521339127 -0.3253307111536872
-0.17659160971295057 0.29098627611793476
-0.17659160971295057 -0.29098627611793476
-0.33064339265393594 0.0
-0.3130272687408477 0.06718649006798225
-0.3130272687408477 -0.06718649006798225
-0.27109236824806093 0.17623901927726154
-0.27109236824806093 -0.17623901927726154
-0.17075344136719328 0.2685572647120212
-0.17075344136719328 -0.2685572647120212
-0.05093115109117949 0.3181366569547708
-0.05093115109117949 -0.3181366569547708
0.0830573802323753 0.326018108319738
0.0830573802323753 -0.326018108319738
0.06085174074425442 0.3258148881802125
0.06085174074425442 -0.3258148881802125
0.005092427860965299 0.3218562958432412
0.005092427860965299 -0.3218562958432412
0.3078099026131133 0.14121426608620138
0.3078099026131133 -0.14121426608620138
0.33256954693888185 0.06230393137560491
0.33256954693888185 -0.06230393137560491
0.3309463716109079 0.039059944797265246
0.3309463716109079 -0.039059944797265246
0.21336941570359697 0.26166207875684183
0.21336941570359697 -0.26166207875684183
0.23966163360961779 0.23328902741757548
0.23966163360961779 -0.23328902741757548
0.28188133384726016 0.16969981891070882
0.28188133384726016 -0.16969981891070882
0.31318127413599944 0.09090914444612748
0.31318127413599944 -0.09090914444612748
0.3133743182357065 0.0
0.09227874206859543 0.31264675729689784
0.09227874206859543 -0.31264675729689784
0.3112497013800107 0.07326840886062473
0.3112497013800107 -0.07326840886062473
0.3028537698714724 0.093825610470272
0.3028537698714724 -0.093825610470272
0.17628785539833358 0.2737839908946866
0.17628785539833358 -0.2737839908946866
0.2117682523438511 0.2482514494272476
0.2117682523438511 -0.2482514494272476
-0.25213177303129725 0.19158211632218225
-0.25213177303129725 -0.19158211632218225
0.15130889232803643 0.2866156351228927
0.15130889232803643 -0.2866156351228927
0.24435860802180356 0.20746167033043617
0.24435860802180356 -0.20746167033043617
0.25768419881183635 0.18443074906214704
0.25768419881183635 -0.18443074906214704
-0.2923597693755232 0.12158991892647374
-0.2923597693755232 -0.12158991892647374
0.2139622433940212 0.22959204703908412
0.2139622433940212 -0.22959204703908412
0.13005979582719282 0.2839071444851352
0.13005979582719282 -0.2839071444851352
0.10653783125859885 0.2901847116449556
0.10653783125859885 -0.2901847116449556
0.1932464795535203 0.23776988482396832
0.1932464795535203 -0.23776988482396832
0.2998130150670385 0.026048523027459858
0.2998130150670385 -0.026048523027459858
0.24301417665796377 0.1644526825879715
0.24301417665796377 -0.1644526825879715
0.2613751641018701 0.13174439327765983
0.2613751641018701 -0.13174439327765983
0.15513153086924508 0.25510857968887146
0.15513153086924508 -0.25510857968887146
-0.043310414459309776 0.30579030829094744
-0.043310414459309776 -0.30579030829094744
-0.08091085121705988 0.30138414095724864
-0.08091085121705988 -0.30138414095724864
-0.060672978334106634 0.30234483026153103
-0.060672978334106634 -0.30234483026153103
-0.14442262420005675 0.2762275263599732
-0.14442262420005675 -0.2762275263599732
-0.11481077181085325 0.2843620460861459
-0.11481077181085325 -0.2843620460861459
-0.3178123283214107 0.0325006800520568
-0.3178123283214107 -0.0325006800520568
-0.20448071071735788 0.2343992312669385
-0.20448071071735788 -0.2343992312669385
-0.30649497164510775 0.0
-0.2323557277868483 0.19667095381795785
-0.2323557277868483 -0.19667095381795785
0.018838728149606094 0.2980300135823735
0.018838728149606094 -0.2980300135823735
-0.3036127592346883 0.046949661068607436
-0.3036127592346883 -0.046949661068607436
-0.2728462901422102 0.13057281660626746
-0.2728462901422102 -0.13057281660626746
-0.29257064533082855 0.0793114302921564
-0.29257064533082855 -0.0793114302921564
-0.2789909206002712 0.11402492896053533
-0.2789909206002712 -0.11402492896053533
-0.19954853012834017 0.21984880692490377
-0.19954853012834017 -0.21984880692490377
0.28179154744362644 0.04808684541211592
0.28179154744362644 -0.04808684541211592
0.26668525233234697 0.10216976789619259
0.26668525233234697 -0.10216976789619259
0.21014698499505122 0.19904750968482232
0.21014698499505122 -0.19904750968482232
0.16342844751329447 0.2408917994654106
0.16342844751329447 -0.2408917994654106
0.10493896895362648 0.27313499103555877
0.10493896895362648 -0.27313499103555877
0.11802098964154303 0.26555633234144266
0.11802098964154303 -0.26555633234144266
-0.25065471604195627 0.1591852251148838
-0.25065471604195627 -0.1591852251148838
-0.0858906054408379 0.2763368061029741
-0.0858906054408379 -0.2763368061029741
-0.10858627625216069 0.2690679685716661
-0.10858627625216069 -0.2690679685716661
-0.13722423407759637 0.2532967684471674
-0.13722423407759637 -0.2532967684471674
-0.29160484869385667 0.0
0.055130962716464386 0.28029443635772167
0.055130962716464386 -0.28029443635772167
0.1911712557214245 0.2068637190900179
0.1911712557214245 -0.2068637190900179
-0.21877090834566887 0.18448448757273644
-0.21877090834566887 -0.18448448757273644
-0.2904356067054501 0.022566089047236004
-0.2904356067054501 -0.022566089047236004
-0.27548974390089204 0.057071758204539344
-0.27548974390089204 -0.057071758204539344
-0.19042333403859313 0.20547085687589314
-0.19042333403859313 -0.20547085687589314
-0.26747171924455637 0.08159681020813835
-0.26747171924455637 -0.08159681020813835
-0.027421433946438534 0.281137237432069
-0.027421433946438534 -0.281137237432069
0.006490083978013299 0.28268488762273564
0.006490083978013299 -0.28268488762273564
0.06426418211215443 0.27362792799104374
0.06426418211215443 -0.27362792799104374
0.029425347480207406 0.27607532465320955
0.029425347480207406 -0.27607532465320955
0.12589469550481486 0.2488719198942835
0.12589469550481486 -0.2488719198942835
-0.010512754905954297 0.2768534708472248
-0.010512754905954297 -0.2768534708472248
0.27469146446825454 0.017318321781614104
0.27469146446825454 -0.017318321781614104
0.21949592162922 0.16544522575217022
0.21949592162922 -0.16544522575217022
0.2561186287983876 0.09864667249594089
0.2561186287983876 -0.09864667249594089
0.2347261055490022 0.13299075466426055
0.2347261055490022 -0.13299075466426055
0.19382860686382491 0.18740697110278
0.19382860686382491 -0.18740697110278
0.2640972697706025 0.05982950224808346
0.2640972697706025 -0.05982950224808346
0.2187939011464333 0.1562215790450761
0.2187939011464333 -0.1562215790450761
0.25936774121781786 0.07126960967919495
0.25936774121781786 -0.07126960967919495
-0.27486632590569837 0.0
-0.25201117970344195 0.10877576620843947
-0.25201117970344195 -0.10877576620843947
-0.21739252048707258 0.16531538649083075
-0.21739252048707258 -0.16531538649083075
-0.1920937348542701 0.19204284201170982
-0.1920937348542701 -0.19204284201170982
-0.17370263055536514 0.20531986015437365
-0.17370263055536514 -0.20531986015437365
-0.1482261455522917 0.22621661661943623
-0.1482261455522917 -0.22621661661943623
-0.13779151950604296 0.22932267982979426
-0.13779151950604296 -0.22932267982979426
0.13370404445064438 0.23112500766271643
0.13370404445064438 -0.23112500766271643
0.15660715703517558 0.21439064370538538
0.15660715703517558 -0.21439064370538538
0.26957755620962404 0.0
0.05403065708529914 0.2628269661717197
0.05403065708529914 -0.2628269661717197
0.24094911439380737 0.1128214342850329
0.24094911439380737 -0.1128214342850329
-0.24060068614558783 0.11937356304531942
-0.24060068614558783 -0.11937356304531942
0.2628682374196551 0.045083895713930455
0.2628682374196551 -0.045083895713930455
0.23316660181423451 0.11234592659921036
0.23316660181423451 -0.11234592659921036
-0.20108069036191928 0.17064184146931305
-0.20108069036191928 -0.17064184146931305
-0.25097196644857694 0.08605436416420764
-0.25097196644857694 -0.08605436416420764
-0.11945939249836443 0.23273588929028435
-0.11945939249836443 -0.23273588929028435
-0.06800668322195338 0.25642874399362175
-0.06800668322195338 -0.25642874399362175
-0.09468877862234491 0.24441467341406206
-0.09468877862234491 -0.24441467341406206
-0.040600944318064505 0.2611235856138944
-0.040600944318064505 -0.2611235856138944
-0.2694330096703778 0.009755931500895017
-0.2694330096703778 -0.009755931500895017
0.2460377147271459 0.07635234087074219
0.2460377147271459 -0.07635234087074219
0.18247531742470613 0.17632078856423972
0.18247531742470613 -0.17632078856423972
0.08107844191835017 0.24039256484800325
0.08107844191835017 -0.24039256484800325
0.14336738096150758 0.20236999909085457
0.14336738096150758 -0.20236999909085457
0.20558060410567058 0.13417671152594413
0.20558060410567058 -0.13417671152594413
0.2287321213195705 0.08596121865007093
0.2287321213195705 -0.08596121865007093
0.05938783058091365 0.24657009889428663
0.05938783058091365 -0.24657009889428663
0.1624867083736844 0.1854435589648169
0.1624867083736844 -0.1854435589648169
0.10355626829351354 0.22481919305854786
0.10355626829351354 -0.22481919305854786
0.18451547333669494 0.15456532451845048
0.18451547333669494 -0.15456532451845048
-0.027123954294116553 0.247382861841617
-0.027123954294116553 -0.247382861841617
-0.2524246966396002 0.04834013474108635
-0.2524246966396002 -0.04834013474108635
-0.0743022009838752 0.23930075535509296
-0.0743022009838752 -0.23930075535509296
-0.21360282111173923 0.13247931864094808
-0.21360282111173923 -0.13247931864094808
-0.22385225599757552 0.10968402958436241
-0.22385225599757552 -0.10968402958436241
-0.14153145241656007 0.20358184227370396
-0.14153145241656007 -0.20358184227370396
-0.12190828667059714 0.21457798083594554
-0.12190828667059714 -0.21457798083594554
-0.14847933605542551 0.1953008714674207
-0.14847933605542551 -0.1953008714674207
-0.23728769080427953 0.07777342363786342
-0.23728769080427953 -0.07777342363786342
0.11764842241780785 0.21353556254821757
0.11764842241780785 -0.21353556254821757
-0.0854665377653141 0.22868219965253553
-0.0854665377653141 -0.22868219965253553
-0.05704096767336286 0.23712681486229395
-0.05704096767336286 -0.23712681486229395
0.042252700923809366 0.24155998036746887
0.042252700923809366 -0.24155998036746887
0.24523895735577397 0.0
-0.2282619646031174 0.09797500615659674
-0.2282619646031174 -0.09797500615659674
0.23085450354403073 0.0719890866655942
0.23085450354403073 -0.0719890866655942
-0.2376026868659457 0.06426954396706502
-0.2376026868659457 -0.06426954396706502
0.01663077969236569 0.24007992658674362
0.01663077969236569 -0.24007992658674362
0.23396736085018238 0.04513475537816343
0.23396736085018238 -0.04513475537816343
0.16937730718267408 0.16753792818944074
0.16937730718267408 -0.16753792818944074
0.17967122591493523 0.15146219330405544
0.17967122591493523 -0.15146219330405544
-0.17886058861543064 0.1611895378927829
-0.17886058861543064 -0.1611895378927829
-0.18696156043590922 0.15060044161484548
-0.18696156043590922 -0.15060044161484548
0.21168357918838637 0.10198655724773942
0.21168357918838637 -0.10198655724773942
-0.16903360267614484 0.16776325709653803
-0.16903360267614484 -0.16776325709653803
0.14005996296202722 0.1848293015622283
0.14005996296202722 -0.1848293015622283
-0.2387144011399308 0.039209016897123826
-0.2387144011399308 -0.039209016897123826
-0.11894534438802251 0.20497280811004207
-0.11894534438802251 -0.20497280811004207
-0.03460023137754343 0.2377018264284887
-0.03460023137754343 -0.2377018264284887
0.006974468557892529 0.23656001369955598
0.006974468557892529 -0.23656001369955598
0.22812248692902082 0.0
0.23117318641471146 0.03437815967450638
0.23117318641471146 -0.03437815967450638
0.08825188594512198 0.21611746612410143
0.08825188594512198 -0.21611746612410143
0.19202634126959356 0.12734760907276474
0.19202634126959356 -0.12734760907276474
0.12254311482096034 0.19435855142714117
0.12254311482096034 -0.19435855142714117
-0.18822573893715724 0.13322869667705123
-0.18822573893715724 -0.13322869667705123
0.04734355014858192 0.22706596296026887
0.04734355014858192 -0.22706596296026887
0.2199839984023067 0.06700946017953618
0.2199839984023067 -0.06700946017953618
-0.15082379003414526 0.16935762382602904
-0.15082379003414526 -0.16935762382602904
0.1673014208095078 0.14760718104920884
0.1673014208095078 -0.14760718104920884
-0.2362834916654449 0.0
-0.20546420685770855 0.09188342829231949
-0.20546420685770855 -0.09188342829231949
-0.13321958072757034 0.1832517043737957
-0.13321958072757034 -0.1832517043737957
-0.10490441327744715 0.19670439032757447
-0.10490441327744715 -0.19670439032757447
-0.02320528861053384 0.22313712685604115
-0.02320528861053384 -0.22313712685604115
0.1100770183899265 0.19559281095710318
0.1100770183899265 -0.19559281095710318
0.06282152793111198 0.21435426779772604
0.06282152793111198 -0.21435426779772604
0.13455785577610413 0.17383996344882247
0.13455785577610413 -0.17383996344882247
0.21751761682363133 0.050755675519712405
0.21751761682363133 -0.050755675519712405
0.1924802360694819 0.09946733544351015
0.1924802360694819 -0.09946733544351015
0.22259089018511746 0.00355653052142879
0.22259089018511746 -0.00355653052142879
0.18614412095689897 0.11001245221489601
0.18614412095689897 -0.11001245221489601
-0.11989821687100682 0.18419820895823838
-0.11989821687100682 -0.18419820895823838
-0.16226016201045337 0.14737238177587605
-0.16226016201045337 -0.14737238177587605
-0.20097688826594706 0.09774285977782217
-0.20097688826594706 -0.09774285977782217
0.01232011806197058 0.2227233041273642
0.01232011806197058 -0.2227233041273642
-0.22070905607927974 0.05765423261088668
-0.22070905607927974 -0.05765423261088668
0.1740596725733339 0.12373948496894645
0.1740596725733339 -0.12373948496894645
-0.18339273344934384 0.11789408972462007
-0.18339273344934384 -0.11789408972462007
-0.04953449436540805 0.21487386307659237
-0.04953449436540805 -0.21487386307659237
-0.22347610269430393 0.03346836117667111
-0.22347610269430393 -0.03346836117667111
0.047749214991404776 0.21519936811514123
0.047749214991404776 -0.21519936811514123
0.08045147239043429 0.20360325280687727
0.08045147239043429 -0.20360325280687727
0.11965527487847752 0.1728809631500343
0.11965527487847752 -0.1728809631500343
-0.2068052418230814 0.07767243962090277
-0.2068052418230814 -0.07767243962090277
0.15303603618129985 0.13335554672733615
0.15303603618129985 -0.13335554672733615
-0.22224725354360594 0.0010493828857042913
-0.22224725354360594 -0.0010493828857042913
0.0019794163011337645 0.21438886891440231
0.0019794163011337645 -0.21438886891440231
-0.008715837249212967 0.21368346775788502
-0.008715837249212967 -0.21368346775788502
-0.03785449132366483 0.21049038553805213
-0.03785449132366483 -0.21049038553805213
0.20293167140434737 0.06137302559340812
0.20293167140434737 -0.06137302559340812
0.10468400208435119 0.1761998283970697
0.10468400208435119 -0.1761998283970697
0.20590195568662448 0.025983909796759696
0.20590195568662448 -0.025983909796759696
-0.2199535762088046 0.015410575169609302
-0.2199535762088046 -0.015410575169609302
0.07867250519408109 0.18778943794498013
0.07867250519408109 -0.18778943794498013
0.19934693609074328 0.040085159343350545
0.19934693609074328 -0.040085159343350545
0.1374633817023128 0.14274232435507367
0.1374633817023128 -0.14274232435507367
-0.05777358561867488 0.2004152745899906
-0.05777358561867488 -0.2004152745899906
-0.1870187570810635 0.09663888389054279
-0.1870187570810635 -0.09663888389054279
-0.08440842374127858 0.18796512843595012
-0.08440842374127858 -0.18796512843595012
0.18460766752106478 0.07870071858750206
0.18460766752106478 -0.07870071858750206
0.1778206011687835 0.0923854010237046
0.1778206011687835 -0.0923854010237046
-0.07325102258542468 0.19222672371745048
-0.07325102258542468 -0.19222672371745048
-0.10626870334253026 0.17067315114774634
-0.10626870334253026 -0.17067315114774634
-0.13503385537182494 0.148473306528663
-0.13503385537182494 -0.148473306528663
-0.17406102293632186 0.10458132671913158
-0.17406102293632186 -0.10458132671913158
0.17763543147824928 0.0857805964668709
0.17763543147824928 -0.0857805964668709
-0.2067131400550677 0.029837971512001266
-0.2067131400550677 -0.029837971512001266
-0.1680429050232441 0.11083966315138502
-0.1680429050232441 -0.11083966315138502
-0.1952666002479162 0.053054618217708446
-0.1952666002479162 -0.053054618217708446
-0.2047929910317357 0.0
0.2006675281596333 0.0
0.06988950738513137 0.18677359607444918
0.06988950738513137 -0.18677359607444918
0.19303648940659415 0.057861911529990366
0.19303648940659415 -0.057861911529990366
0.1633088150314445 0.10873261978303511
0.1633088150314445 -0.10873261978303511
0.06139456786750859 0.1927217740357656
0.06139456786750859 -0.1927217740357656
-0.20171361173926833 0.023758502427250167
-0.20171361173926833 -0.023758502427250167
-0.08365510243390091 0.1780714203824509
-0.08365510243390091 -0.1780714203824509
-0.0596054875287203 0.19054060396614872
-0.0596054875287203 -0.19054060396614872
-0.15344158561075524 0.11597890775964291
-0.15344158561075524 -0.11597890775964291
-0.14711297834308507 0.12309812642317905
-0.14711297834308507 -0.12309812642317905
-0.12425704620432049 0.14399535090964832
-0.12425704620432049 -0.14399535090964832
0.19515078001720185 0.0
0.08656186813736831 0.17214820341536333
0.08656186813736831 -0.17214820341536333
0.11254302248839071 0.1500943881750486
0.11254302248839071 -0.1500943881750486
0.12336770692647087 0.14125489993011286
0.12336770692647087 -0.14125489993011286
-0.02743104249629369 0.19485704279704694
-0.02743104249629369 -0.19485704279704694
-0.1869079396186454 0.06232439276501999
-0.1869079396186454 -0.06232439276501999
0.10149331307652434 0.15589523069069203
0.10149331307652434 -0.15589523069069203
0.1901403182686754 0.0084767864996573
0.1901403182686754 -0.0084767864996573
0.009703723584168324 0.193514724206879
0.009703723584168324 -0.193514724206879
0.04352175365295734 0.1861505893374802
0.04352175365295734 -0.1861505893374802
0.029260164408649553 0.18886949484918825
0.029260164408649553 -0.18886949484918825
0.17721553875420387 0.03148688801230093
0.17721553875420387 -0.03148688801230093
0.14671380727696903 0.10287388529884318
0.14671380727696903 -0.10287388529884318
0.12551275118198502 0.12816511324736296
0.12551275118198502 -0.12816511324736296
-0.034468795522057616 0.1888923535242002
-0.034468795522057616 -0.1888923535242002
0.13710857961208273 0.11147777326356682
0.13710857961208273 -0.11147777326356682
-0.19253317068601222 0.0
-0.012977487787971411 0.18761911936347556
-0.012977487787971411 -0.18761911936347556
-0.06730425275888362 0.17602730838376163
-0.06730425275888362 -0.17602730838376163
0.09512163733218171 0.15007158374763374
0.09512163733218171 -0.15007158374763374
-0.09022350505702159 0.16000640384356266
-0.09022350505702159 -0.16000640384356266
-0.09959596182976278 0.15348793183629683
-0.09959596182976278 -0.15348793183629683
-0.12810604915168347 0.1266206733631364
-0.12810604915168347 -0.1266206733631364
-0.1735658623389038 0.05995346514872081
-0.1735658623389038 -0.05995346514872081
-0.17899392972813222 0.03546566536363991
-0.17899392972813222 -0.03546566536363991
-0.10589604135859058 0.14165566374532407
-0.10589604135859058 -0.14165566374532407
-0.1688986120358633 0.06296958466366892
-0.1688986120358633 -0.06296958466366892
-0.14701318847391665 0.09520838097839021
-0.14701318847391665 -0.09520838097839021
-0.03920632332631228 0.17397427389943307
-0.03920632332631228 -0.17397427389943307
0.013384228093750736 0.17719297710567802
0.013384228093750736 -0.17719297710567802
-0.15962335867138755 0.0675387395725382
-0.15962335867138755 -0.0675387395725382
-0.07192302777529841 0.15593344272759438
-0.07192302777529841 -0.15593344272759438
-0.1739677390390356 0.022114262283507498
-0.1739677390390356 -0.022114262283507498
-0.12976251327632954 0.09756749171935258
-0.12976251327632954 -0.09756749171935258
-0.02816321971928549 0.1723182670893074
-0.02816321971928549 -0.1723182670893074
-0.11236753061275209 0.11903682992164656
-0.11236753061275209 -0.11903682992164656
0.14057348700363914 0.09146258255070898
0.14057348700363914 -0.09146258255070898
0.15483690124674865 0.07029119072294733
0.15483690124674865 -0.07029119072294733
0.12111744455531287 0.11192206942521121
0.12111744455531287 -0.11192206942521121
0.1632938067827172 0.056655802417830685
0.1632938067827172 -0.056655802417830685
0.17279592122175969 0.007779355844925553
0.17279592122175969 -0.007779355844925553
0.050936096425821364 0.1642341714322202
0.050936096425821364 -0.1642341714322202
0.08115795753231048 0.1447696305509732
0.08115795753231048 -0.1447696305509732
0.15202657323290208 0.0
0.16668482706402266 0.03749415019410386
0.16668482706402266 -0.03749415019410386
-0.11099669912391837 0.11214381387255509
-0.11099669912391837 -0.11214381387255509
-0.00014344411582438844 0.17215093794733008
-0.00014344411582438844 -0.17215093794733008
0.05708732340697983 0.16004778382030305
0.05708732340697983 -0.16004778382030305
0.04521522893962332 0.16302857222246797
0.04521522893962332 -0.16302857222246797
0.08642440123994363 0.13623599446632553
0.08642440123994363 -0.13623599446632553
0.13758457343309943 0.06903972590462207
0.13758457343309943 -0.06903972590462207
0.02464186696369716 0.16345241261380566
0.02464186696369716 -0.16345241261380566
0.1407005729661407 0.05824497645020488
0.1407005729661407 -0.05824497645020488
-0.1693417268734308 0.001373748095244577
-0.1693417268734308 -0.001373748095244577
-0.08262832777340742 0.13822628950833854
-0.08262832777340742 -0.13822628950833854
-0.0569524332516792 0.1532023737104893
-0.0569524332516792 -0.1532023737104893
0.06098409783658048 0.1448860698185846
0.06098409783658048 -0.1448860698185846
0.08932970565993963 0.12386133633284015
0.08932970565993963 -0.12386133633284015
-0.01685687548813926 0.15893932821347417
-0.01685687548813926 -0.15893932821347417
-0.10215315662009823 0.11935993276911919
-0.10215315662009823 -0.11935993276911919
0.11237832785684868 0.09679532882701507
0.11237832785684868 -0.09679532882701507
0.029638908525965624 0.1552768368898156
0.029638908525965624 -0.1552768368898156
-0.15047157220943724 0.05900682116678144
-0.15047157220943724 -0.05900682116678144
-0.14060164512277662 0.07116277923012451
-0.14060164512277662 -0.07116277923012451
-0.12473729263577361 0.08508372195101102
-0.12473729263577361 -0.08508372195101102
-0.15789011521275487 0.015467228355963168
-0.15789011521275487 -0.015467228355963168
-0.15297417248988718 0.03168965710188248
-0.15297417248988718 -0.03168965710188248
-0.05161340138143275 0.14448770708492556
-0.05161340138143275 -0.14448770708492556
-0.06361037918523166 0.13792118556896613
-0.06361037918523166 -0.13792118556896613
-0.14884076572788002 0.04269712036615492
-0.14884076572788002 -0.04269712036615492
-0.07454983307029218 0.12332887340614608
-0.07454983307029218 -0.12332887340614608
0.1274237003819284 0.07282300043697941
0.1274237003819284 -0.07282300043697941
0.14775292910253424 0.031182364580736685
0.14775292910253424 -0.031182364580736685
0.08405118935186195 0.1159604877749478
0.08405118935186195 -0.1159604877749478
0.1465059376419482 0.0
-0.12196855195821098 0.07247995839131585
-0.12196855195821098 -0.07247995839131585
-0.0007182378918744567 0.15056406182338863
-0.0007182378918744567 -0.15056406182338863
0.09556033568834352 0.099839274486317
0.09556033568834352 -0.099839274486317
-0.08536004678446343 0.10619772302456083
-0.08536004678446343 -0.10619772302456083
-0.01831773277984498 0.14604397615883613
-0.01831773277984498 -0.14604397615883613
-0.0684587145368066 0.11855489020867212
-0.0684587145368066 -0.11855489020867212
0.14407775292830055 0.024209686172073662
0.14407775292830055 -0.024209686172073662
0.099752312139541 0.08784313192899317
0.099752312139541 -0.08784313192899317
-0.12881969622251266 0.056032100931908045
-0.12881969622251266 -0.056032100931908045
-0.1381511030166197 0.0
-0.10221623968760249 0.08356929536057357
-0.10221623968760249 -0.08356929536057357
-0.12546440320278993 0.032949905456092075
-0.12546440320278993 -0.032949905456092075
-0.12938656550116312 0.018839575623339204
-0.12938656550116312 -0.018839575623339204
0.035992595572549885 0.1358357324050136
0.035992595572549885 -0.1358357324050136
0.059223223164987404 0.12467778633893253
0.059223223164987404 -0.12467778633893253
0.12922892844881192 0.04197788123467231
0.12922892844881192 -0.04197788123467231
-0.12433332547412475 0.0
-0.1130748869207008 0.046615885129780515
-0.1130748869207008 -0.046615885129780515
0.06824361141469576 0.11379978146787023
0.06824361141469576 -0.11379978146787023
0.1205265952318171 0.05711921187856601
0.1205265952318171 -0.05711921187856601
-0.04910009574290901 0.12142800339915535
-0.04910009574290901 -0.12142800339915535
-0.0802059367858635 0.09209947572902932
-0.0802059367858635 -0.09209947572902932
-0.00843817955160973 0.13501920102831957
-0.00843817955160973 -0.13501920102831957
0.014453068248306462 0.1332332857082278
0.014453068248306462 -0.1332332857082278
0.1276691816512373 0.012900585310253473
0.1276691816512373 -0.012900585310253473
-0.092072729500006 0.07256419633542895
-0.092072729500006 -0.07256419633542895
0.1077516914679944 0.06500277332205023
0.1077516914679944 -0.06500277332205023
-0.031746701152612064 0.1229076195254142
-0.031746701152612064 -0.1229076195254142
0.1092563461430279 0.05213422692136822
0.1092563461430279 -0.05213422692136822
0.04262525802170301 0.11670566677553346
0.04262525802170301 -0.11670566677553346
0.05950394683172593 0.1025498256553983
0.05950394683172593 -0.1025498256553983
-0.024177369178220283 0.11907643420378361
-0.024177369178220283 -0.11907643420378361
0.002081725609665306 0.12286870757139806
0.002081725609665306 -0.12286870757139806
0.0246659973893086 0.11814161095286588
0.0246659973893086 -0.11814161095286588
0.09306635563472006 0.06847689847950968
0.09306635563472006 -0.06847689847950968
0.08410828706514505 0.07813989377900972
0.08410828706514505 -0.07813989377900972
0.06415824539844646 0.09292537117389882
0.06415824539844646 -0.09292537117389882
0.11318947569405746 0.022737601783116554
0.11318947569405746 -0.022737601783116554
0.1152738720249759 0.0
0.05044324439464269 0.09988340253277188
0.05044324439464269 -0.09988340253277188
-0.05880604812845826 0.0973056646556329
-0.05880604812845826 -0.0973056646556329
-0.07966449355859063 0.07538205751776092
-0.07966449355859063 -0.07538205751776092
0.09878624935055091 0.04440867232654897
0.09878624935055091 -0.04440867232654897
-0.10535327564266625 0.03274445380282883
-0.10535327564266625 -0.03274445380282883
-0.08894050243244105 0.06137224990511009
-0.08894050243244105 -0.06137224990511009
-0.09199262518343594 0.05279206835488296
-0.09199262518343594 -0.05279206835488296
0.06662872265900543 0.07668623157576329
0.06662872265900543 -0.07668623157576329
0.057015320167098815 0.07970425297129102
0.057015320167098815 -0.07970425297129102
-0.050488797437894486 0.08663849377661458
-0.050488797437894486 -0.08663849377661458
0.10401469832866674 0.028854166431027034
0.10401469832866674 -0.028854166431027034
-0.10809268303216021 0.0031672971934559014
-0.10809268303216021 -0.0031672971934559014
-0.10631256215311007 0.01454498703528925
-0.10631256215311007 -0.01454498703528925
-0.00839454516369833 0.10494673228223036
-0.00839454516369833 -0.10494673228223036
-0.022056337408666707 0.10401018703802377
-0.022056337408666707 -0.10401018703802377
-0.03800927071620448 0.09472451689449563
-0.03800927071620448 -0.09472451689449563
0.005656164172856149 0.10236890556928444
0.005656164172856149 -0.10236890556928444
-0.08090242801580542 0.04760607997286134
-0.08090242801580542 -0.04760607997286134
0.0248773105169436 0.09383699058078986
0.0248773105169436 -0.09383699058078986
-0.08858371757307418 0.0180942981478125
-0.08858371757307418 -0.0180942981478125
0.003149744009169492 0.09734995440260573
0.003149744009169492 -0.09734995440260573
0.08334481495021194 0.038461164020777525
0.08334481495021194 -0.038461164020777525
0.022520887183313264 0.09027372361663207
0.022520887183313264 -0.09027372361663207
0.08006650992573475 0.0
0.09134150905691535 0.007430461766391309
0.09134150905691535 -0.007430461766391309
-0.060974696624851416 0.059764874661751906
-0.060974696624851416 -0.059764874661751906
-0.05189954921164336 0.06830883463122865
-0.05189954921164336 -0.06830883463122865
-0.010143447629915354 0.0884339011268064
-0.010143447629915354 -0.0884339011268064
0.05814281924660086 0.05758333186966355
0.05814281924660086 -0.05758333186966355
-0.03445347276447232 0.07576768850130032
-0.03445347276447232 -0.07576768850130032
0.06835345775736296 0.04133517979276403
0.06835345775736296 -0.04133517979276403
0.07904311091722213 0.024142176215420134
0.07904311091722213 -0.024142176215420134
0.028717803931580077 0.07624951385590334
0.028717803931580077 -0.07624951385590334
-0.0452555818374798 0.06472443017649307
-0.0452555818374798 -0.06472443017649307
-0.07370767265368129 0.01718986335820682
-0.07370767265368129 -0.01718986335820682
0.008860381812804793 0.07655799334599495
0.008860381812804793 -0.07655799334599495
0.07749029874498159 0.0
0.039021217827665045 0.05353755611892469
0.039021217827665045 -0.05353755611892469
-0.05839178250400964 0.03493159039957662
-0.05839178250400964 -0.03493159039957662
0.06756929405015563 0.0
-0.045395238480064694 0.05001001655667326
-0.045395238480064694 -0.05001001655667326
0.00924395613136338 0.06638436478737539
0.00924395613136338 -0.06638436478737539
0.044225071543209246 0.04050622762016857
0.044225071543209246 -0.04050622762016857
-0.06422096546501871 0.010468359050960295
-0.06422096546501871 -0.010468359050960295
0.025683042424020586 0.05428742606054857
0.025683042424020586 -0.05428742606054857
0.05427494831600478 0.018165204420447438
0.05427494831600478 -0.018165204420447438
-0.008013388880554265 0.05780044884667793
-0.008013388880554265 -0.05780044884667793
-0.020713113349079486 0.04501806624698776
-0.020713113349079486 -0.04501806624698776
-0.06359701422043265 0.0
-0.059260324806877124 0.010060581788812141
-0.059260324806877124 -0.010060581788812141
-0.05159914410595295 0.019483121161403855
-0.05159914410595295 -0.019483121161403855
0.04674247794035581 0.0
0.005757918092289649 0.04609592564776014
0.005757918092289649 -0.04609592564776014
0.03257624600653537 0.025400258051405243
0.03257624600653537 -0.025400258051405243
0.020037786410049406 0.03536463750380295
0.020037786410049406 -0.03536463750380295
0.03511663366847594 0.007855574016299037
0.03511663366847594 -0.007855574016299037
0.0323092302366177 0.0
-0.022014183462436634 0.026967531768439083
-0.022014183462436634 -0.026967531768439083
0.014083120829754282 0.03021865204479383
0.014083120829754282 -0.03021865204479383
-0.03129849210462744 0.02103806666948887
-0.03129849210462744 -0.02103806666948887
-0.03335595757423482 0.007058907600710105
-0.03335595757423482 -0.007058907600710105
0.018070590048519544 0.0
-0.012386521602167942 0.019749262265409896
-0.012386521602167942 -0.019749262265409896
-0.024632975517176806 0.0
0.0018319207295932724 0.007574408348232534
0.0018319207295932724 -0.007574408348232534
0.005777878496353506 0.0
-0.014882146782738984 0.0
