-2.4155817323897 0.0
0.9111303771868033 1.8318277082322043
0.9111303771868033 -1.8318277082322043
1.665198420736929 0.0
-0.9908314505573494 0.522665028941111
-0.9908314505573494 -0.522665028941111
-0.21569108856147418 1.1009140543946017
-0.21569108856147418 -1.1009140543946017
0.9972014652119301 0.39374599782791087
0.9972014652119301 -0.39374599782791087
-0.41604039484011035 0.9646317261607087
-0.41604039484011035 -0.9646317261607087
0.799705022217346 0.5809238862517638
0.799705022217346 -0.5809238862517638
0.6376511666694954 0.7745540721097927
0.6376511666694954 -0.7745540721097927
0.9418029081011925 0.1850270021301792
0.9418029081011925 -0.1850270021301792
0.9450336981088462 0.060640907201495654
0.9450336981088462 -0.060640907201495654
-0.8565384660634174 0.4604710528366348
-0.8565384660634174 -0.4604710528366348
-0.6691272962933701 0.7023156765156859
-0.6691272962933701 -0.7023156765156859
-0.9819463568095191 0.0
-0.9102186643308399 0.22408020084387315
-0.9102186643308399 -0.22408020084387315
-0.9353062625266566 0.037150705948677865
-0.9353062625266566 -0.037150705948677865
0.2020159676602602 0.9504256174068128
0.2020159676602602 -0.9504256174068128
-0.8971853329936961 0.08100605329396046
-0.8971853329936961 -0.08100605329396046
-0.8253640672421236 0.32403181764740013
-0.8253640672421236 -0.32403181764740013
-0.3977863475884249 0.8514057875335208
-0.3977863475884249 -0.8514057875335208
0.0471807932583036 0.9520196190686101
0.0471807932583036 -0.9520196190686101
-0.4898296407066546 0.7592354974468711
-0.4898296407066546 -0.7592354974468711
-0.5669561703801672 0.6919615782209538
-0.5669561703801672 -0.6919615782209538
-0.37256562316287833 0.8190579693292283
-0.37256562316287833 -0.8190579693292283
-0.019992628088950734 0.9214182605005431
-0.019992628088950734 -0.9214182605005431
-0.2295000830966723 0.8627817001849089
-0.2295000830966723 -0.8627817001849089
0.5163909024066143 0.774645315882173
0.5163909024066143 -0.774645315882173
0.37068902226361755 0.8531216080627863
0.37068902226361755 -0.8531216080627863
0.8358896953059902 0.344959249923694
0.8358896953059902 -0.344959249923694
0.1099383515133837 0.8835066114712384
0.1099383515133837 -0.8835066114712384
0.2763084102429757 0.8453300172646496
0.2763084102429757 -0.8453300172646496
0.6703177384791916 0.5393720623380738
0.6703177384791916 -0.5393720623380738
0.8518242416119245 0.0827714164081903
0.8518242416119245 -0.0827714164081903
-0.6975188901568135 0.4827473399898892
-0.6975188901568135 -0.4827473399898892
0.48703884588422564 0.6996498016584644
0.48703884588422564 -0.6996498016584644
0.41099834694453463 0.7301626706997171
0.41099834694453463 -0.7301626706997171
-0.7907796052139107 0.2615577953646622
-0.7907796052139107 -0.2615577953646622
0.744456992864112 0.3583744749255848
0.744456992864112 -0.3583744749255848
0.5272306521478466 0.6014695080719592
0.5272306521478466 -0.6014695080719592
-0.2522919006829123 0.767240621117136
-0.2522919006829123 -0.767240621117136
0.18864049981254105 0.7710975589121466
0.18864049981254105 -0.7710975589121466
0.7799266744169853 0.0
0.7502877508597067 0.2380128061927385
0.7502877508597067 -0.2380128061927385
-0.4938007509533516 0.6334550746986414
-0.4938007509533516 -0.6334550746986414
-0.022207591782652823 0.7847673288725074
-0.022207591782652823 -0.7847673288725074
-0.7820195629938804 0.0
0.7498311513040963 0.06415066971683515
0.7498311513040963 -0.06415066971683515
0.6335342898483349 0.41422386414473245
0.6335342898483349 -0.41422386414473245
0.5564469814153875 0.5135653346098398
0.5564469814153875 -0.5135653346098398
0.6911634884113571 0.2924935824043322
0.6911634884113571 -0.2924935824043322
0.09256568726978603 0.7490677697401088
0.09256568726978603 -0.7490677697401088
-0.09679410284967599 0.7512167359737785
-0.09679410284967599 -0.7512167359737785
-0.547160389341304 0.5287638158775892
-0.547160389341304 -0.5287638158775892
-0.6295409016922164 0.40472989231235673
-0.6295409016922164 -0.40472989231235673
-0.22996418822317732 0.7108692697664577
-0.22996418822317732 -0.7108692697664577
-0.6970417365474382 0.23119269606976944
-0.6970417365474382 -0.23119269606976944
-0.6551387831779633 0.33020158478143574
-0.6551387831779633 -0.33020158478143574
0.23476229146616584 0.6910595316792519
0.23476229146616584 -0.6910595316792519
-0.7110095360176418 0.04199330005474783
-0.7110095360176418 -0.04199330005474783
-0.3366060775571417 0.6374530519461217
-0.3366060775571417 -0.6374530519461217
-0.4001097142619563 0.5944870190640866
-0.4001097142619563 -0.5944870190640866
0.4588992016662147 0.5394505474616877
0.4588992016662147 -0.5394505474616877
-0.5485205917264403 0.4264993388521268
-0.5485205917264403 -0.4264993388521268
0.6861817073712556 0.0
0.511248962930128 0.4547162553466407
0.511248962930128 -0.4547162553466407
-0.12194141041671663 0.667727322294617
-0.12194141041671663 -0.667727322294617
0.6206402830344967 0.24701596772840187
0.6206402830344967 -0.24701596772840187
0.3539209792144404 0.5692836860834899
0.3539209792144404 -0.5692836860834899
-0.3433491821827479 0.5763875567754112
-0.3433491821827479 -0.5763875567754112
-0.45280312662836786 0.46038493378262624
-0.45280312662836786 -0.46038493378262624
0.22362575816028568 0.5941589731366239
0.22362575816028568 -0.5941589731366239
0.6052165863170393 0.18324475798574436
0.6052165863170393 -0.18324475798574436
0.5089653498172474 0.3728392275484454
0.5089653498172474 -0.3728392275484454
0.6143896398686098 0.06109937521717714
0.6143896398686098 -0.06109937521717714
-0.38020062847162284 0.4735169588483866
-0.38020062847162284 -0.4735169588483866
0.10131982462506026 0.5935277369206629
0.10131982462506026 -0.5935277369206629
-0.5561467457066537 0.22081149719700552
-0.5561467457066537 -0.22081149719700552
-0.5826353077208678 0.12482856957367648
-0.5826353077208678 -0.12482856957367648
-0.1975994870526925 0.5576651278058301
-0.1975994870526925 -0.5576651278058301
-0.5238443414360356 0.27289806074956807
-0.5238443414360356 -0.27289806074956807
0.497329114842879 0.3288244023448359
0.497329114842879 -0.3288244023448359
-0.03608408048018369 0.5901138730306102
-0.03608408048018369 -0.5901138730306102
0.5660925297627817 0.0
-0.479630386492092 0.3004897094445867
-0.479630386492092 -0.3004897094445867
0.4250753141082161 0.3874234520046058
0.4250753141082161 -0.3874234520046058
-0.5634332019184445 0.009924475957972556
-0.5634332019184445 -0.009924475957972556
-0.02261261397919583 0.5605398083597829
-0.02261261397919583 -0.5605398083597829
0.24212325365085496 0.5026061205492627
0.24212325365085496 -0.5026061205492627
-0.5038183695367375 0.1667021454215281
-0.5038183695367375 -0.1667021454215281
-0.3852419479579331 0.356683435074674
-0.3852419479579331 -0.356683435074674
0.5071382050582371 0.1488860437149242
0.5071382050582371 -0.1488860437149242
0.5107149137829039 0.0
-0.22439575104032378 0.4738430121257681
-0.22439575104032378 -0.4738430121257681
-0.4549413041513001 0.21080811534295502
-0.4549413041513001 -0.21080811534295502
-0.08223507206144562 0.499179245144819
-0.08223507206144562 -0.499179245144819
0.293207094922901 0.4069622534220087
0.293207094922901 -0.4069622534220087
0.13862495932720745 0.47834170292418854
0.13862495932720745 -0.47834170292418854
-0.48832840306888714 0.03512201983880257
-0.48832840306888714 -0.03512201983880257
0.10377034845575592 0.4711518884401421
0.10377034845575592 -0.4711518884401421
0.02387612927724144 0.4791906601234754
0.02387612927724144 -0.4791906601234754
0.4025165764388027 0.2569775740260017
0.4025165764388027 -0.2569775740260017
0.46151164482581664 0.09065991883284859
0.46151164482581664 -0.09065991883284859
0.32008448861603744 0.34188843033749766
0.32008448861603744 -0.34188843033749766
0.3600721628399366 0.2975945683176083
0.3600721628399366 -0.2975945683176083
0.23179950143001654 0.39562122121239424
0.23179950143001654 -0.39562122121239424
-0.24261497879552718 0.3862102635209016
-0.24261497879552718 -0.3862102635209016
-0.20907777562011481 0.40364656342312
-0.20907777562011481 -0.40364656342312
0.3707371632795275 0.24867416759526023
0.3707371632795275 -0.24867416759526023
-0.394356478408565 0.2144844198115214
-0.394356478408565 -0.2144844198115214
-0.3579001282769732 0.2564703565770194
-0.3579001282769732 -0.2564703565770194
-0.00992294787602124 0.4350072902440058
-0.00992294787602124 -0.4350072902440058
-0.414563115326548 0.09409244937487177
-0.414563115326548 -0.09409244937487177
-0.27981763564813744 0.3292499765870478
-0.27981763564813744 -0.3292499765870478
-0.3821696227094007 0.15188873068655745
-0.3821696227094007 -0.15188873068655745
0.36561900672980424 0.1933356367355978
0.36561900672980424 -0.1933356367355978
0.40634905584433945 0.060313425659785265
0.40634905584433945 -0.060313425659785265
0.27428809751709843 0.29988041520144987
0.27428809751709843 -0.29988041520144987
0.1595122334657834 0.3677091036404468
0.1595122334657834 -0.3677091036404468
-0.37421960848284097 0.0995415172661544
-0.37421960848284097 -0.0995415172661544
-0.38245764405742866 0.0
-0.1120935354482991 0.37349306638816687
-0.1120935354482991 -0.37349306638816687
0.327698496834539 0.18242816725670852
0.327698496834539 -0.18242816725670852
0.10363676138827063 0.3606763437059933
0.10363676138827063 -0.3606763437059933
-0.002286608290133216 0.3734687073546269
-0.002286608290133216 -0.3734687073546269
0.28207370822349564 0.23195583370959072
0.28207370822349564 -0.23195583370959072
0.1936505421823569 0.2999342214737034
0.1936505421823569 -0.2999342214737034
0.3502990100678275 0.043532908765614574
0.3502990100678275 -0.043532908765614574
-0.059714585663253286 0.3560418982047947
-0.059714585663253286 -0.3560418982047947
0.15547410954129193 0.31502892908451435
0.15547410954129193 -0.31502892908451435
0.33022565782684354 0.1275935864640027
0.33022565782684354 -0.1275935864640027
0.0419940943066483 0.3501930994730626
0.0419940943066483 -0.3501930994730626
-0.15503710654196762 0.31710203999991077
-0.15503710654196762 -0.31710203999991077
-0.20017962203381706 0.29308008775001515
-0.20017962203381706 -0.29308008775001515
-0.26518377810867394 0.2290033775757672
-0.26518377810867394 -0.2290033775757672
-0.33142797031195376 0.0
-0.1357179495906721 0.31768144464398534
-0.1357179495906721 -0.31768144464398534
0.09433611844913434 0.32787062133074185
0.09433611844913434 -0.32787062133074185
-0.3067054065110246 0.14220973628520522
-0.3067054065110246 -0.14220973628520522
-0.19627091610498504 0.28044022989687206
-0.19627091610498504 -0.28044022989687206
-0.21791545409549715 0.2609387439782814
-0.21791545409549715 -0.2609387439782814
-0.07769218829753799 0.3218455425327316
-0.07769218829753799 -0.3218455425327316
-0.25205673470340906 0.21443485319499994
-0.25205673470340906 -0.21443485319499994
0.23965574591172356 0.22261124253412592
0.23965574591172356 -0.22261124253412592
0.30849225106991573 0.10256461509451088
0.30849225106991573 -0.10256461509451088
0.2837418661827049 0.15583898131490376
0.2837418661827049 -0.15583898131490376
-0.30941639516512154 0.11730651318129404
-0.30941639516512154 -0.11730651318129404
-0.22625017596227437 0.20930010024777312
-0.22625017596227437 -0.20930010024777312
-0.3040185060388486 0.0466748575582552
-0.3040185060388486 -0.0466748575582552
-0.29348248730705134 0.0
0.0944334134749678 0.29834781265030164
0.0944334134749678 -0.29834781265030164
-0.14287432805379519 0.26928442884143966
-0.14287432805379519 -0.26928442884143966
0.2032783122124268 0.242844130426516
0.2032783122124268 -0.242844130426516
-0.04242358419174945 0.30043997068776956
-0.04242358419174945 -0.30043997068776956
-0.29165072653834606 0.01641809013391277
-0.29165072653834606 -0.01641809013391277
-0.2761112377098334 0.07077590375528378
-0.2761112377098334 -0.07077590375528378
-0.18719619399194576 0.21966119763171527
-0.18719619399194576 -0.21966119763171527
-0.25847833636142753 0.11173346171077321
-0.25847833636142753 -0.11173346171077321
0.15996710621979765 0.2541923086621328
0.15996710621979765 -0.2541923086621328
0.2616730418642934 0.17009806235003516
0.2616730418642934 -0.17009806235003516
0.0923660388017173 0.2769422669416437
0.0923660388017173 -0.2769422669416437
0.00046657676447781277 0.2821579686061302
0.00046657676447781277 -0.2821579686061302
-0.019807944695202837 0.28314239316881074
-0.019807944695202837 -0.28314239316881074
-0.0702907332284719 0.26947307415530947
-0.0702907332284719 -0.26947307415530947
0.2847123422913317 0.10051161981077478
0.2847123422913317 -0.10051161981077478
0.2904044163099532 0.08395839146661234
0.2904044163099532 -0.08395839146661234
-0.12901998032549972 0.2457175223758117
-0.12901998032549972 -0.2457175223758117
0.2958343543190084 0.005545193085933873
0.2958343543190084 -0.005545193085933873
0.22718293651277507 0.18352067735606398
0.22718293651277507 -0.18352067735606398
0.29115577601983716 0.045653688151854756
0.29115577601983716 -0.045653688151854756
0.14034484665244323 0.23245566183144467
0.14034484665244323 -0.23245566183144467
0.10936964834321061 0.2476862998735216
0.10936964834321061 -0.2476862998735216
0.2228098092951934 0.14715881381512758
0.2228098092951934 -0.14715881381512758
0.20300526612600522 0.17079412665843682
0.20300526612600522 -0.17079412665843682
0.25940485108843037 0.08333740898502463
0.25940485108843037 -0.08333740898502463
0.2650674807965726 0.04475548621119744
0.2650674807965726 -0.04475548621119744
0.1634449506904943 0.20455325008074096
0.1634449506904943 -0.20455325008074096
0.03909642139983331 0.2648058268620583
0.03909642139983331 -0.2648058268620583
-0.004872713637573871 0.2674000398297638
-0.004872713637573871 -0.2674000398297638
0.05980606231676317 0.2578531624680296
0.05980606231676317 -0.2578531624680296
-0.22702654401913724 0.15406603664749283
-0.22702654401913724 -0.15406603664749283
-0.18526778012064776 0.19849074122977062
-0.18526778012064776 -0.19849074122977062
0.07883520183915567 0.24554488210491957
0.07883520183915567 -0.24554488210491957
0.21909469007564764 0.1300400742561053
0.21909469007564764 -0.1300400742561053
0.1120007301150206 0.22199235701622758
0.1120007301150206 -0.22199235701622758
-0.23713365552647153 0.11535837784255747
-0.23713365552647153 -0.11535837784255747
0.04919091511721639 0.24408639929268888
0.04919091511721639 -0.24408639929268888
-0.26061566024509997 0.0646216446150022
-0.26061566024509997 -0.0646216446150022
-0.02412226486836326 0.24895168743380913
-0.02412226486836326 -0.24895168743380913
-0.16263132774865346 0.19376666548090596
-0.16263132774865346 -0.19376666548090596
-0.19887539998136652 0.1603716400186379
-0.19887539998136652 -0.1603716400186379
0.2326172663683649 0.08719462746036809
0.2326172663683649 -0.08719462746036809
-0.25617470664898945 0.03368218489536846
-0.25617470664898945 -0.03368218489536846
-0.13120068150567965 0.21042558075807083
-0.13120068150567965 -0.21042558075807083
-0.18708848089849006 0.1644237477163625
-0.18708848089849006 -0.1644237477163625
0.22310987705988972 0.0969725733273199
0.22310987705988972 -0.0969725733273199
-0.08305136549857008 0.23184923328285
-0.08305136549857008 -0.23184923328285
-0.2479436330549148 0.052154623087452265
-0.2479436330549148 -0.052154623087452265
0.2393042361348025 0.008654309617791237
0.2393042361348025 -0.008654309617791237
-0.06891652750153149 0.23669516659070886
-0.06891652750153149 -0.23669516659070886
-0.2322697046197763 0.08777255441123738
-0.2322697046197763 -0.08777255441123738
0.1337836477884572 0.1991046004097389
0.1337836477884572 -0.1991046004097389
0.19224327434126742 0.1414101895689297
0.19224327434126742 -0.1414101895689297
0.12093234502232442 0.20199333310985196
0.12093234502232442 -0.20199333310985196
0.16598616669074615 0.15638699839753256
0.16598616669074615 -0.15638699839753256
0.0849018108532381 0.2205339233886414
0.0849018108532381 -0.2205339233886414
0.21603661428442955 0.07204877534456165
0.21603661428442955 -0.07204877534456165
0.22788809388638326 0.0157061454161793
0.22788809388638326 -0.0157061454161793
-0.20478363248897366 0.13319089770363007
-0.20478363248897366 -0.13319089770363007
-0.23901443246834614 0.010970992797230563
-0.23901443246834614 -0.010970992797230563
-0.21175403105377813 0.11951012294113564
-0.21175403105377813 -0.11951012294113564
0.013178771791895024 0.23711830986768798
0.013178771791895024 -0.23711830986768798
0.027036198213632012 0.23282818092620922
0.027036198213632012 -0.23282818092620922
-0.21103876434637248 0.10798516023080669
-0.21103876434637248 -0.10798516023080669
-0.03537043958757159 0.23288662180959402
-0.03537043958757159 -0.23288662180959402
0.20284456639175374 0.09202735222633944
0.20284456639175374 -0.09202735222633944
-0.10689837078870842 0.20982341494976978
-0.10689837078870842 -0.20982341494976978
-0.13138527303669642 0.18936878664068552
-0.13138527303669642 -0.18936878664068552
-0.05425716757184311 0.22257470121683418
-0.05425716757184311 -0.22257470121683418
-0.0867729265941995 0.20836087884408996
-0.0867729265941995 -0.20836087884408996
-0.18052269370668356 0.12568970131209584
-0.18052269370668356 -0.12568970131209584
-0.017496588955283932 0.21221373017570022
-0.017496588955283932 -0.21221373017570022
-0.1028928795344556 0.19179438033691154
-0.1028928795344556 -0.19179438033691154
-0.056267366235534244 0.21157447697604617
-0.056267366235534244 -0.21157447697604617
-0.22049851537699286 0.028935854349484598
-0.22049851537699286 -0.028935854349484598
-0.2176552060461857 0.0
-0.20649052439549678 0.06338243016593281
-0.20649052439549678 -0.06338243016593281
-0.1370541176591149 0.17391582991142168
-0.1370541176591149 -0.17391582991142168
-0.14202057748093658 0.15876177647763423
-0.14202057748093658 -0.15876177647763423
0.04305738356968347 0.21064163396475935
0.04305738356968347 -0.21064163396475935
-0.010267282291633215 0.20903019387389193
-0.010267282291633215 -0.20903019387389193
0.0926460792535409 0.19599754395854327
0.0926460792535409 -0.19599754395854327
0.10476832060045443 0.1881119684641044
0.10476832060045443 -0.1881119684641044
0.13983907281557562 0.16483602538526976
0.13983907281557562 -0.16483602538526976
0.14281035926554958 0.1613135058219596
0.14281035926554958 -0.1613135058219596
0.17491675011400226 0.12325927748361494
0.17491675011400226 -0.12325927748361494
0.20363972469986408 0.06341758417359415
0.20363972469986408 -0.06341758417359415
0.16677073444557738 0.13169238432033822
0.16677073444557738 -0.13169238432033822
0.21245786714676035 0.013191552769996253
0.21245786714676035 -0.013191552769996253
0.20729211226319028 0.04906427441948823
0.20729211226319028 -0.04906427441948823
0.07055209974082521 0.19499508736240243
0.07055209974082521 -0.19499508736240243
0.08526499448829009 0.1865684218730903
0.08526499448829009 -0.1865684218730903
0.17275296563361897 0.11153955891060315
0.17275296563361897 -0.11153955891060315
0.20215513077666258 0.04181333088379
0.20215513077666258 -0.04181333088379
0.13246907599253957 0.15516396113359185
0.13246907599253957 -0.15516396113359185
-0.1605826150457868 0.13323865171846183
-0.1605826150457868 -0.13323865171846183
-0.13200958711854235 0.16054347074231362
-0.13200958711854235 -0.16054347074231362
-0.19026034382240936 0.09381344556644536
-0.19026034382240936 -0.09381344556644536
-0.20493770037906386 0.04092088542293279
-0.20493770037906386 -0.04092088542293279
-0.10277865281075706 0.17942804495913892
-0.10277865281075706 -0.17942804495913892
0.015350811701159811 0.20409071964507122
0.015350811701159811 -0.20409071964507122
-0.1690325996853308 0.11708717462443809
-0.1690325996853308 -0.11708717462443809
-0.18923438820628358 0.08113122182687388
-0.18923438820628358 -0.08113122182687388
0.10517763317622866 0.16509452114746032
0.10517763317622866 -0.16509452114746032
0.20350489861738907 0.0
0.19890868289163555 0.0
-0.1976117479420083 0.028606990519537422
-0.1976117479420083 -0.028606990519537422
0.18829466414416327 0.04633679382279374
0.18829466414416327 -0.04633679382279374
0.171017002202698 0.08435530463710161
0.171017002202698 -0.08435530463710161
-0.17208782493340902 0.0981763924740337
-0.17208782493340902 -0.0981763924740337
0.13429349215112457 0.1385994273911284
0.13429349215112457 -0.1385994273911284
-0.13306746332165326 0.14416820077208037
-0.13306746332165326 -0.14416820077208037
-0.08316217631600878 0.17736000750757266
-0.08316217631600878 -0.17736000750757266
0.06191491139878268 0.18197003137981385
0.06191491139878268 -0.18197003137981385
-0.045240993654158644 0.18797410767065578
-0.045240993654158644 -0.18797410767065578
-0.06593294418923623 0.179922077982339
-0.06593294418923623 -0.179922077982339
0.003542707183775695 0.19169555333182164
0.003542707183775695 -0.19169555333182164
-0.1885346098043804 0.04559207912855243
-0.1885346098043804 -0.04559207912855243
-0.18306504504424917 0.05901162293566023
-0.18306504504424917 -0.05901162293566023
-0.1477999486626977 0.1168462188731979
-0.1477999486626977 -0.1168462188731979
-0.07670942291479499 0.1763934846759591
-0.07670942291479499 -0.1763934846759591
-0.02940595600000332 0.18854398009081433
-0.02940595600000332 -0.18854398009081433
0.029808502325033136 0.18930735641761515
0.029808502325033136 -0.18930735641761515
0.10379875242555375 0.15696786903468246
0.10379875242555375 -0.15696786903468246
0.18939694459006512 0.017243181753894523
0.18939694459006512 -0.017243181753894523
0.11813421042349088 0.1467738548037532
0.11813421042349088 -0.1467738548037532
0.16801723360701204 0.08795210787755102
0.16801723360701204 -0.08795210787755102
0.1786753527042056 0.06298503017196964
0.1786753527042056 -0.06298503017196964
0.185169933007463 0.0
0.1514332455644581 0.10568427720211664
0.1514332455644581 -0.10568427720211664
0.14336008326973912 0.10941335219590702
0.14336008326973912 -0.10941335219590702
0.1326116086228693 0.12309331127067177
0.1326116086228693 -0.12309331127067177
0.1106722447611761 0.1372676858614578
0.1106722447611761 -0.1372676858614578
0.16510379307450562 0.06451346466739107
0.16510379307450562 -0.06451346466739107
0.07259391595201013 0.16200660540609899
0.07259391595201013 -0.16200660540609899
0.011246302016989474 0.18337261663804877
0.011246302016989474 -0.18337261663804877
0.04392282024873149 0.1724307550873315
0.04392282024873149 -0.1724307550873315
0.033852669151695464 0.17550439158405595
0.033852669151695464 -0.17550439158405595
-0.18707576766224474 0.0
-0.11281054262563389 0.1463512569203868
-0.11281054262563389 -0.1463512569203868
-0.09945196803619062 0.15133609672709117
-0.09945196803619062 -0.15133609672709117
-0.16197201053821558 0.09057053460099744
-0.16197201053821558 -0.09057053460099744
-0.12045209381917849 0.13670808778292426
-0.12045209381917849 -0.13670808778292426
-0.18054578134455906 0.020580987189197653
-0.18054578134455906 -0.020580987189197653
-0.13373414710418574 0.11809238951147234
-0.13373414710418574 -0.11809238951147234
-0.02665945669460189 0.17484572181795058
-0.02665945669460189 -0.17484572181795058
-0.16963388815950492 0.06187087015740178
-0.16963388815950492 -0.06187087015740178
-0.057806693521734745 0.16658377341572295
-0.057806693521734745 -0.16658377341572295
-0.14304237727614727 0.1063068622910174
-0.14304237727614727 -0.1063068622910174
0.1691874432632936 0.03856202510646431
0.1691874432632936 -0.03856202510646431
0.056911391237273484 0.16291229798153023
0.056911391237273484 -0.16291229798153023
0.06944941320215328 0.15661627266287334
0.06944941320215328 -0.15661627266287334
0.1720424567613792 0.012921876630209104
0.1720424567613792 -0.012921876630209104
-0.03545682072177891 0.1700936757883332
-0.03545682072177891 -0.1700936757883332
0.12470221904489368 0.11635101326295688
0.12470221904489368 -0.11635101326295688
-0.0033685411927419943 0.1729239802495685
-0.0033685411927419943 -0.1729239802495685
0.15264673560462608 0.06851198981617711
0.15264673560462608 -0.06851198981617711
0.11479680924132496 0.1190981466856226
0.11479680924132496 -0.1190981466856226
0.13775141754918147 0.08579490682449956
0.13775141754918147 -0.08579490682449956
0.1669000143675525 0.0
0.08633371370421379 0.13575111483283817
0.08633371370421379 -0.13575111483283817
-0.11772662305140816 0.11971260492369412
-0.11772662305140816 -0.11971260492369412
-0.1400115727455446 0.09697998838699598
-0.1400115727455446 -0.09697998838699598
-0.09954947907569608 0.13315717735849472
-0.09954947907569608 -0.13315717735849472
-0.07763498622104152 0.1469900753169679
-0.07763498622104152 -0.1469900753169679
0.16563040397783063 0.021553909114525552
0.16563040397783063 -0.021553909114525552
-0.15335803032054462 0.07377372372763104
-0.15335803032054462 -0.07377372372763104
-0.1704720256719536 0.009768769230860634
-0.1704720256719536 -0.009768769230860634
-0.08451216474485415 0.1364801358588901
-0.08451216474485415 -0.1364801358588901
0.05221390365501219 0.15675821743164645
0.05221390365501219 -0.15675821743164645
0.02055342782855498 0.16273488361031968
0.02055342782855498 -0.16273488361031968
-0.16132381071348456 0.045607584113183476
-0.16132381071348456 -0.045607584113183476
-0.160383859770591 0.034754339573832185
-0.160383859770591 -0.034754339573832185
-0.16249199436706824 0.0
-0.06168849954021412 0.1495608890615336
-0.06168849954021412 -0.1495608890615336
-0.02506795207995753 0.1594924190646955
-0.02506795207995753 -0.1594924190646955
-0.1567160042267143 0.0
-0.04153550130823733 0.1542330584991658
-0.04153550130823733 -0.1542330584991658
-0.14960081246522755 0.06181928887630771
-0.14960081246522755 -0.06181928887630771
0.004088033755384347 0.16017663021725473
0.004088033755384347 -0.16017663021725473
0.09901551857773236 0.12058145274041944
0.09901551857773236 -0.12058145274041944
0.14866407980877977 0.052783708080982594
0.14866407980877977 -0.052783708080982594
-0.010956593552437308 0.15384855436026265
-0.010956593552437308 -0.15384855436026265
0.018343116794613805 0.15254346202261015
0.018343116794613805 -0.15254346202261015
0.1177169317918937 0.10192332546305595
0.1177169317918937 -0.10192332546305595
0.05419146613241086 0.14171167060585133
0.05419146613241086 -0.14171167060585133
-0.06761462391892667 0.13668517308207265
-0.06761462391892667 -0.13668517308207265
0.07845023564602427 0.12641644447558714
0.07845023564602427 -0.12641644447558714
-0.09537219731563337 0.11753928702580907
-0.09537219731563337 -0.11753928702580907
0.12382032333560761 0.08564540267532302
0.12382032333560761 -0.08564540267532302
0.12963866823268055 0.07627528162839807
0.12963866823268055 -0.07627528162839807
0.15095547213760524 0.03291017397501122
0.15095547213760524 -0.03291017397501122
0.15194205976910405 0.013630574076771533
0.15194205976910405 -0.013630574076771533
-0.1085675942311472 0.10404336354003221
-0.1085675942311472 -0.10404336354003221
0.10904124020871066 0.10159499964028033
0.10904124020871066 -0.10159499964028033
-0.13379131428691185 0.07382367468937742
-0.13379131428691185 -0.07382367468937742
0.14778216400590238 0.03674455088434664
0.14778216400590238 -0.03674455088434664
-0.12414582926164729 0.08244284516369962
-0.12414582926164729 -0.08244284516369962
-0.14572540827098082 0.04713163650674615
-0.14572540827098082 -0.04713163650674615
-0.14891794348143078 0.0
0.034768356866511 0.14507140422145637
0.034768356866511 -0.14507140422145637
-0.05347083451526441 0.14050280045303692
-0.05347083451526441 -0.14050280045303692
-0.11715158223215232 0.09083846560680739
-0.11715158223215232 -0.09083846560680739
0.13187219698024416 0.060600168780787625
0.13187219698024416 -0.060600168780787625
0.11162952816744404 0.09223332167886376
0.11162952816744404 -0.09223332167886376
-0.020663034160525284 0.1465517191863408
-0.020663034160525284 -0.1465517191863408
-0.12513801018315546 0.06871313499501902
-0.12513801018315546 -0.06871313499501902
-0.07574588800473021 0.12359892573439868
-0.07574588800473021 -0.12359892573439868
-0.08924127526308703 0.11168002465010507
-0.08924127526308703 -0.11168002465010507
0.05642209737210448 0.12971469164676128
0.05642209737210448 -0.12971469164676128
-0.04173782927716162 0.13836239813551757
-0.04173782927716162 -0.13836239813551757
0.06799199091709596 0.11997995182577723
0.06799199091709596 -0.11997995182577723
-0.09471195113262107 0.10390287718700457
-0.09471195113262107 -0.10390287718700457
0.07892216882427361 0.11163407273668964
0.07892216882427361 -0.11163407273668964
0.003974108395772174 0.14383628082816596
0.003974108395772174 -0.14383628082816596
0.12556284503428322 0.056252343378998364
0.12556284503428322 -0.056252343378998364
0.11534351414789268 0.06867082127321565
0.11534351414789268 -0.06867082127321565
0.09311129824002598 0.09722793264959413
0.09311129824002598 -0.09722793264959413
-0.14308775818531655 0.0
0.13125939698135553 0.0
-0.13382731445684548 0.04396706531539091
-0.13382731445684548 -0.04396706531539091
-0.0964843923353765 0.09869841199029622
-0.0964843923353765 -0.09869841199029622
-0.13892214191272037 0.024794655839112677
-0.13892214191272037 -0.024794655839112677
0.13729344470219157 0.009214143780303299
0.13729344470219157 -0.009214143780303299
-0.06343874119445243 0.11903241030008115
-0.06343874119445243 -0.11903241030008115
-0.02822511821816759 0.1348000823925642
-0.02822511821816759 -0.1348000823925642
-0.09616293238910836 0.08680331128888737
-0.09616293238910836 -0.08680331128888737
-0.12609365823924887 0.05012417201191086
-0.12609365823924887 -0.05012417201191086
-0.01052245773260815 0.13573721931877583
-0.01052245773260815 -0.13573721931877583
-0.12981343667148734 0.03129115900818008
-0.12981343667148734 -0.03129115900818008
-0.10259771632327885 0.07906911350114784
-0.10259771632327885 -0.07906911350114784
0.024402730852667254 0.12882150318008978
0.024402730852667254 -0.12882150318008978
-0.12429388009781703 0.03922336984921901
-0.12429388009781703 -0.03922336984921901
-0.11242128940225127 0.06352819808251865
-0.11242128940225127 -0.06352819808251865
0.03551774159944948 0.12279088386318317
0.03551774159944948 -0.12279088386318317
0.007572587225931029 0.1271412872477689
0.007572587225931029 -0.1271412872477689
-0.01853663340937566 0.12725750834411312
-0.01853663340937566 -0.12725750834411312
0.051948574403278255 0.11210899067648906
0.051948574403278255 -0.11210899067648906
0.1289246579712569 0.0185624100438156
0.1289246579712569 -0.0185624100438156
0.08469534758511207 0.09108052997601103
0.08469534758511207 -0.09108052997601103
0.11983565297107855 0.045724380960592954
0.11983565297107855 -0.045724380960592954
0.12629046208443379 0.0
0.12119558666493957 0.032384680233015384
0.12119558666493957 -0.032384680233015384
0.10242168411683066 0.06277055231005296
0.10242168411683066 -0.06277055231005296
0.08369696141580343 0.08321655159350398
0.08369696141580343 -0.08321655159350398
0.11596839990287724 0.0395144277289271
0.11596839990287724 -0.0395144277289271
-0.049116221828435586 0.11565109948494524
-0.049116221828435586 -0.11565109948494524
-0.06976832642964448 0.10460434555652556
-0.06976832642964448 -0.10460434555652556
-0.12681020571396406 0.013443443018908539
-0.12681020571396406 -0.013443443018908539
-0.026008704656556872 0.12265868107786805
-0.026008704656556872 -0.12265868107786805
-0.1267196586387636 0.004507129525663629
-0.1267196586387636 -0.004507129525663629
-0.07736390253604626 0.09572351438750949
-0.07736390253604626 -0.09572351438750949
0.12017998951869348 0.0
0.012590684527221865 0.1208519275074918
0.012590684527221865 -0.1208519275074918
0.10174051758093987 0.05841961345753916
0.10174051758093987 -0.05841961345753916
0.10777699982245276 0.04194584467873621
0.10777699982245276 -0.04194584467873621
-0.11284747717168978 0.0
-0.10434021181042463 0.05127555175273208
-0.10434021181042463 -0.05127555175273208
0.0599175394636223 0.0975512929068292
0.0599175394636223 -0.0975512929068292
-0.08681041339388174 0.07401177958416796
-0.08681041339388174 -0.07401177958416796
0.0749096474177339 0.0833780272327031
0.0749096474177339 -0.0833780272327031
0.0070604480105352085 0.11581963191391988
0.0070604480105352085 -0.11581963191391988
0.039734700737297124 0.10615045055202925
0.039734700737297124 -0.10615045055202925
-0.06770823509647006 0.08843710026867095
-0.06770823509647006 -0.08843710026867095
0.02362468545335404 0.10836285912034387
0.02362468545335404 -0.10836285912034387
-0.03519246945659571 0.10339923393274317
-0.03519246945659571 -0.10339923393274317
-0.10927889700125588 0.023201092499371183
-0.10927889700125588 -0.023201092499371183
-0.10877487322600234 0.0
0.09621771007610301 0.045374677281246084
0.09621771007610301 -0.045374677281246084
-0.06010601479349734 0.08739972759238723
-0.06010601479349734 -0.08739972759238723
-0.046158280387591476 0.09382629308833969
-0.046158280387591476 -0.09382629308833969
0.08178841541481123 0.06637082083384704
0.08178841541481123 -0.06637082083384704
-0.0774592352089711 0.07206996806212682
-0.0774592352089711 -0.07206996806212682
0.08906417205264221 0.049456952995509326
0.08906417205264221 -0.049456952995509326
-0.08792456651206956 0.05526223425327569
-0.08792456651206956 -0.05526223425327569
0.07033794008971672 0.07176637335896711
0.07033794008971672 -0.07176637335896711
0.07906137381304368 0.06088139033052236
0.07906137381304368 -0.06088139033052236
0.009979601374119136 0.10709228037875324
0.009979601374119136 -0.10709228037875324
-0.09762516984068931 0.04035531411403704
-0.09762516984068931 -0.04035531411403704
-0.09822070497136436 0.021764536563632503
-0.09822070497136436 -0.021764536563632503
0.10362401903493945 0.01130347050523456
0.10362401903493945 -0.01130347050523456
0.10331859026808946 0.0
-0.08814890882339906 0.04208586556262267
-0.08814890882339906 -0.04208586556262267
-0.08042058909982329 0.05553736176437525
-0.08042058909982329 -0.05553736176437525
-0.09542792232569505 0.008918447581185655
-0.09542792232569505 -0.008918447581185655
0.048227700017990524 0.08873697313021402
0.048227700017990524 -0.08873697313021402
0.0942474131698133 0.024131074791922252
0.0942474131698133 -0.024131074791922252
-0.012733391960722573 0.09982059681779278
-0.012733391960722573 -0.09982059681779278
0.004002336576970227 0.10190886347565405
0.004002336576970227 -0.10190886347565405
0.08916355088740362 0.0
-0.062201658198739684 0.07141861109528366
-0.062201658198739684 -0.07141861109528366
-0.007729693164630984 0.09912710707764341
-0.007729693164630984 -0.09912710707764341
-0.04696273341042724 0.08124823061630611
-0.04696273341042724 -0.08124823061630611
0.09293883555125823 0.011258021800069084
0.09293883555125823 -0.011258021800069084
-0.03584414617728028 0.08614675894570945
-0.03584414617728028 -0.08614675894570945
0.08197248613145525 0.035826159030577946
0.08197248613145525 -0.035826159030577946
0.06578264837866689 0.06179869258036737
0.06578264837866689 -0.06179869258036737
0.044187871097547335 0.0827173743140066
0.044187871097547335 -0.0827173743140066
0.026004765021781187 0.09128100718427234
0.026004765021781187 -0.09128100718427234
-0.004279374455437655 0.09440382986091746
-0.004279374455437655 -0.09440382986091746
-0.06708234990003009 0.06005668417531782
-0.06708234990003009 -0.06005668417531782
0.05450625169219411 0.069618795089026
0.05450625169219411 -0.069618795089026
0.04874473914649632 0.07440073700655041
0.04874473914649632 -0.07440073700655041
0.01089112947659895 0.0907513241417778
0.01089112947659895 -0.0907513241417778
-0.05338677642421687 0.06796081432146292
-0.05338677642421687 -0.06796081432146292
-0.02761863202679497 0.08231704274259535
-0.02761863202679497 -0.08231704274259535
0.02406857867548988 0.08276295478192897
0.02406857867548988 -0.08276295478192897
-0.07263551598609713 0.044338799694179455
-0.07263551598609713 -0.044338799694179455
-0.08277782136502468 0.016660102119254425
-0.08277782136502468 -0.016660102119254425
0.04545929868217958 0.06697868713658386
0.04545929868217958 -0.06697868713658386
0.06301426436033376 0.05225340323807732
0.06301426436033376 -0.05225340323807732
0.0686523390925887 0.04233523376664091
0.0686523390925887 -0.04233523376664091
-0.08363700021928211 0.00617611524221007
-0.08363700021928211 -0.00617611524221007
0.0793341189692506 0.01855207436186021
0.0793341189692506 -0.01855207436186021
-0.07408379170360538 0.027712622609450982
-0.07408379170360538 -0.027712622609450982
-0.022274281586304286 0.07846348464054345
-0.022274281586304286 -0.07846348464054345
-0.050615258852976325 0.05810629178479319
-0.050615258852976325 -0.05810629178479319
0.03039790477535919 0.06967178920420444
0.03039790477535919 -0.06967178920420444
-0.008266312085617584 0.08045766290769564
-0.008266312085617584 -0.08045766290769564
0.03937891673686595 0.05978508793281426
0.03937891673686595 -0.05978508793281426
0.019491523655052197 0.07324714889811092
0.019491523655052197 -0.07324714889811092
0.0013220429952442827 0.07780287047228135
0.0013220429952442827 -0.07780287047228135
0.045491581224650676 0.050858851580034184
0.045491581224650676 -0.050858851580034184
0.05958308968985331 0.032527841254618876
0.05958308968985331 -0.032527841254618876
-0.06837533756069389 0.013228075639538768
-0.06837533756069389 -0.013228075639538768
-0.051697041971815946 0.04261452983130443
-0.051697041971815946 -0.04261452983130443
-0.044550230240017974 0.04975652604866181
-0.044550230240017974 -0.04975652604866181
-0.057494854643650915 0.033347331120362915
-0.057494854643650915 -0.033347331120362915
-0.026601320467589902 0.06195608007234565
-0.026601320467589902 -0.06195608007234565
0.06609719846248648 0.0
0.060738469061533365 0.014665639836638692
0.060738469061533365 -0.014665639836638692
0.06434619013765472 0.0
0.03781959398911351 0.045580018288391144
0.03781959398911351 -0.045580018288391144
0.044137593717108105 0.03346812329779711
0.044137593717108105 -0.03346812329779711
-0.06078440644027164 0.015269406665661097
-0.06078440644027164 -0.015269406665661097
-0.027720351060779615 0.05443740949471054
-0.027720351060779615 -0.05443740949471054
0.057338023392090626 0.0
0.015947555062395844 0.05615273542035154
0.015947555062395844 -0.05615273542035154
-0.0030107578922012514 0.061138862354615235
-0.0030107578922012514 -0.061138862354615235
0.04862165024361592 0.011132990848142224
0.04862165024361592 -0.011132990848142224
0.002927506738787676 0.060662964637701364
0.002927506738787676 -0.060662964637701364
-0.055815958820233345 0.0
0.014040926758562349 0.04943590178747481
0.014040926758562349 -0.04943590178747481
-0.051286108959028825 0.018001306441938866
-0.051286108959028825 -0.018001306441938866
-0.015227370562463115 0.05134958858139589
-0.015227370562463115 -0.05134958858139589
-0.04203526162503192 0.02847537748227854
-0.04203526162503192 -0.02847537748227854
-0.031309185807509854 0.03636991002481857
-0.031309185807509854 -0.03636991002481857
0.001556268837456776 0.05005625032703122
0.001556268837456776 -0.05005625032703122
-0.010767944742028041 0.0456574944973273
-0.010767944742028041 -0.0456574944973273
0.029665905688282035 0.034132434485654936
0.029665905688282035 -0.034132434485654936
0.03649701391372592 0.026246184034196065
0.03649701391372592 -0.026246184034196065
0.04560561561416478 0.0
-0.04682127917493095 0.0
-0.038191926211231346 0.012404731991952515
-0.038191926211231346 -0.012404731991952515
0.04017968399677725 0.012491910789083337
0.04017968399677725 -0.012491910789083337
-0.04023262067075255 0.0017553266510603584
-0.04023262067075255 -0.0017553266510603584
-0.034713919647641645 0.0
0.017853306727049677 0.037084527895099056
0.017853306727049677 -0.037084527895099056
-0.02305471899603589 0.029989293439869478
-0.02305471899603589 -0.029989293439869478
0.031268107312118855 0.0
-0.022266943753175193 0.018156863104624468
-0.022266943753175193 -0.018156863104624468
0.0015985824712981737 0.026467137665339684
0.0015985824712981737 -0.026467137665339684
-0.012854912645070904 0.020620458577707473
-0.012854912645070904 -0.020620458577707473
0.015366855540790928 0.014490054458998888
0.015366855540790928 -0.014490054458998888
-0.004536731503981602 0.025889818392649363
-0.004536731503981602 -0.025889818392649363
0.023333059852181866 0.0
0.008507051945454334 0.01455343120631363
0.008507051945454334 -0.01455343120631363
-0.0070537725809176385 0.012314902586780689
-0.0070537725809176385 -0.012314902586780689
-0.014112069845154398 0.0
0.01290906578031092 0.0
0.00879306919649533 0.0
