0.1335627098606994 3.711057491513824
0.1335627098606994 -3.711057491513824
0.6977966971151992 0.8215844900767644
0.6977966971151992 -0.8215844900767644
0.9107575270031063 0.417773000059203
0.9107575270031063 -0.417773000059203
0.37531926718670927 0.9326251444415788
0.37531926718670927 -0.9326251444415788
-0.39680375408081947 0.9639087175078845
-0.39680375408081947 -0.9639087175078845
-0.26512352715034326 1.0021882955722927
-0.26512352715034326 -1.0021882955722927
0.10507653250337703 1.0057863015308774
0.10507653250337703 -1.0057863015308774
-0.5157799119159565 0.869961018886299
-0.5157799119159565 -0.869961018886299
-0.6575695063412479 0.7789152812289362
-0.6575695063412479 -0.7789152812289362
-0.7923981467683981 0.6325624939987491
-0.7923981467683981 -0.6325624939987491
-1.0340092967376164 0.0
-0.8899687161556151 0.4929997754768281
-0.8899687161556151 -0.4929997754768281
-0.9189654326743875 0.42266376809205786
-0.9189654326743875 -0.42266376809205786
-0.9944852270283672 0.12491827160958319
-0.9944852270283672 -0.12491827160958319
0.16885091247695433 0.9929423305773715
0.16885091247695433 -0.9929423305773715
0.28928226499962495 0.95354423713943
0.28928226499962495 -0.95354423713943
-0.17812887929288262 0.9786215728043725
-0.17812887929288262 -0.9786215728043725
-0.9130778608203873 0.341499190022208
-0.9130778608203873 -0.341499190022208
-0.2481034279993971 0.9338549698973289
-0.2481034279993971 -0.9338549698973289
-0.3383545755120226 0.8797551353287468
-0.3383545755120226 -0.8797551353287468
-0.5223045518557072 0.782327779250042
-0.5223045518557072 -0.782327779250042
-0.4476771241265297 0.825390218346621
-0.4476771241265297 -0.825390218346621
-0.7206660380897633 0.6115680533856332
-0.7206660380897633 -0.6115680533856332
-0.16957078808884862 0.9409093860740111
-0.16957078808884862 -0.9409093860740111
0.47175127267600325 0.8460229871516335
0.47175127267600325 -0.8460229871516335
0.15232299099716 0.9364261730423415
0.15232299099716 -0.9364261730423415
0.7592614248234244 0.6080682891181234
0.7592614248234244 -0.6080682891181234
0.9680324545290875 0.17697489048200557
0.9680324545290875 -0.17697489048200557
0.9169512442554795 0.31963042565455996
0.9169512442554795 -0.31963042565455996
0.5850605981687279 0.7553426630557053
0.5850605981687279 -0.7553426630557053
0.8187393782732774 0.49573968657718404
0.8187393782732774 -0.49573968657718404
-0.054819918364110314 0.939874141049108
-0.054819918364110314 -0.939874141049108
0.6899085860279738 0.6446248504444266
0.6899085860279738 -0.6446248504444266
0.8356766297600378 0.44204871817089214
0.8356766297600378 -0.44204871817089214
0.6434842224371307 0.6769383603478502
0.6434842224371307 -0.6769383603478502
-0.609987260877024 0.6962556438844707
-0.609987260877024 -0.6962556438844707
0.5923754791690172 0.7115038609415946
0.5923754791690172 -0.7115038609415946
0.9521532909104822 0.07596681134258303
0.9521532909104822 -0.07596681134258303
-0.7214153184530369 0.5678175924850384
-0.7214153184530369 -0.5678175924850384
-0.6307743340067942 0.6384539146248572
-0.6307743340067942 -0.6384539146248572
-0.5480988225066994 0.7014198696042319
-0.5480988225066994 -0.7014198696042319
-0.9131863642013551 0.25407068812844785
-0.9131863642013551 -0.25407068812844785
0.5197786002702428 0.7320953007280935
0.5197786002702428 -0.7320953007280935
0.9293095072484133 0.0
0.6446022295721376 0.6092533026435958
0.6446022295721376 -0.6092533026435958
0.7035055651860143 0.5413766080922925
0.7035055651860143 -0.5413766080922925
0.9114217312564538 0.2005352856847003
0.9114217312564538 -0.2005352856847003
-0.9353410268115019 0.08295977461803225
-0.9353410268115019 -0.08295977461803225
0.7522551122734203 0.4568763408683332
0.7522551122734203 -0.4568763408683332
-0.9395314915246903 0.0
-0.8624673537652574 0.31810042851044273
-0.8624673537652574 -0.31810042851044273
-0.6706529678703155 0.5569224422285676
-0.6706529678703155 -0.5569224422285676
-0.8801329804169851 0.24854312309544307
-0.8801329804169851 -0.24854312309544307
-0.3777015407336309 0.7988688254612077
-0.3777015407336309 -0.7988688254612077
-0.24752570671346757 0.8587848897448578
-0.24752570671346757 -0.8587848897448578
0.2954901288314513 0.8659903970027483
0.2954901288314513 -0.8659903970027483
0.3796858610260374 0.8064528389166656
0.3796858610260374 -0.8064528389166656
0.11319796605660319 0.8883623926021011
0.11319796605660319 -0.8883623926021011
0.8989794145377852 0.13477382674353938
0.8989794145377852 -0.13477382674353938
-0.005633900372583698 0.891832459886955
-0.005633900372583698 -0.891832459886955
0.4475794620407174 0.7563433165475151
0.4475794620407174 -0.7563433165475151
0.343454527031945 0.8113105532176874
0.343454527031945 -0.8113105532176874
0.8374985922620015 0.2910648161691834
0.8374985922620015 -0.2910648161691834
0.7984405201474838 0.3612733228215247
0.7984405201474838 -0.3612733228215247
0.8843622634477784 0.02370702369714691
0.8843622634477784 -0.02370702369714691
-0.09161297548284777 0.8763453947292335
-0.09161297548284777 -0.8763453947292335
0.865322452145473 0.16103810026497803
0.865322452145473 -0.16103810026497803
-0.8873586638272724 0.17685000832204262
-0.8873586638272724 -0.17685000832204262
-0.7674722914057364 0.40774459734457646
-0.7674722914057364 -0.40774459734457646
0.5362666638070475 0.672234226624471
0.5362666638070475 -0.672234226624471
-0.7087082661201878 0.47620600249275297
-0.7087082661201878 -0.47620600249275297
-0.8867783335580577 0.0
0.4934359996111978 0.6945089333526288
0.4934359996111978 -0.6945089333526288
-0.708528407685704 0.46691721204720366
-0.708528407685704 -0.46691721204720366
0.0714261740138119 0.8728678144262862
0.0714261740138119 -0.8728678144262862
-0.8585023524547162 0.17556305404611905
-0.8585023524547162 -0.17556305404611905
-0.5897068652072261 0.5959365369030803
-0.5897068652072261 -0.5959365369030803
-0.5049916883724099 0.6576163798352531
-0.5049916883724099 -0.6576163798352531
0.832824358044663 0.22990713383180478
0.832824358044663 -0.22990713383180478
0.6755344420022826 0.4681447942040479
0.6755344420022826 -0.4681447942040479
0.6350663665396981 0.5148933007604372
0.6350663665396981 -0.5148933007604372
-0.2781430298206031 0.7982185141906938
-0.2781430298206031 -0.7982185141906938
0.2635509399512337 0.7977704694099486
0.2635509399512337 -0.7977704694099486
-0.04407409764660973 0.8402961361989548
-0.04407409764660973 -0.8402961361989548
-0.7248466261023098 0.3899299722089005
-0.7248466261023098 -0.3899299722089005
0.7300064697933975 0.3822187820449919
0.7300064697933975 -0.3822187820449919
0.7886571321661187 0.15688395678731049
0.7886571321661187 -0.15688395678731049
0.21430241153831509 0.8058628615660145
0.21430241153831509 -0.8058628615660145
0.10431689398866781 0.8196970102288131
0.10431689398866781 -0.8196970102288131
0.7200221405883138 0.28830188818596175
0.7200221405883138 -0.28830188818596175
-0.3300324534965092 0.7548285124846909
-0.3300324534965092 -0.7548285124846909
0.5358968095561545 0.5638390487293031
0.5358968095561545 -0.5638390487293031
-0.02476110310020802 0.8184791575353872
-0.02476110310020802 -0.8184791575353872
0.780885004068305 0.0
-0.45666126213493563 0.659796173652116
-0.45666126213493563 -0.659796173652116
0.42412774083821364 0.6445658766566486
0.42412774083821364 -0.6445658766566486
-0.8355401774781476 0.023632376799532596
-0.8355401774781476 -0.023632376799532596
-0.2282101577893846 0.7670336151017023
-0.2282101577893846 -0.7670336151017023
0.36039822586712245 0.6907052943143114
0.36039822586712245 -0.6907052943143114
-0.14379518476610956 0.7899842783011821
-0.14379518476610956 -0.7899842783011821
-0.5071835141654129 0.6018220399562023
-0.5071835141654129 -0.6018220399562023
-0.814537510424552 0.0911803924358724
-0.814537510424552 -0.0911803924358724
-0.611208454255388 0.48335942787665925
-0.611208454255388 -0.48335942787665925
-0.7464848572148226 0.26068678547908336
-0.7464848572148226 -0.26068678547908336
-0.5468607916009648 0.5437301347802187
-0.5468607916009648 -0.5437301347802187
-0.08184484208774517 0.7831688910862254
-0.08184484208774517 -0.7831688910862254
-0.7474232454594469 0.201029051035673
-0.7474232454594469 -0.201029051035673
-0.7938409539820428 0.0
-0.7589520082570111 0.11981093325479068
-0.7589520082570111 -0.11981093325479068
0.7525667881847351 0.16751777798981146
0.7525667881847351 -0.16751777798981146
0.23080369312611082 0.7356203773889122
0.23080369312611082 -0.7356203773889122
0.4714013375674207 0.6062160360855109
0.4714013375674207 -0.6062160360855109
-0.3254482376692335 0.6788390155408222
-0.3254482376692335 -0.6788390155408222
-0.6587422541290445 0.37016947384498067
-0.6587422541290445 -0.37016947384498067
-0.12190771627807989 0.7422907607770315
-0.12190771627807989 -0.7422907607770315
0.3771740524627146 0.6469698586564732
0.3771740524627146 -0.6469698586564732
0.7410702757511526 0.1010566014019731
0.7410702757511526 -0.1010566014019731
0.6780055615965201 0.32344777925267804
0.6780055615965201 -0.32344777925267804
0.6280144900813509 0.3931906622125914
0.6280144900813509 -0.3931906622125914
-0.3691656817537239 0.6212417862873132
-0.3691656817537239 -0.6212417862873132
0.522891697733308 0.51938307035529
0.522891697733308 -0.51938307035529
-0.66629663021009 0.2974946597595259
-0.66629663021009 -0.2974946597595259
-0.4029387123930483 0.5789341714388836
-0.4029387123930483 -0.5789341714388836
-0.6117986773572665 0.37939711689617145
-0.6117986773572665 -0.37939711689617145
-0.6816321099127896 0.24341336477443457
-0.6816321099127896 -0.24341336477443457
-0.7252760692540267 0.0
0.18145465161701632 0.70041063858883
0.18145465161701632 -0.70041063858883
-0.27945507948509085 0.643373103680335
-0.27945507948509085 -0.643373103680335
0.10224794156607601 0.7123780572937621
0.10224794156607601 -0.7123780572937621
0.11171003886466668 0.709418672694247
0.11171003886466668 -0.709418672694247
0.689078985570092 0.0
-0.5701644836165787 0.40834153788898864
-0.5701644836165787 -0.40834153788898864
-0.6774338081584534 0.21594237633502072
-0.6774338081584534 -0.21594237633502072
0.47487126422819964 0.5047631575327907
0.47487126422819964 -0.5047631575327907
0.5859272947875567 0.36919133353203426
0.5859272947875567 -0.36919133353203426
-0.48931487611489305 0.45849537306629196
-0.48931487611489305 -0.45849537306629196
-0.6917275606905973 0.04503870016166028
-0.6917275606905973 -0.04503870016166028
-0.3434793534451165 0.5660886984945909
-0.3434793534451165 -0.5660886984945909
-0.3965133255508814 0.5146754754267256
-0.3965133255508814 -0.5146754754267256
-0.4459236048017852 0.46726418914409945
-0.4459236048017852 -0.46726418914409945
-0.3610303886291417 0.532437332435881
-0.3610303886291417 -0.532437332435881
-0.14918333478384482 0.6624282616543107
-0.14918333478384482 -0.6624282616543107
-0.6692273242279446 0.11129629883508547
-0.6692273242279446 -0.11129629883508547
0.03158417204475154 0.6787070142492588
0.03158417204475154 -0.6787070142492588
0.23628450707333942 0.6420740484177435
0.23628450707333942 -0.6420740484177435
0.31419550016009035 0.5761141091881595
0.31419550016009035 -0.5761141091881595
0.4504087171016681 0.46718303567397346
0.4504087171016681 -0.46718303567397346
0.5973588073901848 0.319003483911957
0.5973588073901848 -0.319003483911957
0.6457886226456753 0.21091715916890524
0.6457886226456753 -0.21091715916890524
0.6610746515617956 0.1501536441127113
0.6610746515617956 -0.1501536441127113
0.5692249897380521 0.3443714064477323
0.5692249897380521 -0.3443714064477323
0.5298414895545336 0.379605803832778
0.5298414895545336 -0.379605803832778
-0.03394573215971832 0.6630890395456949
-0.03394573215971832 -0.6630890395456949
0.6615224847182236 0.04455211963655744
0.6615224847182236 -0.04455211963655744
0.6001693873753629 0.27254723998682684
0.6001693873753629 -0.27254723998682684
0.6013438109803197 0.0
-0.604817181250804 0.2672990266818729
-0.604817181250804 -0.2672990266818729
0.07899295589204057 0.6669935675394502
0.07899295589204057 -0.6669935675394502
-0.13827983393299648 0.6213744178915612
-0.13827983393299648 -0.6213744178915612
-0.18352390124260617 0.6062253132796994
-0.18352390124260617 -0.6062253132796994
0.14502566733090894 0.6380200543261538
0.14502566733090894 -0.6380200543261538
-0.5132168834065819 0.3599227557109982
-0.5132168834065819 -0.3599227557109982
0.35729565594298157 0.5323132136131696
0.35729565594298157 -0.5323132136131696
-0.6340293020277824 0.03615599522976377
-0.6340293020277824 -0.03615599522976377
0.1682936352633289 0.6241209696409482
0.1682936352633289 -0.6241209696409482
0.249472144109815 0.5893800569194595
0.249472144109815 -0.5893800569194595
-0.5859372764869754 0.1799952215865194
-0.5859372764869754 -0.1799952215865194
-0.1840621149753623 0.5780562662859889
-0.1840621149753623 -0.5780562662859889
-0.5500178181858653 0.2333680235448297
-0.5500178181858653 -0.2333680235448297
-0.5118363919851217 0.29981773011787116
-0.5118363919851217 -0.29981773011787116
0.46653917920601917 0.3855917826342668
0.46653917920601917 -0.3855917826342668
0.5867473018815405 0.1310568928985073
0.5867473018815405 -0.1310568928985073
0.3741559045014739 0.455425609084133
0.3741559045014739 -0.455425609084133
0.16977893408480577 0.5692056677797177
0.16977893408480577 -0.5692056677797177
0.25204599714049214 0.531679566296494
0.25204599714049214 -0.531679566296494
0.5886664434714991 0.0591984311810236
0.5886664434714991 -0.0591984311810236
0.5224332613105305 0.27057327718950536
0.5224332613105305 -0.27057327718950536
-0.5857666503495669 0.11326361286726373
-0.5857666503495669 -0.11326361286726373
0.5366563631991098 0.18045719209268776
0.5366563631991098 -0.18045719209268776
-0.5662851415249353 0.0
-0.2390184238399169 0.514005413628922
-0.2390184238399169 -0.514005413628922
-0.40131434275596745 0.37962752460500376
-0.40131434275596745 -0.37962752460500376
0.07329237124310042 0.562950318706776
0.07329237124310042 -0.562950318706776
0.02091607444007304 0.5597247106747886
0.02091607444007304 -0.5597247106747886
-0.025675926819274848 0.5442996801180107
-0.025675926819274848 -0.5442996801180107
0.4371858406161565 0.3306666032029658
0.4371858406161565 -0.3306666032029658
0.18971465120766845 0.5198128573855493
0.18971465120766845 -0.5198128573855493
0.47038916873753633 0.2733880570262547
0.47038916873753633 -0.2733880570262547
-0.5426498220159757 0.06531701566167343
-0.5426498220159757 -0.06531701566167343
-0.49517742803271336 0.21319025796759605
-0.49517742803271336 -0.21319025796759605
0.48686023552177315 0.21231519386979633
0.48686023552177315 -0.21231519386979633
0.5199575518551627 0.09411200455676969
0.5199575518551627 -0.09411200455676969
0.37551749863506123 0.3816394406946693
0.37551749863506123 -0.3816394406946693
0.3816984136475312 0.35997663684635683
0.3816984136475312 -0.35997663684635683
0.010034255715250018 0.5306788098069177
0.010034255715250018 -0.5306788098069177
-0.2846329576534532 0.4473238167336838
-0.2846329576534532 -0.4473238167336838
-0.30794522453731177 0.4170489998117795
-0.30794522453731177 -0.4170489998117795
-0.044341360870517016 0.5104127772947585
-0.044341360870517016 -0.5104127772947585
-0.2189970202267099 0.45817768280854165
-0.2189970202267099 -0.45817768280854165
-0.42201296454459547 0.26816589581904016
-0.42201296454459547 -0.26816589581904016
-0.3289922321804296 0.3730967337271712
-0.3289922321804296 -0.3730967337271712
-0.4389145893970334 0.2188286357945676
-0.4389145893970334 -0.2188286357945676
0.5038852219842418 0.017074523646235035
0.5038852219842418 -0.017074523646235035
-0.48000598956508433 0.10234557803770937
-0.48000598956508433 -0.10234557803770937
-0.11864098136501874 0.4827718137462334
-0.11864098136501874 -0.4827718137462334
0.19299662801466588 0.4482000734837316
0.19299662801466588 -0.4482000734837316
0.0820736642431733 0.4734150223076636
0.0820736642431733 -0.4734150223076636
0.236862529038517 0.4106447816728908
0.236862529038517 -0.4106447816728908
-0.15815603555912394 0.45205458772575835
-0.15815603555912394 -0.45205458772575835
0.4555466378408892 0.11514496863449243
0.4555466378408892 -0.11514496863449243
0.43924647697226826 0.0
0.40719501263421354 0.23005302434132735
0.40719501263421354 -0.23005302434132735
0.4318926131621698 0.14280503643304077
0.4318926131621698 -0.14280503643304077
0.1944538655047595 0.4214964217074995
0.1944538655047595 -0.4214964217074995
0.35470615691210766 0.2861669563679587
0.35470615691210766 -0.2861669563679587
0.13323206417619637 0.4416972774519746
0.13323206417619637 -0.4416972774519746
-0.23816973272479683 0.39167174439717684
-0.23816973272479683 -0.39167174439717684
-0.34388846364276937 0.31251426515090713
-0.34388846364276937 -0.31251426515090713
0.08670984555967202 0.4253863680372137
0.08670984555967202 -0.4253863680372137
-0.4433798736223412 0.04451597985154819
-0.4433798736223412 -0.04451597985154819
-0.4145628594750437 0.1492732261106362
-0.4145628594750437 -0.1492732261106362
0.24799641215509072 0.3613946105506061
0.24799641215509072 -0.3613946105506061
-0.054337136554638676 0.4261667841044808
-0.054337136554638676 -0.4261667841044808
-0.3467357483394512 0.26566798213767423
-0.3467357483394512 -0.26566798213767423
-0.300617053064663 0.31523860966148376
-0.300617053064663 -0.31523860966148376
-0.4241470581699043 0.09166575599135879
-0.4241470581699043 -0.09166575599135879
0.33421047597908515 0.26108223965848804
0.33421047597908515 -0.26108223965848804
0.2676293058363578 0.3217259308995742
0.2676293058363578 -0.3217259308995742
-0.3990435676878507 0.12495944258445624
-0.3990435676878507 -0.12495944258445624
-0.27165076874469385 0.31223690429878675
-0.27165076874469385 -0.31223690429878675
0.40825176351661396 0.04465046454618784
0.40825176351661396 -0.04465046454618784
0.1735994277933971 0.36733331072404835
0.1735994277933971 -0.36733331072404835
-0.20476091747360953 0.3595348054750367
-0.20476091747360953 -0.3595348054750367
-0.38886549138328275 0.07168462697994966
-0.38886549138328275 -0.07168462697994966
0.022634511440311228 0.400561398983973
0.022634511440311228 -0.400561398983973
0.3202641756710675 0.21973291890136457
0.3202641756710675 -0.21973291890136457
0.34097788530033085 0.15416688745655624
0.34097788530033085 -0.15416688745655624
-0.01299763320210678 0.38233754661797037
-0.01299763320210678 -0.38233754661797037
0.24740797789386768 0.2728510378609294
0.24740797789386768 -0.2728510378609294
-0.06430204829820663 0.3730465522772713
-0.06430204829820663 -0.3730465522772713
0.3397881723808172 0.0
0.3595552390352082 0.03109751011435861
0.3595552390352082 -0.03109751011435861
-0.014137641882867254 0.3553461408091159
-0.014137641882867254 -0.3553461408091159
-0.31178542545631915 0.18274713632890266
-0.31178542545631915 -0.18274713632890266
0.0626383439765035 0.3445628595582048
0.0626383439765035 -0.3445628595582048
-0.17165525822624553 0.311971589386562
-0.17165525822624553 -0.311971589386562
-0.19400251413995018 0.27392987120208484
-0.19400251413995018 -0.27392987120208484
0.32404591251637804 0.09346643496319726
0.32404591251637804 -0.09346643496319726
-0.29349712297554753 0.15363786071999977
-0.29349712297554753 -0.15363786071999977
-0.14806261600566661 0.3005993236702341
-0.14806261600566661 -0.3005993236702341
0.16370685145492825 0.28845491781443516
0.16370685145492825 -0.28845491781443516
-0.24318407372035686 0.22073249717449367
-0.24318407372035686 -0.22073249717449367
0.1812473200325208 0.2605910416040783
0.1812473200325208 -0.2605910416040783
0.3193770105105024 0.0
-0.3231157660410997 0.0
0.20559053027764743 0.2382972959003252
0.20559053027764743 -0.2382972959003252
-0.3078150082469626 0.07504810927033333
-0.3078150082469626 -0.07504810927033333
0.2704223391358682 0.1591840395564645
0.2704223391358682 -0.1591840395564645
-0.3055844987175583 0.020308958872984326
-0.3055844987175583 -0.020308958872984326
-0.08140507772212233 0.29385599425873576
-0.08140507772212233 -0.29385599425873576
-0.1786385876284982 0.24624648656925296
-0.1786385876284982 -0.24624648656925296
0.2402956007516597 0.1843017087569096
0.2402956007516597 -0.1843017087569096
-0.20119584964772397 0.2195665717029544
-0.20119584964772397 -0.2195665717029544
-0.23445036627565313 0.17759200262480462
-0.23445036627565313 -0.17759200262480462
-0.015728040807142078 0.2857274936595915
-0.015728040807142078 -0.2857274936595915
-0.11701246347264213 0.2676093804417534
-0.11701246347264213 -0.2676093804417534
0.03554940970011242 0.28028425066064727
0.03554940970011242 -0.28028425066064727
0.28986011313857174 0.02197319469315841
0.28986011313857174 -0.02197319469315841
-0.2382474406109925 0.1537452475823767
-0.2382474406109925 -0.1537452475823767
0.08810561031846068 0.2610872719545374
0.08810561031846068 -0.2610872719545374
0.21788165056448316 0.1713686605123787
0.21788165056448316 -0.1713686605123787
-0.2594040801864673 0.09284831513601731
-0.2594040801864673 -0.09284831513601731
0.10707734163465782 0.2427751013571109
0.10707734163465782 -0.2427751013571109
-0.039472842231326834 0.2621881740544948
-0.039472842231326834 -0.2621881740544948
0.2542672109313389 0.0883816711358356
0.2542672109313389 -0.0883816711358356
-0.2521779639691305 0.0
0.15032482680625064 0.2122360378799251
0.15032482680625064 -0.2122360378799251
-0.19267809808141703 0.1812688932256637
-0.19267809808141703 -0.1812688932256637
-0.10181057430757187 0.23611468388621049
-0.10181057430757187 -0.23611468388621049
0.21797844315150938 0.12116467932413223
0.21797844315150938 -0.12116467932413223
0.17721368201198445 0.1751248274469914
0.17721368201198445 -0.1751248274469914
-0.18820399958407108 0.15900081303990107
-0.18820399958407108 -0.15900081303990107
-0.2365303877857538 0.0
-0.24090607326094932 0.04226600757022328
-0.24090607326094932 -0.04226600757022328
0.23065540672911217 0.06145061746340327
0.23065540672911217 -0.06145061746340327
-0.10077078163304783 0.21800881221159765
-0.10077078163304783 -0.21800881221159765
0.1865354940768573 0.14688472186257642
0.1865354940768573 -0.14688472186257642
-0.206555202853786 0.09663507973539467
-0.206555202853786 -0.09663507973539467
-0.21689131679110069 0.07010055711076392
-0.21689131679110069 -0.07010055711076392
-0.05875918201942908 0.22675316794074385
-0.05875918201942908 -0.22675316794074385
-0.18610995670624064 0.12380436427802591
-0.18610995670624064 -0.12380436427802591
-0.12709206277266474 0.18489870849791865
-0.12709206277266474 -0.18489870849791865
0.09402869986284451 0.20962860932577793
0.09402869986284451 -0.20962860932577793
-0.2091959867416735 0.02004073173553494
-0.2091959867416735 -0.02004073173553494
0.23021835789487327 0.04187967121555135
0.23021835789487327 -0.04187967121555135
0.0004269600756589255 0.22125019072121987
0.0004269600756589255 -0.22125019072121987
0.040870157307249216 0.21860005569221458
0.040870157307249216 -0.21860005569221458
-0.2002585528079817 0.0
-0.13110096912655825 0.1571406087332883
-0.13110096912655825 -0.1571406087332883
-0.17484320053855584 0.09590824685031721
-0.17484320053855584 -0.09590824685031721
0.06949973281717353 0.2034636500657664
0.06949973281717353 -0.2034636500657664
0.2110440283380793 0.0
-0.09907535083998881 0.16623087783840904
-0.09907535083998881 -0.16623087783840904
-0.18651663213245456 0.04378728353322091
-0.18651663213245456 -0.04378728353322091
-0.06468562286049588 0.18516449557611114
-0.06468562286049588 -0.18516449557611114
0.20364975084002207 0.08483288061093949
0.20364975084002207 -0.08483288061093949
0.13008110747426735 0.1727407869894003
0.13008110747426735 -0.1727407869894003
0.03453312532212384 0.19834161371711886
0.03453312532212384 -0.19834161371711886
0.17228351715614246 0.11060344528118521
0.17228351715614246 -0.11060344528118521
0.1950992428209451 0.03986081320700239
0.1950992428209451 -0.03986081320700239
0.11191492783275239 0.16613071202526228
0.11191492783275239 -0.16613071202526228
0.19720830489945076 0.0
0.08449841558208131 0.17548175710975822
0.08449841558208131 -0.17548175710975822
0.15158582933940234 0.12289600234391239
0.15158582933940234 -0.12289600234391239
0.1820778961705498 0.06635933030699628
0.1820778961705498 -0.06635933030699628
0.11692336877676444 0.15498867832113436
0.11692336877676444 -0.15498867832113436
-0.000997151617883022 0.18941105187362417
-0.000997151617883022 -0.18941105187362417
0.016183965405082247 0.18826403132542016
0.016183965405082247 -0.18826403132542016
0.1787236546750638 0.049198740983565185
0.1787236546750638 -0.049198740983565185
-0.1219361503038209 0.13876599067028242
-0.1219361503038209 -0.13876599067028242
-0.03385937627676909 0.18198411119962019
-0.03385937627676909 -0.18198411119962019
-0.1533884185172112 0.1025716883088784
-0.1533884185172112 -0.1025716883088784
-0.06796644869787921 0.1700944489742167
-0.06796644869787921 -0.1700944489742167
-0.17908897958349435 0.018771046437054215
-0.17908897958349435 -0.018771046437054215
-0.17252691267993636 0.054532069037928364
-0.17252691267993636 -0.054532069037928364
-0.04343667760807238 0.16820236641918068
-0.04343667760807238 -0.16820236641918068
0.054185302581809966 0.16968184385455692
0.054185302581809966 -0.16968184385455692
0.17901689438784568 0.010708341040098492
0.17901689438784568 -0.010708341040098492
0.14082358217154634 0.11239216234548885
0.14082358217154634 -0.11239216234548885
-0.13101015085053713 0.10437336867219095
-0.13101015085053713 -0.10437336867219095
-0.15717919090518828 0.0428029715912154
-0.15717919090518828 -0.0428029715912154
0.05324714211040825 0.16266677967436763
0.05324714211040825 -0.16266677967436763
-0.1483021231547792 0.06213853803415032
-0.1483021231547792 -0.06213853803415032
0.0786798866657164 0.15189755278571315
0.0786798866657164 -0.15189755278571315
-0.10609020321357776 0.11922213314501989
-0.10609020321357776 -0.11922213314501989
0.10435720863372375 0.13391510385311434
0.10435720863372375 -0.13391510385311434
-0.011117307110745805 0.15995137436426926
-0.011117307110745805 -0.15995137436426926
0.1656934011074955 0.0
0.16243849703972751 0.03009573105189615
0.16243849703972751 -0.03009573105189615
0.1441111823951563 0.06990587791249205
0.1441111823951563 -0.06990587791249205
0.1014639588832002 0.12312790178450693
0.1014639588832002 -0.12312790178450693
-0.07381452592496755 0.1390648665767499
-0.07381452592496755 -0.1390648665767499
0.14905864619520276 0.058432251312891655
0.14905864619520276 -0.058432251312891655
0.11855796965441967 0.10413476467283746
0.11855796965441967 -0.10413476467283746
-0.12588750299538287 0.08791994951498722
-0.12588750299538287 -0.08791994951498722
0.07180166308596937 0.13418891900580782
0.07180166308596937 -0.13418891900580782
0.14278457874489364 0.016913415282346987
0.14278457874489364 -0.016913415282346987
0.13984690908225533 0.03202490705928033
0.13984690908225533 -0.03202490705928033
0.12079913062554655 0.07382918186111996
0.12079913062554655 -0.07382918186111996
0.09945176235954939 0.10389072550139998
0.09945176235954939 -0.10389072550139998
0.13169915969126283 0.05032367009810175
0.13169915969126283 -0.05032367009810175
-0.060946229105900786 0.14097244203044818
-0.060946229105900786 -0.14097244203044818
0.03477703046729042 0.14530122827685368
0.03477703046729042 -0.14530122827685368
-0.02843322751938765 0.14911967737664888
-0.02843322751938765 -0.14911967737664888
0.02208558099014789 0.14788938077637886
0.02208558099014789 -0.14788938077637886
-0.08796993828845538 0.11641863774814531
-0.08796993828845538 -0.11641863774814531
-0.1307965074402422 0.06738842450710096
-0.1307965074402422 -0.06738842450710096
-0.14049044521490223 0.0
-0.14223351690280062 0.016576179507077123
-0.14223351690280062 -0.016576179507077123
0.015500057901967526 0.14135605144796629
0.015500057901967526 -0.14135605144796629
-0.09358132049024803 0.10141333328783753
-0.09358132049024803 -0.10141333328783753
-0.011541141003897203 0.14005523471418488
-0.011541141003897203 -0.14005523471418488
-0.1310788176672946 0.03642824002590759
-0.1310788176672946 -0.03642824002590759
0.04908065045584785 0.12628530753954328
0.04908065045584785 -0.12628530753954328
-0.11866394278425767 0.05937859827493637
-0.11866394278425767 -0.05937859827493637
-0.04600117867817452 0.12686949245678586
-0.04600117867817452 -0.12686949245678586
-0.03324284802874729 0.13203241405376234
-0.03324284802874729 -0.13203241405376234
-0.12290853577850917 0.04638525233871989
-0.12290853577850917 -0.04638525233871989
0.13289297903821415 0.0
0.12606741818387837 0.041217897466363215
0.12606741818387837 -0.041217897466363215
0.11229941463207346 0.06632148669565502
0.11229941463207346 -0.06632148669565502
0.07547184909147782 0.10876075423604369
0.07547184909147782 -0.10876075423604369
-0.06308149812451164 0.1129765850803054
-0.06308149812451164 -0.1129765850803054
-0.07044600553166828 0.10798843606231612
-0.07044600553166828 -0.10798843606231612
0.09905914547598035 0.08090988384754293
0.09905914547598035 -0.08090988384754293
-0.1103106010431583 0.06801243571385865
-0.1103106010431583 -0.06801243571385865
-0.1228518002799408 0.036234320011437726
-0.1228518002799408 -0.036234320011437726
0.08709394809814247 0.08871391783060623
0.08709394809814247 -0.08871391783060623
-0.1293516437145916 0.004279230623110577
-0.1293516437145916 -0.004279230623110577
0.07410776014915692 0.09954490682633094
0.07410776014915692 -0.09954490682633094
-0.12664358618662752 0.0
0.02562867608222098 0.12597731187819702
0.02562867608222098 -0.12597731187819702
0.053238334349956146 0.1123439451450348
0.053238334349956146 -0.1123439451450348
-0.08909633117818028 0.0864635900463008
-0.08909633117818028 -0.0864635900463008
-0.09145572220587685 0.0787856887374885
-0.09145572220587685 -0.0787856887374885
0.10472494241245105 0.05486918944240118
0.10472494241245105 -0.05486918944240118
-0.10247493223460616 0.05521616102449837
-0.10247493223460616 -0.05521616102449837
0.009381642921829428 0.12212406108315393
0.009381642921829428 -0.12212406108315393
-0.026002041279658834 0.11872436104039685
-0.026002041279658834 -0.11872436104039685
0.11200286303019762 0.04394840565245694
0.11200286303019762 -0.04394840565245694
-0.07327347231109238 0.08401385097747606
-0.07327347231109238 -0.08401385097747606
-0.11333172462989635 0.0
-0.10807956021896398 0.01993295338968123
-0.10807956021896398 -0.01993295338968123
-0.08765338867310085 0.06739781273370775
-0.08765338867310085 -0.06739781273370775
-0.08207802843343145 0.07286717338320532
-0.08207802843343145 -0.07286717338320532
0.11264606079517485 0.01350356574001442
0.11264606079517485 -0.01350356574001442
-0.04102384697576706 0.10557146968013802
-0.04102384697576706 -0.10557146968013802
-0.04909413684151534 0.10058846987445526
-0.04909413684151534 -0.10058846987445526
-0.0029874460777626864 0.11574318692486944
-0.0029874460777626864 -0.11574318692486944
0.10147879985306879 0.04699322169111315
0.10147879985306879 -0.04699322169111315
0.03637442077923249 0.10959095267633955
0.03637442077923249 -0.10959095267633955
-0.05786999094284541 0.08907257951897839
-0.05786999094284541 -0.08907257951897839
0.07373353003660801 0.08083190732792209
0.07373353003660801 -0.08083190732792209
-0.09634159914574997 0.03340896631948555
-0.09634159914574997 -0.03340896631948555
0.02033976476846011 0.11263460435835741
0.02033976476846011 -0.11263460435835741
-0.09047420777403326 0.04661952782758908
-0.09047420777403326 -0.04661952782758908
-0.009814641773165017 0.11035404837501442
-0.009814641773165017 -0.11035404837501442
0.10661129780329899 0.0048764243176809725
0.10661129780329899 -0.0048764243176809725
0.04316422665389562 0.10143190455576725
0.04316422665389562 -0.10143190455576725
0.09988292165258597 0.026028601105557724
0.09988292165258597 -0.026028601105557724
0.08096612680657776 0.06126000844040132
0.08096612680657776 -0.06126000844040132
0.05314902771425466 0.08779038949600661
0.05314902771425466 -0.08779038949600661
0.01010638801298962 0.1052345254641242
0.01010638801298962 -0.1052345254641242
0.0875613823296905 0.05150687322309905
0.0875613823296905 -0.05150687322309905
0.028656026739379212 0.10177385729949798
0.028656026739379212 -0.10177385729949798
-0.0329613795218097 0.09437934292901985
-0.0329613795218097 -0.09437934292901985
-0.020701371944706025 0.09755306242312228
-0.020701371944706025 -0.09755306242312228
0.0259076794059122 0.09621178681349446
0.0259076794059122 -0.09621178681349446
0.07094955977013623 0.06437918539188524
0.07094955977013623 -0.06437918539188524
-0.07103542658306267 0.06438484681237487
-0.07103542658306267 -0.06438484681237487
-0.09908750160003366 0.005026404025000087
-0.09908750160003366 -0.005026404025000087
0.04517564113377526 0.08467331754046642
0.04517564113377526 -0.08467331754046642
0.06761942504782156 0.061523644069092165
0.06761942504782156 -0.061523644069092165
-0.0498923630474961 0.07817978096440743
-0.0498923630474961 -0.07817978096440743
-0.09176768835008778 0.01796074648842767
-0.09176768835008778 -0.01796074648842767
0.01521104861281218 0.09099890173514831
0.01521104861281218 -0.09099890173514831
-0.017975292306525392 0.09029938399208584
-0.017975292306525392 -0.09029938399208584
-0.05812870408965583 0.06897271598724772
-0.05812870408965583 -0.06897271598724772
-0.00967738219581388 0.09017389878892082
-0.00967738219581388 -0.09017389878892082
0.08640333241813952 0.0
0.08686852877836973 0.018692675521255257
0.08686852877836973 -0.018692675521255257
0.08345174070595382 0.03276464372968744
0.08345174070595382 -0.03276464372968744
-0.039366102403200265 0.07902792755855363
-0.039366102403200265 -0.07902792755855363
-0.07695808702564616 0.044031985684491404
-0.07695808702564616 -0.044031985684491404
0.07345269272679501 0.03922417331096665
0.07345269272679501 -0.03922417331096665
0.0494699714309656 0.0669915493593177
0.0494699714309656 -0.0669915493593177
0.001996053561469752 0.08638158894242352
0.001996053561469752 -0.08638158894242352
-0.08621431953027169 0.018408149526558743
-0.08621431953027169 -0.018408149526558743
-0.0758894695068016 0.035115463791031636
-0.0758894695068016 -0.035115463791031636
-0.0500855611374712 0.06236909394576088
-0.0500855611374712 -0.06236909394576088
-0.021769555889583184 0.07886612196880868
-0.021769555889583184 -0.07886612196880868
0.041245110748946046 0.07173274720938619
0.041245110748946046 -0.07173274720938619
0.0773748735839623 0.024708583424940617
0.0773748735839623 -0.024708583424940617
0.015423842415354199 0.078058385608842
0.015423842415354199 -0.078058385608842
0.07122467618270939 0.03364278194033372
0.07122467618270939 -0.03364278194033372
-0.0020722858676704135 0.07904576862802282
-0.0020722858676704135 -0.07904576862802282
0.053750764304457466 0.054515591703441224
0.053750764304457466 -0.054515591703441224
0.06166109326418979 0.043701948981763876
0.06166109326418979 -0.043701948981763876
-0.060868830801855935 0.043462630689723565
-0.060868830801855935 -0.043462630689723565
-0.01994674078541368 0.0726812554883221
-0.01994674078541368 -0.0726812554883221
-0.0626433341886091 0.04032817574015624
-0.0626433341886091 -0.04032817574015624
-0.07546004568470042 0.0
0.025532648691846956 0.07185356578645045
0.025532648691846956 -0.07185356578645045
-0.02983435598777743 0.06646262893296383
-0.02983435598777743 -0.06646262893296383
0.07637392148755215 0.0
0.07746348955183412 0.0046435854126939706
0.07746348955183412 -0.0046435854126939706
-0.06568881912868897 0.02816425697894246
-0.06568881912868897 -0.02816425697894246
0.03297901579421206 0.0587009303745041
0.03297901579421206 -0.0587009303745041
0.042539083188144054 0.051604469237740806
0.042539083188144054 -0.051604469237740806
0.058909345603751884 0.03037312631202413
0.058909345603751884 -0.03037312631202413
0.012487832150619941 0.06999145768744006
0.012487832150619941 -0.06999145768744006
-0.03449853928130016 0.053768973646043515
-0.03449853928130016 -0.053768973646043515
-0.045157374540184946 0.042969568522603835
-0.045157374540184946 -0.042969568522603835
0.06888421913955886 0.006087137518706424
0.06888421913955886 -0.006087137518706424
-0.06943164965886449 0.0070040483372163466
-0.06943164965886449 -0.0070040483372163466
-0.06173307112992789 0.023694373196394183
-0.06173307112992789 -0.023694373196394183
0.06002967674426749 0.023545946983267806
0.06002967674426749 -0.023545946983267806
-0.06367242187101141 0.010900283124297923
-0.06367242187101141 -0.010900283124297923
-0.037746831260173766 0.04836527694802313
-0.037746831260173766 -0.04836527694802313
0.030504338053838446 0.05174118091579278
0.030504338053838446 -0.05174118091579278
-0.062253776262835854 0.0
-0.01432047853976832 0.058121819966902646
-0.01432047853976832 -0.058121819966902646
-0.02155181490190891 0.05395330603303374
-0.02155181490190891 -0.05395330603303374
-0.0524422527154165 0.024858065479524523
-0.0524422527154165 -0.024858065479524523
0.04003647717327846 0.036970809438666576
0.04003647717327846 -0.036970809438666576
-0.0037799655888674944 0.05703739657954938
-0.0037799655888674944 -0.05703739657954938
0.014769018029822634 0.053652853893024946
0.014769018029822634 -0.053652853893024946
0.009688920506143457 0.0546159001817982
0.009688920506143457 -0.0546159001817982
0.04465264573329092 0.028517079011072807
0.04465264573329092 -0.028517079011072807
-0.055454027491829885 0.0
-0.04718760887000406 0.021470846511040288
-0.04718760887000406 -0.021470846511040288
-0.05461468716258613 0.0
0.05652541976489784 0.0020008921396881155
0.05652541976489784 -0.0020008921396881155
0.031796598615145714 0.03921596477029323
0.031796598615145714 -0.03921596477029323
-0.036362138979851966 0.033787285708570265
-0.036362138979851966 -0.033787285708570265
0.04716641778641305 0.015871823040502473
0.04716641778641305 -0.015871823040502473
-0.030057818939635328 0.04077220497967135
-0.030057818939635328 -0.04077220497967135
-0.0018187700210483026 0.04811422071894832
-0.0018187700210483026 -0.04811422071894832
-0.026814804007215164 0.040484725749027416
-0.026814804007215164 -0.040484725749027416
0.020097625096203612 0.04586966618045287
0.020097625096203612 -0.04586966618045287
0.021329681779007334 0.040692372395190815
0.021329681779007334 -0.040692372395190815
0.04500469005463052 0.00869076349348209
0.04500469005463052 -0.00869076349348209
-0.013115713449396708 0.043074730335178384
-0.013115713449396708 -0.043074730335178384
-0.03516732476359771 0.023413199451597047
-0.03516732476359771 -0.023413199451597047
-0.03925866089583479 0.016845940782240453
-0.03925866089583479 -0.016845940782240453
-0.02718227520869256 0.02699204381363092
-0.02718227520869256 -0.02699204381363092
0.036542702674419704 0.0
0.011743472100984208 0.03582806709971649
0.011743472100984208 -0.03582806709971649
0.021342699339195123 0.02877891842819399
0.021342699339195123 -0.02877891842819399
0.0005684107654216725 0.03680347236440532
0.0005684107654216725 -0.03680347236440532
0.031836385832422265 0.01313523135927324
0.031836385832422265 -0.01313523135927324
-0.005995634135121269 0.029662195797845424
-0.005995634135121269 -0.029662195797845424
-0.03411230801636646 0.004395084575743668
-0.03411230801636646 -0.004395084575743668
0.025511219633759165 0.0
0.022512435061173435 0.02079466421149223
0.022512435061173435 -0.02079466421149223
-0.001322009964331678 0.026506006305570477
-0.001322009964331678 -0.026506006305570477
-0.02151935107890738 0.018017646521377734
-0.02151935107890738 -0.018017646521377734
0.002745348957324132 0.026616925354501962
0.002745348957324132 -0.026616925354501962
0.015809182046258148 0.020309986798776554
0.015809182046258148 -0.020309986798776554
0.021360990907917224 0.012894488033468744
0.021360990907917224 -0.012894488033468744
-0.02425425624289463 0.0
-0.021620185891863285 0.004703238017538901
-0.021620185891863285 -0.004703238017538901
-0.0113151971027913 0.010385466058825267
-0.0113151971027913 -0.010385466058825267
-0.018495956032105756 0.0
0.015467086771294982 0.004572584384894297
0.015467086771294982 -0.004572584384894297
0.00461628474255552 0.006579953242523098
0.00461628474255552 -0.006579953242523098
-0.010891804127232844 0.0
0.01662652340324238 0.0
