0.16748118597156528 1.3513519731269015
0.16748118597156528 -1.3513519731269015
0.9535770501159646 0.9031777470536795
0.9535770501159646 -0.9031777470536795
-1.1030480843405641 0.29795692992706535
-1.1030480843405641 -0.29795692992706535
-0.8901035834938037 0.7087711635950211
-0.8901035834938037 -0.7087711635950211
0.6089126437733943 0.8998499884471203
0.6089126437733943 -0.8998499884471203
-1.0721874260502473 0.0
0.07321478737772807 1.0301358759303734
0.07321478737772807 -1.0301358759303734
0.7492951032688162 0.6890613653782268
0.7492951032688162 -0.6890613653782268
1.0201065608740165 0.06615430187052634
1.0201065608740165 -0.06615430187052634
0.8236946213169186 0.572153755549419
0.8236946213169186 -0.572153755549419
0.9811236953638843 0.2095839647338718
0.9811236953638843 -0.2095839647338718
0.6594370506883033 0.7413612236396688
0.6594370506883033 -0.7413612236396688
0.887689019751916 0.4100859503185504
0.887689019751916 -0.4100859503185504
0.5686291721410484 0.8001281515164003
0.5686291721410484 -0.8001281515164003
0.7394547149610032 0.6099820037682608
0.7394547149610032 -0.6099820037682608
0.5857546568781069 0.7632582763840738
0.5857546568781069 -0.7632582763840738
0.49092083373224615 0.8313351324771837
0.49092083373224615 -0.8313351324771837
-0.0884804169683796 0.9978355630207574
-0.0884804169683796 -0.9978355630207574
-0.3371250744749416 0.9463499588975676
-0.3371250744749416 -0.9463499588975676
-0.6397768595792548 0.7823021435904463
-0.6397768595792548 -0.7823021435904463
-0.4129878078000125 0.9062993776122777
-0.4129878078000125 -0.9062993776122777
-0.8951106935028865 0.4605613932286929
-0.8951106935028865 -0.4605613932286929
-0.7690752359525013 0.6077145685030829
-0.7690752359525013 -0.6077145685030829
-0.7001723564736948 0.6864060831400293
-0.7001723564736948 -0.6864060831400293
-0.502727789718139 0.8343264673652957
-0.502727789718139 -0.8343264673652957
-0.5484637285030145 0.8051216918818874
-0.5484637285030145 -0.8051216918818874
-0.9275627722061026 0.32858306862685643
-0.9275627722061026 -0.32858306862685643
-0.8309888450999721 0.48541258666182047
-0.8309888450999721 -0.48541258666182047
-0.960550041809776 0.1908880834171655
-0.960550041809776 -0.1908880834171655
-0.627037577302271 0.7111485786792195
-0.627037577302271 -0.7111485786792195
0.9732315550432219 0.10865699681400127
0.9732315550432219 -0.10865699681400127
0.9367017782789855 0.29293623606076336
0.9367017782789855 -0.29293623606076336
0.7862565129769448 0.5447093611764602
0.7862565129769448 -0.5447093611764602
0.6918454936177645 0.6511801417627051
0.6918454936177645 -0.6511801417627051
0.6583525300104278 0.6735003627776138
0.6583525300104278 -0.6735003627776138
0.3672272551958662 0.889279123888252
0.3672272551958662 -0.889279123888252
0.14824567558230275 0.9662827222190503
0.14824567558230275 -0.9662827222190503
0.3875566109354746 0.8793803090236761
0.3875566109354746 -0.8793803090236761
0.20327067391640652 0.9471166663085642
0.20327067391640652 -0.9471166663085642
0.44415067668824143 0.8380229399803846
0.44415067668824143 -0.8380229399803846
0.026024529166062946 0.9710530196485121
0.026024529166062946 -0.9710530196485121
-0.18359559331753378 0.9608573935596683
-0.18359559331753378 -0.9608573935596683
-0.2533803220996952 0.9381026626691706
-0.2533803220996952 -0.9381026626691706
-0.9369702540271905 0.26381408025187936
-0.9369702540271905 -0.26381408025187936
-0.1253140068179351 0.956062387874352
-0.1253140068179351 -0.956062387874352
-0.9775668840875256 0.02922806033542198
-0.9775668840875256 -0.02922806033542198
-0.844017174486531 0.42551848712280843
-0.844017174486531 -0.42551848712280843
-0.7479436249839124 0.5664378724750972
-0.7479436249839124 -0.5664378724750972
-0.7287512858132489 0.5828388903119811
-0.7287512858132489 -0.5828388903119811
-0.7697300686402211 0.5271981256831109
-0.7697300686402211 -0.5271981256831109
0.8713485841270318 0.4101799004807375
0.8713485841270318 -0.4101799004807375
-0.6058625664457924 0.7031244771372651
-0.6058625664457924 -0.7031244771372651
0.8970610349790322 0.341181831460284
0.8970610349790322 -0.341181831460284
-0.2967715178651681 0.9082914013715868
-0.2967715178651681 -0.9082914013715868
-0.5280771202848149 0.7642764035941818
-0.5280771202848149 -0.7642764035941818
0.8196466494991324 0.46366815342951495
0.8196466494991324 -0.46366815342951495
-0.9526256660743118 0.12025434608425878
-0.9526256660743118 -0.12025434608425878
-0.9524337088224317 0.0
-0.06959178777640518 0.9494606008026878
-0.06959178777640518 -0.9494606008026878
-0.34692377209120095 0.8741279245835454
-0.34692377209120095 -0.8741279245835454
0.49825594493925607 0.7765937708365981
0.49825594493925607 -0.7765937708365981
0.5832322583212219 0.7042484163766443
0.5832322583212219 -0.7042484163766443
-0.8440864717604204 0.39860400418576797
-0.8440864717604204 -0.39860400418576797
0.25326656839378653 0.9130363399008534
0.25326656839378653 -0.9130363399008534
0.6286195653120003 0.6489081804902025
0.6286195653120003 -0.6489081804902025
0.539377379670446 0.7349098356040258
0.539377379670446 -0.7349098356040258
-0.8485370923709082 0.3691366536954289
-0.8485370923709082 -0.3691366536954289
-0.9400661935545167 0.0936344115968196
-0.9400661935545167 -0.0936344115968196
-0.9209275493593096 0.17389648551746958
-0.9209275493593096 -0.17389648551746958
0.08145643424638607 0.9346852708803385
0.08145643424638607 -0.9346852708803385
-0.45477081101857536 0.7961041884073218
-0.45477081101857536 -0.7961041884073218
-0.1537995076610561 0.9185055518256947
-0.1537995076610561 -0.9185055518256947
-0.38060416193997737 0.8328051730191347
-0.38060416193997737 -0.8328051730191347
-0.20281901477917025 0.9023381443918975
-0.20281901477917025 -0.9023381443918975
-0.6641875476029675 0.593808834622158
-0.6641875476029675 -0.593808834622158
0.8735523420403053 0.3452932183743389
0.8735523420403053 -0.3452932183743389
-0.5690663973360821 0.6932688568997882
-0.5690663973360821 -0.6932688568997882
0.8219447046288226 0.43007120231919527
0.8219447046288226 -0.43007120231919527
0.4067840812107647 0.8307666612706494
0.4067840812107647 -0.8307666612706494
0.30245337690264856 0.8732916360192063
0.30245337690264856 -0.8732916360192063
0.9354182787968768 0.12540019890642373
0.9354182787968768 -0.12540019890642373
0.9347737179838618 0.016784940343617976
0.9347737179838618 -0.016784940343617976
-0.9206450603387232 0.0
-0.9019796619822876 0.1829668643946142
-0.9019796619822876 -0.1829668643946142
0.9063852529802952 0.182089066763947
0.9063852529802952 -0.182089066763947
0.7551647078398489 0.48318121270988595
0.7551647078398489 -0.48318121270988595
0.8895851858383802 0.2360589819795411
0.8895851858383802 -0.2360589819795411
-0.6545415182289234 0.5861723532097267
-0.6545415182289234 -0.5861723532097267
-0.5163693080500811 0.7131710078394892
-0.5163693080500811 -0.7131710078394892
0.8812129893861866 0.2066909834043081
0.8812129893861866 -0.2066909834043081
-0.018491249836007438 0.9015179177276651
-0.018491249836007438 -0.9015179177276651
-0.8649299998489804 0.2465627067813857
-0.8649299998489804 -0.2465627067813857
0.7090723733764355 0.5298525845065355
0.7090723733764355 -0.5298525845065355
0.7232436546780266 0.509324380002878
0.7232436546780266 -0.509324380002878
-0.4737892627981542 0.7473172861659374
-0.4737892627981542 -0.7473172861659374
-0.7655872427667644 0.4310132484260171
-0.7655872427667644 -0.4310132484260171
-0.2761425181564279 0.8492334209695999
-0.2761425181564279 -0.8492334209695999
-0.31873919590885796 0.8307988861736995
-0.31873919590885796 -0.8307988861736995
0.850087592118866 0.2853456760183608
0.850087592118866 -0.2853456760183608
0.1150371619220901 0.8920660641928752
0.1150371619220901 -0.8920660641928752
-0.7231242071080255 0.49253016243671754
-0.7231242071080255 -0.49253016243671754
-0.11438307239422865 0.8921010047581863
-0.11438307239422865 -0.8921010047581863
-0.046301700547575264 0.8962449306498752
-0.046301700547575264 -0.8962449306498752
-0.6176659266536921 0.5996809149223972
-0.6176659266536921 -0.5996809149223972
-0.350599169463376 0.8148680950914928
-0.350599169463376 -0.8148680950914928
0.8977825875869772 0.06270206117200657
0.8977825875869772 -0.06270206117200657
-0.529394969705532 0.6709186361704378
-0.529394969705532 -0.6709186361704378
0.18369485564570665 0.8678891258547062
0.18369485564570665 -0.8678891258547062
0.24794598683977076 0.8474422127314071
0.24794598683977076 -0.8474422127314071
-0.8580440224386165 0.19914316313495584
-0.8580440224386165 -0.19914316313495584
0.5367669233707286 0.6591454548471324
0.5367669233707286 -0.6591454548471324
-0.8370515435924617 0.2577448357276963
-0.8370515435924617 -0.2577448357276963
0.48663747732721846 0.6973793214989104
0.48663747732721846 -0.6973793214989104
0.6468723400614446 0.5538314800036028
0.6468723400614446 -0.5538314800036028
0.8914282238009027 0.0337339068414186
0.8914282238009027 -0.0337339068414186
0.8069272216900131 0.3335023508318114
0.8069272216900131 -0.3335023508318114
-0.38467001291190583 0.7739314953250044
-0.38467001291190583 -0.7739314953250044
0.6302900894332574 0.5433667799835938
0.6302900894332574 -0.5433667799835938
0.8301744576403813 0.26258297216523907
0.8301744576403813 -0.26258297216523907
-0.2270436501864207 0.8311517620766937
-0.2270436501864207 -0.8311517620766937
-0.4069878598890996 0.7488867258166594
-0.4069878598890996 -0.7488867258166594
-0.8585020628106594 0.10739901845138553
-0.8585020628106594 -0.10739901845138553
0.3338284076672917 0.8032145744140795
0.3338284076672917 -0.8032145744140795
-0.007698194877773153 0.8681928023470822
-0.007698194877773153 -0.8681928023470822
-0.802272794618483 0.30665399631474866
-0.802272794618483 -0.30665399631474866
0.2823044794054684 0.8224595309380692
0.2823044794054684 -0.8224595309380692
-0.805230159992566 0.28056294222313666
-0.805230159992566 -0.28056294222313666
0.8527504510895624 0.08558307581928469
0.8527504510895624 -0.08558307581928469
-0.7088583122589772 0.43612182471598726
-0.7088583122589772 -0.43612182471598726
-0.45068993724062756 0.6996868607980833
-0.45068993724062756 -0.6996868607980833
0.49683181194891446 0.675406767236312
0.49683181194891446 -0.675406767236312
0.04152542041111161 0.8506615941262768
0.04152542041111161 -0.8506615941262768
-0.8206077296746809 0.2089896692348793
-0.8206077296746809 -0.2089896692348793
0.06735021061735683 0.8488645814090839
0.06735021061735683 -0.8488645814090839
0.39824036785653644 0.7310530332508036
0.39824036785653644 -0.7310530332508036
0.18871093340605088 0.8269383733681885
0.18871093340605088 -0.8269383733681885
0.34457331030434807 0.7660974538931171
0.34457331030434807 -0.7660974538931171
-0.6198993383066274 0.5298892360204526
-0.6198993383066274 -0.5298892360204526
-0.536249745419873 0.6132060106323128
-0.536249745419873 -0.6132060106323128
0.10163764614509671 0.8323437548545469
0.10163764614509671 -0.8323437548545469
-0.739605362911762 0.3635438967190248
-0.739605362911762 -0.3635438967190248
-0.8373675916903466 0.06106501856593355
-0.8373675916903466 -0.06106501856593355
-0.18939110799637277 0.8103037543732242
-0.18939110799637277 -0.8103037543732242
0.7823404748895524 0.29679786417874454
0.7823404748895524 -0.29679786417874454
0.6985883417174008 0.43073719782338266
0.6985883417174008 -0.43073719782338266
-0.2664361956616459 0.7744684831662416
-0.2664361956616459 -0.7744684831662416
0.7423432552630519 0.35912427655728413
0.7423432552630519 -0.35912427655728413
0.5382809622990395 0.6078944111973718
0.5382809622990395 -0.6078944111973718
0.5582688338724204 0.5858446070651251
0.5582688338724204 -0.5858446070651251
-0.8346997288798862 0.0
-0.5856498903942737 0.5395327490652242
-0.5856498903942737 -0.5395327490652242
0.834825902420006 0.05579907560071188
0.834825902420006 -0.05579907560071188
-0.6935748565558648 0.4061478082362239
-0.6935748565558648 -0.4061478082362239
-0.11083072439527827 0.8149652955582518
-0.11083072439527827 -0.8149652955582518
0.21735294238929148 0.7961711089000713
0.21735294238929148 -0.7961711089000713
0.575058149608615 0.5594081979528902
0.575058149608615 -0.5594081979528902
0.4078515233487277 0.6993840713868636
0.4078515233487277 -0.6993840713868636
0.14456327118778928 0.8104724175012348
0.14456327118778928 -0.8104724175012348
0.7024435181568027 0.3889361134945264
0.7024435181568027 -0.3889361134945264
-0.5052091678314714 0.5917454717636861
-0.5052091678314714 -0.5917454717636861
-0.4577727832554367 0.6320449733131073
-0.4577727832554367 -0.6320449733131073
0.3044854857157122 0.7582020797515967
0.3044854857157122 -0.7582020797515967
0.6481484902574464 0.4546456715775779
0.6481484902574464 -0.4546456715775779
0.12922931854783676 0.8095463337560362
0.12922931854783676 -0.8095463337560362
-0.33497422555773126 0.7220792593389498
-0.33497422555773126 -0.7220792593389498
-0.808372186500846 0.10493997774097169
-0.808372186500846 -0.10493997774097169
-0.8123897362796947 0.01752393454427305
-0.8123897362796947 -0.01752393454427305
-0.3116815319292985 0.7277371226587468
-0.3116815319292985 -0.7277371226587468
-0.2263298623750593 0.7612419888510824
-0.2263298623750593 -0.7612419888510824
-0.40166768068144865 0.6670428114662899
-0.40166768068144865 -0.6670428114662899
-0.7469755202025978 0.26626265707028013
-0.7469755202025978 -0.26626265707028013
-0.1261999561716357 0.7845240999219393
-0.1261999561716357 -0.7845240999219393
-0.6677153818704359 0.4110989016759771
-0.6677153818704359 -0.4110989016759771
-0.0593132960864103 0.799745120049687
-0.0593132960864103 -0.799745120049687
0.8064940307839328 0.09477287070928028
0.8064940307839328 -0.09477287070928028
-0.6239650146763818 0.4587316899477614
-0.6239650146763818 -0.4587316899477614
-0.7822107773837415 0.13847576615642487
-0.7822107773837415 -0.13847576615642487
0.7706874234408084 0.23053419345894266
0.7706874234408084 -0.23053419345894266
0.7947237769661452 0.0
0.7750545529553506 0.17387763667788608
0.7750545529553506 -0.17387763667788608
-0.6404444526062991 0.42022708156331817
-0.6404444526062991 -0.42022708156331817
0.6788965677181034 0.38845252782302114
0.6788965677181034 -0.38845252782302114
0.5991483446039153 0.4863237649924988
0.5991483446039153 -0.4863237649924988
0.33404588397923207 0.7074221236707634
0.33404588397923207 -0.7074221236707634
0.4880040684426634 0.5846678505805092
0.4880040684426634 -0.5846678505805092
0.4584820274515808 0.6076281479007348
0.4584820274515808 -0.6076281479007348
-0.013417353690268327 0.7813398807342431
-0.013417353690268327 -0.7813398807342431
0.6283419228494231 0.4357592798711434
0.6283419228494231 -0.4357592798711434
0.3035440325470838 0.7158673077306689
0.3035440325470838 -0.7158673077306689
-0.570766756502626 0.4808487699472708
-0.570766756502626 -0.4808487699472708
-0.7071401435429021 0.3090006000571067
-0.7071401435429021 -0.3090006000571067
0.7197543358498759 0.2879864795393108
0.7197543358498759 -0.2879864795393108
-0.7447477244371826 0.19334626368637756
-0.7447477244371826 -0.19334626368637756
-0.7198958913085927 0.2597103397266415
-0.7198958913085927 -0.2597103397266415
-0.2728537946069016 0.7062680243039346
-0.2728537946069016 -0.7062680243039346
-0.08086035424246199 0.7557295770223146
-0.08086035424246199 -0.7557295770223146
0.023883183196297682 0.7652602137925533
0.023883183196297682 -0.7652602137925533
-0.7498124963812376 0.0
-0.7378812319621473 0.04795663815262971
-0.7378812319621473 -0.04795663815262971
-0.5350460398913841 0.480600574866402
-0.5350460398913841 -0.480600574866402
0.36079625907760937 0.6541187241929671
0.36079625907760937 -0.6541187241929671
-0.45717886574851957 0.5537390880286343
-0.45717886574851957 -0.5537390880286343
0.5770850072020899 0.4651325782486162
0.5770850072020899 -0.4651325782486162
0.7373307686276536 0.19824813688710294
0.7373307686276536 -0.19824813688710294
0.4177621377878609 0.6073234831988867
0.4177621377878609 -0.6073234831988867
0.7623454234124816 0.02946796254953377
0.7623454234124816 -0.02946796254953377
-0.42591630978479517 0.5633815178389298
-0.42591630978479517 -0.5633815178389298
0.7557237080041556 0.08739282646854653
0.7557237080041556 -0.08739282646854653
0.28376551583645554 0.6851576585152991
0.28376551583645554 -0.6851576585152991
0.7045852854233317 0.24903426417398927
0.7045852854233317 -0.24903426417398927
0.086290451994534 0.7345187240130425
0.086290451994534 -0.7345187240130425
0.162480888600458 0.720296692199072
0.162480888600458 -0.720296692199072
0.6512666847356106 0.33567900210583806
0.6512666847356106 -0.33567900210583806
0.20997014672974487 0.6919206765116128
0.20997014672974487 -0.6919206765116128
0.1184884679877651 0.7174998302660583
0.1184884679877651 -0.7174998302660583
0.034305529894628733 0.7224875612828804
0.034305529894628733 -0.7224875612828804
0.5150665573620029 0.47867174507265214
0.5150665573620029 -0.47867174507265214
0.7221609104612033 0.1215732698522485
0.7221609104612033 -0.1215732698522485
-0.3059132694952706 0.6497665469532117
-0.3059132694952706 -0.6497665469532117
-0.1759768960240638 0.7014658357669562
-0.1759768960240638 -0.7014658357669562
-0.6475557237995221 0.3159873666206457
-0.6475557237995221 -0.3159873666206457
-0.04413000212501952 0.7225599181369069
-0.04413000212501952 -0.7225599181369069
-0.6352843658506806 0.33187487249731373
-0.6352843658506806 -0.33187487249731373
-0.5047223176304224 0.4969440942450027
-0.5047223176304224 -0.4969440942450027
-0.11239870708565033 0.7060517204122917
-0.11239870708565033 -0.7060517204122917
0.3792372300289556 0.5857231098169142
0.3792372300289556 -0.5857231098169142
-0.35015599920077795 0.608019297250368
-0.35015599920077795 -0.608019297250368
0.48179988112730554 0.4950052533142464
0.48179988112730554 -0.4950052533142464
-0.5584496603767171 0.4243542590684649
-0.5584496603767171 -0.4243542590684649
0.23306927119551069 0.6616845992203932
0.23306927119551069 -0.6616845992203932
0.7111770020439215 0.014353029227804332
0.7111770020439215 -0.014353029227804332
-0.7023668829905537 0.08781415576755351
-0.7023668829905537 -0.08781415576755351
-0.22353355344309186 0.6602048270915347
-0.22353355344309186 -0.6602048270915347
0.5273126194990916 0.4303949393848167
0.5273126194990916 -0.4303949393848167
0.6158614133650437 0.3136551550869884
0.6158614133650437 -0.3136551550869884
0.5673636072828198 0.3785159957804389
0.5673636072828198 -0.3785159957804389
-0.31345385661763986 0.6006413789778308
-0.31345385661763986 -0.6006413789778308
0.6318572529695294 0.27846091368570186
0.6318572529695294 -0.27846091368570186
0.37957030917807355 0.5658527643517075
0.37957030917807355 -0.5658527643517075
0.4009775504198311 0.5417772128200026
0.4009775504198311 -0.5417772128200026
0.6625631298625902 0.17732036430321202
0.6625631298625902 -0.17732036430321202
-0.022125922455722008 0.6918574304373075
-0.022125922455722008 -0.6918574304373075
-0.6717330600227585 0.19439186755268967
-0.6717330600227585 -0.19439186755268967
-0.5318532016972027 0.4107674980206261
-0.5318532016972027 -0.4107674980206261
-0.6377575353676982 0.2625357498372603
-0.6377575353676982 -0.2625357498372603
-0.41169496317435167 0.5154738522167007
-0.41169496317435167 -0.5154738522167007
-0.6802313484189075 0.13603484468434124
-0.6802313484189075 -0.13603484468434124
0.28929640576167115 0.6168737827248827
0.28929640576167115 -0.6168737827248827
0.4474265141157676 0.47572390494378675
0.4474265141157676 -0.47572390494378675
-0.4746692713462588 0.44677127886690615
-0.4746692713462588 -0.44677127886690615
-0.43110224878586356 0.47565564784809555
-0.43110224878586356 -0.47565564784809555
-0.15609545303740885 0.6560501440863395
-0.15609545303740885 -0.6560501440863395
0.5066558402176895 0.41267108535524777
0.5066558402176895 -0.41267108535524777
0.6755278835270699 0.12155470555973623
0.6755278835270699 -0.12155470555973623
-0.09340231573820192 0.6673211738480083
-0.09340231573820192 -0.6673211738480083
0.6375532492887279 0.23998045868405343
0.6375532492887279 -0.23998045868405343
0.649808244774008 0.20746468244431465
0.649808244774008 -0.20746468244431465
0.2972672014579689 0.5993867750992747
0.2972672014579689 -0.5993867750992747
0.6077759126885856 0.2649250800078638
0.6077759126885856 -0.2649250800078638
-0.672746128567713 0.013370941651122277
-0.672746128567713 -0.013370941651122277
0.21081005129996216 0.628992903045172
0.21081005129996216 -0.628992903045172
-0.5599620174383005 0.34435448055593887
-0.5599620174383005 -0.34435448055593887
-0.6214932447865873 0.22538087054971476
-0.6214932447865873 -0.22538087054971476
0.047286958252441016 0.653661239239384
0.047286958252441016 -0.653661239239384
-0.6552528265578815 0.11777160356665481
-0.6552528265578815 -0.11777160356665481
-0.2303712025855853 0.6091928464009313
-0.2303712025855853 -0.6091928464009313
-0.3335929813396554 0.5514734524040324
-0.3335929813396554 -0.5514734524040324
-0.28098765802200043 0.579254155341029
-0.28098765802200043 -0.579254155341029
0.6583316134318675 0.0957046663174937
0.6583316134318675 -0.0957046663174937
-0.6356803358959866 0.16470042222383757
-0.6356803358959866 -0.16470042222383757
-0.5721201145472887 0.2858272139838131
-0.5721201145472887 -0.2858272139838131
-0.4014703253272433 0.47456915468203414
-0.4014703253272433 -0.47456915468203414
-0.11731946147613628 0.6351059299680392
-0.11731946147613628 -0.6351059299680392
0.6528466945059144 0.013068369170123125
0.6528466945059144 -0.013068369170123125
0.3256369156151828 0.5265795994668004
0.3256369156151828 -0.5265795994668004
0.5358943143815434 0.32003933850854577
0.5358943143815434 -0.32003933850854577
0.48332449079017414 0.38323421267998564
0.48332449079017414 -0.38323421267998564
0.29282400118610313 0.5439417663333668
0.29282400118610313 -0.5439417663333668
-0.4973173835764245 0.36792855666130303
-0.4973173835764245 -0.36792855666130303
0.1342276894510276 0.6244718586493541
0.1342276894510276 -0.6244718586493541
-0.6369923755450653 0.0496253241216757
-0.6369923755450653 -0.0496253241216757
0.020170340062000684 0.6295439144339972
0.020170340062000684 -0.6295439144339972
0.23781351282032315 0.5758451393665852
0.23781351282032315 -0.5758451393665852
0.6266170516552778 0.04377252651468576
0.6266170516552778 -0.04377252651468576
0.5823558864242588 0.2169462067634818
0.5823558864242588 -0.2169462067634818
0.15512299110090022 0.6013685580579271
0.15512299110090022 -0.6013685580579271
0.0892747452498324 0.6145467169854978
0.0892747452498324 -0.6145467169854978
0.5449034838695355 0.25047995655506333
0.5449034838695355 -0.25047995655506333
-0.18441265430942086 0.5876584222515004
-0.18441265430942086 -0.5876584222515004
-0.1067578910599738 0.6024315894193739
-0.1067578910599738 -0.6024315894193739
0.5910979221278653 0.10239387084231637
0.5910979221278653 -0.10239387084231637
-0.616257594930815 0.09183470724711607
-0.616257594930815 -0.09183470724711607
0.5980566501245117 0.0
-0.5794734836372104 0.20439280643615473
-0.5794734836372104 -0.20439280643615473
-0.28769890176485563 0.5389801966914124
-0.28769890176485563 -0.5389801966914124
0.40576607174300433 0.4229682828131073
0.40576607174300433 -0.4229682828131073
0.3812326942379417 0.44384809078818865
0.3812326942379417 -0.44384809078818865
-0.5440842944840427 0.2664245810959069
-0.5440842944840427 -0.2664245810959069
0.4664419759452124 0.3443707694311208
0.4664419759452124 -0.3443707694311208
-0.3005951348372987 0.5114165842411311
-0.3005951348372987 -0.5114165842411311
-0.5848409703265094 0.1445572364568211
-0.5848409703265094 -0.1445572364568211
-0.5976756800576329 0.0
-0.40567140632394527 0.4148442303479787
-0.40567140632394527 -0.4148442303479787
-0.2583956543584529 0.5191963956354548
-0.2583956543584529 -0.5191963956354548
0.07082901647821305 0.5811647694374331
0.07082901647821305 -0.5811647694374331
-0.014860745131588839 0.5853401962070092
-0.014860745131588839 -0.5853401962070092
-0.45258976136917256 0.35001077996408814
-0.45258976136917256 -0.35001077996408814
-0.5733610148955698 0.07746266929057963
-0.5733610148955698 -0.07746266929057963
0.3058890105675294 0.48741479011848765
0.3058890105675294 -0.48741479011848765
0.22206124223679652 0.5263089863877736
0.22206124223679652 -0.5263089863877736
-0.5540626206257873 0.0
0.5256930363316958 0.20807552832348894
0.5256930363316958 -0.20807552832348894
-0.45920624643633745 0.31804359948952515
-0.45920624643633745 -0.31804359948952515
-0.35462092164792525 0.4275366544603886
-0.35462092164792525 -0.4275366544603886
0.05923569772388845 0.5577849065233575
0.05923569772388845 -0.5577849065233575
-0.17686567216152155 0.5257684027651014
-0.17686567216152155 -0.5257684027651014
0.4149007052749023 0.35262047082535064
0.4149007052749023 -0.35262047082535064
0.20701035117736305 0.520171988242889
0.20701035117736305 -0.520171988242889
-0.036739026493422186 0.549929098087892
-0.036739026493422186 -0.549929098087892
-0.5264922185196046 0.1289251808373945
-0.5264922185196046 -0.1289251808373945
0.5362514662302194 0.12433906793048148
0.5362514662302194 -0.12433906793048148
0.45430652216940737 0.29175977921922747
0.45430652216940737 -0.29175977921922747
-0.2185102408578111 0.4964148906012611
-0.2185102408578111 -0.4964148906012611
0.0180384598356223 0.5481587348183145
0.0180384598356223 -0.5481587348183145
-0.3097512374394952 0.4332695582928772
-0.3097512374394952 -0.4332695582928772
-0.4414212091065357 0.2945463262808742
-0.4414212091065357 -0.2945463262808742
0.33176376217986187 0.4153713171776572
0.33176376217986187 -0.4153713171776572
0.3932243345090226 0.34810815085166985
0.3932243345090226 -0.34810815085166985
-0.48812887881035605 0.20901944342590495
-0.48812887881035605 -0.20901944342590495
-0.44739823327356454 0.26475462792415694
-0.44739823327356454 -0.26475462792415694
0.4761911655180397 0.22912670246815747
0.4761911655180397 -0.22912670246815747
0.5255342430710737 0.08891777983119853
0.5255342430710737 -0.08891777983119853
-0.3914162440771464 0.3422873971571835
-0.3914162440771464 -0.3422873971571835
0.5368339855377231 0.0
-0.5196730859643494 0.0
0.11728819058846687 0.5181976906375785
0.11728819058846687 -0.5181976906375785
0.3037137380424785 0.41182287362924735
0.3037137380424785 -0.41182287362924735
-0.04206224591882908 0.5323474621830397
-0.04206224591882908 -0.5323474621830397
0.2444555483210848 0.4605910269430937
0.2444555483210848 -0.4605910269430937
-0.3436345316394009 0.35265383290778113
-0.3436345316394009 -0.35265383290778113
0.17938302440883547 0.49187568101884177
0.17938302440883547 -0.49187568101884177
0.23067684195706736 0.4594692414391828
0.23067684195706736 -0.4594692414391828
-0.12075267720506852 0.4986269901917951
-0.12075267720506852 -0.4986269901917951
-0.1407347478722062 0.49311801042241715
-0.1407347478722062 -0.49311801042241715
0.49930040285629257 0.0579613683174508
0.49930040285629257 -0.0579613683174508
0.48141395771828943 0.10928314785160725
0.48141395771828943 -0.10928314785160725
0.41580409907251686 0.26830629924000293
0.41580409907251686 -0.26830629924000293
-0.160791965014692 0.4723267678790272
-0.160791965014692 -0.4723267678790272
0.4934760377061434 0.0
0.4281667427191377 0.24127709601246086
0.4281667427191377 -0.24127709601246086
0.44009856778280454 0.20268520771958637
0.44009856778280454 -0.20268520771958637
-0.3851355853356806 0.3066929274923143
-0.3851355853356806 -0.3066929274923143
-0.47789696943732457 0.12708318097666416
-0.47789696943732457 -0.12708318097666416
-0.2897318508477895 0.38500307128521083
-0.2897318508477895 -0.38500307128521083
-0.017390923944475625 0.4865614261892519
-0.017390923944475625 -0.4865614261892519
0.2797937255295687 0.39396129999913204
0.2797937255295687 -0.39396129999913204
-0.48953365586823205 0.0
-0.4791700228621679 0.044436325791283045
-0.4791700228621679 -0.044436325791283045
0.37109704057009973 0.2949943887828322
0.37109704057009973 -0.2949943887828322
-0.44000657620709727 0.1639648091120038
-0.44000657620709727 -0.1639648091120038
-0.4212445817756963 0.20282815098579746
-0.4212445817756963 -0.20282815098579746
-0.20382337800763706 0.4154856277607367
-0.20382337800763706 -0.4154856277607367
0.12943542028749255 0.4537144859499518
0.12943542028749255 -0.4537144859499518
0.19962234588042277 0.41301927930760274
0.19962234588042277 -0.41301927930760274
-0.3315411042550267 0.3089053669839194
-0.3315411042550267 -0.3089053669839194
-0.287245406110367 0.34523711135084223
-0.287245406110367 -0.34523711135084223
0.27731882833839305 0.34569201542892497
0.27731882833839305 -0.34569201542892497
0.2912313225469225 0.32611545629105876
0.2912313225469225 -0.32611545629105876
0.10403060130633437 0.44519262114408475
0.10403060130633437 -0.44519262114408475
0.4634763478872781 0.028622405277260413
0.4634763478872781 -0.028622405277260413
-0.30772022422383527 0.29684805521773355
-0.30772022422383527 -0.29684805521773355
-0.004703867263803946 0.4430957131688933
-0.004703867263803946 -0.4430957131688933
-0.08033179975332375 0.4393638400115951
-0.08033179975332375 -0.4393638400115951
0.3773475558316788 0.21680938791573257
0.3773475558316788 -0.21680938791573257
-0.44224641825931404 0.0
0.41413828179624146 0.12110966271737822
0.41413828179624146 -0.12110966271737822
0.3274904865411475 0.2576391770075623
0.3274904865411475 -0.2576391770075623
0.049493395683666834 0.43675989938940235
0.049493395683666834 -0.43675989938940235
0.41673000630527035 0.05128337427479977
0.41673000630527035 -0.05128337427479977
-0.04726567397013465 0.4290390119025074
-0.04726567397013465 -0.4290390119025074
0.4041279264542508 0.05008622060603573
0.4041279264542508 -0.05008622060603573
0.24613547816884057 0.3191247801870023
0.24613547816884057 -0.3191247801870023
0.3809796323654757 0.11200170968060531
0.3809796323654757 -0.11200170968060531
-0.41279488431055766 0.12346648024459601
-0.41279488431055766 -0.12346648024459601
0.08497056095324405 0.39222968614902803
0.08497056095324405 -0.39222968614902803
-0.3935672287925325 0.11896575040076136
-0.3935672287925325 -0.11896575040076136
-0.3671309200407343 0.20555507566027756
-0.3671309200407343 -0.20555507566027756
-0.3354061178392882 0.25262620535120467
-0.3354061178392882 -0.25262620535120467
-0.4211968243845668 0.0
-0.09647971588384104 0.39769071235586034
-0.09647971588384104 -0.39769071235586034
-0.40752082830856423 0.0
-0.36812797975723344 0.17909359869807323
-0.36812797975723344 -0.17909359869807323
-0.2799589315221902 0.29779268034558426
-0.2799589315221902 -0.29779268034558426
0.26293986021945204 0.2770863928741557
0.26293986021945204 -0.2770863928741557
-0.34460588860851604 0.1932802666069033
-0.34460588860851604 -0.1932802666069033
-0.163482123275423 0.3533161468504839
-0.163482123275423 -0.3533161468504839
0.19878578399908953 0.3252680864156677
0.19878578399908953 -0.3252680864156677
0.011405463445247892 0.37802418960786816
0.011405463445247892 -0.37802418960786816
-0.20804113042427538 0.31104577062783895
-0.20804113042427538 -0.31104577062783895
-0.17623851518723682 0.3328989877108495
-0.17623851518723682 -0.3328989877108495
-0.2910128731130563 0.24480629074706772
-0.2910128731130563 -0.24480629074706772
0.33585352758483317 0.13823150143393043
0.33585352758483317 -0.13823150143393043
0.13686114358403875 0.3272567349336388
0.13686114358403875 -0.3272567349336388
-0.08455463085765948 0.3433487833982157
-0.08455463085765948 -0.3433487833982157
-0.01039049168253035 0.3550459308205578
-0.01039049168253035 -0.3550459308205578
-0.34899856145524666 0.06300883189998271
-0.34899856145524666 -0.06300883189998271
-0.28420801032662 0.2005812062923426
-0.28420801032662 -0.2005812062923426
0.279638291311872 0.19217099182467806
0.279638291311872 -0.19217099182467806
0.0903378455267948 0.3323875146366512
0.0903378455267948 -0.3323875146366512
0.30019038765043826 0.16051519066997919
0.30019038765043826 -0.16051519066997919
0.20014522992090017 0.26643581272381295
0.20014522992090017 -0.26643581272381295
-0.15318370557551284 0.2876054832385406
-0.15318370557551284 -0.2876054832385406
-0.12334798183949124 0.3022773811670356
-0.12334798183949124 -0.3022773811670356
-0.3408272496097096 0.030909663124715138
-0.3408272496097096 -0.030909663124715138
-0.27117280869779037 0.15407321398970336
-0.27117280869779037 -0.15407321398970336
0.0986519688012627 0.29903877728960926
0.0986519688012627 -0.29903877728960926
0.041249748747245935 0.3196556405941308
0.041249748747245935 -0.3196556405941308
0.34446429086536867 0.03129527048324319
0.34446429086536867 -0.03129527048324319
0.20246411402420764 0.22325481533061248
0.20246411402420764 -0.22325481533061248
0.22988443819374949 0.1967082008226222
0.22988443819374949 -0.1967082008226222
0.26689299635129604 0.14598143766607186
0.26689299635129604 -0.14598143766607186
0.32216895584408173 0.059062216886319636
0.32216895584408173 -0.059062216886319636
0.00030514167571229426 0.30644961450774766
0.00030514167571229426 -0.30644961450774766
-0.09622586291692681 0.29131747469260205
-0.09622586291692681 -0.29131747469260205
-0.30374640204651354 0.05259704101672479
-0.30374640204651354 -0.05259704101672479
-0.29000743956789066 0.09779533997858372
-0.29000743956789066 -0.09779533997858372
-0.27962950668305603 0.10474747476277906
-0.27962950668305603 -0.10474747476277906
0.3146239881869577 0.031125965107006978
0.3146239881869577 -0.031125965107006978
0.11480438987338272 0.25816413051937964
0.11480438987338272 -0.25816413051937964
-0.18441318200149434 0.2071168133639296
-0.18441318200149434 -0.2071168133639296
-0.26770331273707865 0.0
-0.23301998265968776 0.14389778483014184
-0.23301998265968776 -0.14389778483014184
-0.18536261284912153 0.194485979853446
-0.18536261284912153 -0.194485979853446
-0.02410020840601433 0.2647423998867815
-0.02410020840601433 -0.2647423998867815
0.09276086691144837 0.23828067644135004
0.09276086691144837 -0.23828067644135004
0.24272201418885964 0.11706147024724373
0.24272201418885964 -0.11706147024724373
0.19119201811756956 0.1660932698270117
0.19119201811756956 -0.1660932698270117
-0.09745224706922648 0.22901168882669004
-0.09745224706922648 -0.22901168882669004
-0.0023142368792972903 0.24321645550769944
-0.0023142368792972903 -0.24321645550769944
-0.23963440609489967 0.025914073672334795
-0.23963440609489967 -0.025914073672334795
0.25031840406931943 0.0327830968138571
0.25031840406931943 -0.0327830968138571
0.22267475622847827 0.10787084883616185
0.22267475622847827 -0.10787084883616185
-0.17063250583921657 0.1641414316333015
-0.17063250583921657 -0.1641414316333015
-0.034857439929614556 0.233115509413818
-0.034857439929614556 -0.233115509413818
0.2471737082481756 0.0
-0.09855126419039845 0.19514651437735903
-0.09855126419039845 -0.19514651437735903
0.1227923298392079 0.17685706234753684
0.1227923298392079 -0.17685706234753684
0.2144993634200168 0.06043834337544919
0.2144993634200168 -0.06043834337544919
0.05569085027781563 0.20632782459434457
0.05569085027781563 -0.20632782459434457
-0.13755294343209065 0.1499168819376282
-0.13755294343209065 -0.1499168819376282
-0.17486852902019817 0.08772764655751827
-0.17486852902019817 -0.08772764655751827
-0.18730211831749333 0.0
-0.18522060842280888 0.0
0.18287271761202692 0.0
0.07230456762907511 0.16825511540295135
0.07230456762907511 -0.16825511540295135
0.010577951281698668 0.17732190908559872
0.010577951281698668 -0.17732190908559872
0.16292768012671222 0.0
0.10368940168793209 0.14405038502347708
0.10368940168793209 -0.14405038502347708
-0.1678048924722097 0.06300367504228102
-0.1678048924722097 -0.06300367504228102
-0.09513902204853955 0.15732115366666993
-0.09513902204853955 -0.15732115366666993
0.1475965084509125 0.08426314316401172
0.1475965084509125 -0.08426314316401172
-0.03900077168337526 0.16685143364470267
-0.03900077168337526 -0.16685143364470267
-0.08189358053828552 0.1490167171997495
-0.08189358053828552 -0.1490167171997495
0.15814088468609983 0.02743148765395927
0.15814088468609983 -0.02743148765395927
0.11209921542775439 0.11587134774275092
0.11209921542775439 -0.11587134774275092
-0.1430082230349935 0.07794531349064433
-0.1430082230349935 -0.07794531349064433
-0.1521561207428053 0.0
-0.1437666932997836 0.028903633384973062
-0.1437666932997836 -0.028903633384973062
-0.10890582413716418 0.0
0.03084809161821215 0.13585637304686407
0.03084809161821215 -0.13585637304686407
0.06593508990972706 0.12302837123933334
0.06593508990972706 -0.12302837123933334
-0.11778318875131447 0.07072828831531283
-0.11778318875131447 -0.07072828831531283
0.12364654650616791 0.0722102814624738
0.12364654650616791 -0.0722102814624738
-0.0013379554690907593 0.12698530893438084
-0.0013379554690907593 -0.12698530893438084
-0.041833434386219934 0.1180615706282735
-0.041833434386219934 -0.1180615706282735
0.12467505096421458 0.04503740342435577
0.12467505096421458 -0.04503740342435577
-0.0815697798687793 0.08273632766453023
-0.0815697798687793 -0.08273632766453023
0.09701727358704654 0.06746415263109012
0.09701727358704654 -0.06746415263109012
-0.04824125682115348 0.10336976660481828
-0.04824125682115348 -0.10336976660481828
-0.06069951758425006 0.08176942785002195
-0.06069951758425006 -0.08176942785002195
0.08361666971444233 0.06227508847201707
0.08361666971444233 -0.06227508847201707
0.10388816810422749 0.037943778995060864
0.10388816810422749 -0.037943778995060864
0.09948825623111841 0.005774130373038753
0.09948825623111841 -0.005774130373038753
-0.09563606997766473 0.025665982106316192
-0.09563606997766473 -0.025665982106316192
0.05107380925092117 0.08127890841961506
0.05107380925092117 -0.08127890841961506
-0.07132862602052756 0.052057678091889166
-0.07132862602052756 -0.052057678091889166
-0.0773964037411001 0.04299875182187253
-0.0773964037411001 -0.04299875182187253
-0.03357503188843988 0.07930353078500457
-0.03357503188843988 -0.07930353078500457
0.05798644787335236 0.07413491632742103
0.05798644787335236 -0.07413491632742103
0.0016662508526820643 0.08677557132853662
0.0016662508526820643 -0.08677557132853662
0.02428327517256123 0.08298871782819865
0.02428327517256123 -0.08298871782819865
0.018320198640749602 0.07455070146222721
0.018320198640749602 -0.07455070146222721
-0.013428845604711387 0.0715405394041016
-0.013428845604711387 -0.0715405394041016
0.05501942804209985 0.05324013716697672
0.05501942804209985 -0.05324013716697672
-0.04479369980336371 0.052482055127416674
-0.04479369980336371 -0.052482055127416674
-0.05569817542581051 0.0
-0.05996472034715032 0.02224594126212194
-0.05996472034715032 -0.02224594126212194
0.06689213199238267 0.028605178330069477
0.06689213199238267 -0.028605178330069477
0.06504421428927289 0.009267667140775622
0.06504421428927289 -0.009267667140775622
-0.004044286233215809 0.058081054521109995
-0.004044286233215809 -0.058081054521109995
0.037835848745031084 0.04395081550364157
0.037835848745031084 -0.04395081550364157
0.051872602241089014 0.0026391303208001277
0.051872602241089014 -0.0026391303208001277
-0.03389341003688825 0.0
-0.03606141428093789 0.0241702131920921
-0.03606141428093789 -0.0241702131920921
0.020229783004875324 0.043198467046841875
0.020229783004875324 -0.043198467046841875
-0.022260640299680307 0.03879436534287048
-0.022260640299680307 -0.03879436534287048
0.005398585442516954 0.04412439879696828
0.005398585442516954 -0.04412439879696828
0.01210555540001848 0.0321005711141042
0.01210555540001848 -0.0321005711141042
-0.01623220587298868 0.01500512000526632
-0.01623220587298868 -0.01500512000526632
0.01834501843042933 0.018130983831143966
0.01834501843042933 -0.018130983831143966
-0.02098605874725437 0.010734967082719453
-0.02098605874725437 -0.010734967082719453
0.014605642733256884 0.0
0.007427510992572554 0.008354838526869806
0.007427510992572554 -0.008354838526869806
0.009092191803196372 0.0
