0.5941082598593135 2.4177690118444555
0.5941082598593135 -2.4177690118444555
-1.5621005591792998 0.0
-1.2590307407237795 0.0
0.7275111590229779 0.8133096512033202
0.7275111590229779 -0.8133096512033202
0.9360799040231653 0.521675896373767
0.9360799040231653 -0.521675896373767
0.223384826807724 1.074723282081401
0.223384826807724 -1.074723282081401
-0.2008312280189133 1.0596838852437067
-0.2008312280189133 -1.0596838852437067
-0.5043183429175616 0.9350088451303377
-0.5043183429175616 -0.9350088451303377
-0.8633264402182648 0.5939853675454323
-0.8633264402182648 -0.5939853675454323
-1.0254532465956454 0.0
-0.8675488542996164 0.5061210905226867
-0.8675488542996164 -0.5061210905226867
-0.7507387653248365 0.6587757695324576
-0.7507387653248365 -0.6587757695324576
-0.6751093411843747 0.7300684869858997
-0.6751093411843747 -0.7300684869858997
0.9987110144837035 0.023573454396423037
0.9987110144837035 -0.023573454396423037
0.841538435881108 0.5599183591139032
0.841538435881108 -0.5599183591139032
0.9206963497755434 0.4033140846040259
0.9206963497755434 -0.4033140846040259
0.9788233076460147 0.16390549283507627
0.9788233076460147 -0.16390549283507627
0.9135411979796749 0.3839493197386314
0.9135411979796749 -0.3839493197386314
0.41744067876588736 0.9450971340158446
0.41744067876588736 -0.9450971340158446
0.9374616020324048 0.2784865741849552
0.9374616020324048 -0.2784865741849552
0.9571459752022506 0.10116636748534397
0.9571459752022506 -0.10116636748534397
0.8017740436461682 0.5399005662179159
0.8017740436461682 -0.5399005662179159
0.6730220534794871 0.7069228846783695
0.6730220534794871 -0.7069228846783695
0.6968088702912906 0.6778699696608936
0.6968088702912906 -0.6778699696608936
0.8534917558347154 0.4326340023048907
0.8534917558347154 -0.4326340023048907
0.5016485641990346 0.8521911390260704
0.5016485641990346 -0.8521911390260704
0.5696062139819162 0.7955069490530788
0.5696062139819162 -0.7955069490530788
0.7361254462428464 0.6008659982687944
0.7361254462428464 -0.6008659982687944
0.06358451956810734 0.9940455361604503
0.06358451956810734 -0.9940455361604503
0.3329479337031056 0.9225705038495167
0.3329479337031056 -0.9225705038495167
0.194563551480036 0.9625253746474032
0.194563551480036 -0.9625253746474032
0.43384601183377214 0.864757031260216
0.43384601183377214 -0.864757031260216
-0.09846684429478547 0.9713370527572881
-0.09846684429478547 -0.9713370527572881
-0.5864171888495698 0.7985760704839997
-0.5864171888495698 -0.7985760704839997
-0.46360877513475457 0.8768014420454956
-0.46360877513475457 -0.8768014420454956
-0.3858420254062192 0.9087231632076612
-0.3858420254062192 -0.9087231632076612
-0.2672722953392722 0.9382506904314081
-0.2672722953392722 -0.9382506904314081
-0.18335542312028827 0.9509266637195545
-0.18335542312028827 -0.9509266637195545
-0.9993515436203004 0.0
-1.0018826396793137 0.08264978681251565
-1.0018826396793137 -0.08264978681251565
-0.5630575853516544 0.7657624205279742
-0.5630575853516544 -0.7657624205279742
-0.5183226138885284 0.7877917584027028
-0.5183226138885284 -0.7877917584027028
-0.7806368333083429 0.5552271856196455
-0.7806368333083429 -0.5552271856196455
-0.8787188417760652 0.41320714537896813
-0.8787188417760652 -0.41320714537896813
-0.9429225585243253 0.236130886345052
-0.9429225585243253 -0.236130886345052
-0.9089959459943158 0.3356522210179383
-0.9089959459943158 -0.3356522210179383
-0.7187985794836399 0.6143069626183882
-0.7187985794836399 -0.6143069626183882
-0.8018842417908367 0.48892007933200504
-0.8018842417908367 -0.48892007933200504
-0.8750808545191322 0.36571623322653646
-0.8750808545191322 -0.36571623322653646
-0.36392233398291224 0.8703716268215382
-0.36392233398291224 -0.8703716268215382
-0.9136583862554956 0.25491844518122475
-0.9136583862554956 -0.25491844518122475
0.5547230590640144 0.7539563561817837
0.5547230590640144 -0.7539563561817837
-0.6913046824802971 0.6158020443303107
-0.6913046824802971 -0.6158020443303107
-0.8331011932489237 0.4299994343619133
-0.8331011932489237 -0.4299994343619133
0.9387042813375037 0.018118871877488205
0.9387042813375037 -0.018118871877488205
0.8991905757088893 0.26894600001996377
0.8991905757088893 -0.26894600001996377
0.7825840862109225 0.48089404804070485
0.7825840862109225 -0.48089404804070485
0.6031652554400797 0.6877172847200117
0.6031652554400797 -0.6877172847200117
0.31719112585716003 0.8761015521065217
0.31719112585716003 -0.8761015521065217
0.02262265823444362 0.9370935815363113
0.02262265823444362 -0.9370935815363113
-0.06194831407260288 0.9382379839381447
-0.06194831407260288 -0.9382379839381447
-0.28432847669725625 0.8923409714186752
-0.28432847669725625 -0.8923409714186752
0.6868917801858343 0.5984035442957377
0.6868917801858343 -0.5984035442957377
-0.6338094523341985 0.654542008235165
-0.6338094523341985 -0.654542008235165
-0.7673573843435995 0.5019288251835353
-0.7673573843435995 -0.5019288251835353
-0.195117719541068 0.9136103751496504
-0.195117719541068 -0.9136103751496504
-0.5949621289337987 0.6713395589948444
-0.5949621289337987 -0.6713395589948444
-0.7007388573819366 0.5686778890253761
-0.7007388573819366 -0.5686778890253761
-0.7763120223614843 0.4717710807156306
-0.7763120223614843 -0.4717710807156306
0.9027215335189426 0.18407182687332324
0.9027215335189426 -0.18407182687332324
0.2213403869449918 0.8988496795526291
0.2213403869449918 -0.8988496795526291
0.4413557122007106 0.8047112097186806
0.4413557122007106 -0.8047112097186806
0.09541457908316957 0.9213072490261488
0.09541457908316957 -0.9213072490261488
0.5626759248530929 0.6975547273803537
0.5626759248530929 -0.6975547273803537
-0.9280538157954454 0.13001573887202733
-0.9280538157954454 -0.13001573887202733
0.7034092132672006 0.5462496936482235
0.7034092132672006 -0.5462496936482235
-0.8969557513289613 0.0
-0.2523332405323001 0.8883853174621505
-0.2523332405323001 -0.8883853174621505
-0.4490594758406014 0.7832427730953163
-0.4490594758406014 -0.7832427730953163
-0.897255803235585 0.20677255217516646
-0.897255803235585 -0.20677255217516646
-0.9073019875815971 0.07540776555147012
-0.9073019875815971 -0.07540776555147012
-0.38132769377183057 0.8101962250800924
-0.38132769377183057 -0.8101962250800924
-0.4833678009529001 0.7210599164642203
-0.4833678009529001 -0.7210599164642203
0.9033716479706015 0.11160558406361291
0.9033716479706015 -0.11160558406361291
-0.14629234980853179 0.8884810376317143
-0.14629234980853179 -0.8884810376317143
0.8299559820956346 0.33827205850092723
0.8299559820956346 -0.33827205850092723
0.8929113137718409 0.0
0.7480033428783726 0.4777762433787644
0.7480033428783726 -0.4777762433787644
0.7287685234469217 0.5028059687760242
0.7287685234469217 -0.5028059687760242
0.6613821407545597 0.5748573247327166
0.6613821407545597 -0.5748573247327166
0.43532874748261996 0.7810074130256136
0.43532874748261996 -0.7810074130256136
0.7718407205041553 0.4177359274130589
0.7718407205041553 -0.4177359274130589
0.10706518685687141 0.8867195113481834
0.10706518685687141 -0.8867195113481834
0.38677263860985533 0.7992944495834526
0.38677263860985533 -0.7992944495834526
0.13765370021709433 0.8798275299275499
0.13765370021709433 -0.8798275299275499
0.6066856733489643 0.6132586601111005
0.6066856733489643 -0.6132586601111005
0.8503662341945095 0.23244759001772272
0.8503662341945095 -0.23244759001772272
0.04349582570891684 0.8848139578649757
0.04349582570891684 -0.8848139578649757
0.19994355351351817 0.8574080669143094
0.19994355351351817 -0.8574080669143094
0.34226804421279095 0.8079003317196849
0.34226804421279095 -0.8079003317196849
0.4368108285955261 0.748021454498874
0.4368108285955261 -0.748021454498874
-0.8831794662842085 0.07324875597280044
-0.8831794662842085 -0.07324875597280044
-0.8529798475611658 0.21251675826040603
-0.8529798475611658 -0.21251675826040603
-0.5321641599971827 0.6611694943322047
-0.5321641599971827 -0.6611694943322047
-0.43328058575732187 0.7325063429081653
-0.43328058575732187 -0.7325063429081653
0.8550296038325362 0.18075639624154646
0.8550296038325362 -0.18075639624154646
0.7978640951446572 0.3477196805277861
0.7978640951446572 -0.3477196805277861
-0.6217090894535147 0.575678186986089
-0.6217090894535147 -0.575678186986089
-0.48793606290229163 0.6838373474967463
-0.48793606290229163 -0.6838373474967463
0.5246473710678239 0.6528406033500377
0.5246473710678239 -0.6528406033500377
-0.5674978472910557 0.6087525612803442
-0.5674978472910557 -0.6087525612803442
-0.8728740829955192 0.10512588270491534
-0.8728740829955192 -0.10512588270491534
-0.2710355519244097 0.8143635010070078
-0.2710355519244097 -0.8143635010070078
0.5477927158547908 0.6156821091681038
0.5477927158547908 -0.6156821091681038
-0.8354921024474302 0.23110813037134123
-0.8354921024474302 -0.23110813037134123
-0.8184395188467318 0.2708900256920124
-0.8184395188467318 -0.2708900256920124
0.8191493537768021 0.25312602668871703
0.8191493537768021 -0.25312602668871703
0.8525537221966133 0.09486612948868875
0.8525537221966133 -0.09486612948868875
0.7343186103355605 0.41744833756538
0.7343186103355605 -0.41744833756538
0.47230187086645214 0.6835938704880559
0.47230187086645214 -0.6835938704880559
0.45561660884031485 0.6915504654890539
0.45561660884031485 -0.6915504654890539
0.2800377001905951 0.7935159626293076
0.2800377001905951 -0.7935159626293076
-0.7464886109070842 0.4060560920331367
-0.7464886109070842 -0.4060560920331367
0.20808262352931128 0.8136295647560302
0.20808262352931128 -0.8136295647560302
-0.6806771647587224 0.48057455623729617
-0.6806771647587224 -0.48057455623729617
-0.1381180031127915 0.8414508002752443
-0.1381180031127915 -0.8414508002752443
0.31917000522367706 0.7529435965962925
0.31917000522367706 -0.7529435965962925
-0.3046143582166896 0.7737159506013802
-0.3046143582166896 -0.7737159506013802
-0.7601995346756586 0.3474457799964794
-0.7601995346756586 -0.3474457799964794
0.014769954155993224 0.8306983537260887
0.014769954155993224 -0.8306983537260887
-0.5998855337820483 0.535737290934679
-0.5998855337820483 -0.535737290934679
-0.38408357790227665 0.7134293458485358
-0.38408357790227665 -0.7134293458485358
-0.032472490665326884 0.8218783753094403
-0.032472490665326884 -0.8218783753094403
-0.1659022907961205 0.8075283361596488
-0.1659022907961205 -0.8075283361596488
-0.8208173838028185 0.10746213385550835
-0.8208173838028185 -0.10746213385550835
-0.06071242328207782 0.8127527582614542
-0.06071242328207782 -0.8127527582614542
-0.7643283677395498 0.289958977961003
-0.7643283677395498 -0.289958977961003
-0.8181183408946795 0.007662174744144902
-0.8181183408946795 -0.007662174744144902
-0.24267118561887793 0.7751370819004465
-0.24267118561887793 -0.7751370819004465
-0.1315381670155053 0.8067401539396075
-0.1315381670155053 -0.8067401539396075
0.7572427845344591 0.2886147074710095
0.7572427845344591 -0.2886147074710095
0.6144474374351777 0.5101068928814123
0.6144474374351777 -0.5101068928814123
0.8186680461250486 0.0
0.11781416719867746 0.8053197426242705
0.11781416719867746 -0.8053197426242705
0.6381768679596157 0.4771571290455545
0.6381768679596157 -0.4771571290455545
0.8108014460728427 0.025107838852697312
0.8108014460728427 -0.025107838852697312
0.7993939934255649 0.07337547777825129
0.7993939934255649 -0.07337547777825129
0.7020240742369228 0.36116739865743425
0.7020240742369228 -0.36116739865743425
0.4034642956729724 0.6788236415414314
0.4034642956729724 -0.6788236415414314
0.00612094879340587 0.8003777237077401
0.00612094879340587 -0.8003777237077401
-0.6917721962726194 0.36864849682235495
-0.6917721962726194 -0.36864849682235495
-0.5147734342544774 0.5832027275186353
-0.5147734342544774 -0.5832027275186353
-0.3714097826208759 0.6917232478082235
-0.3714097826208759 -0.6917232478082235
-0.6200114094364746 0.46099909613778933
-0.6200114094364746 -0.46099909613778933
-0.3147562589175646 0.720483598672459
-0.3147562589175646 -0.720483598672459
0.5361864029130861 0.5502099657253773
0.5361864029130861 -0.5502099657253773
-0.3406862632234094 0.6995255729253587
-0.3406862632234094 -0.6995255729253587
-0.4010565379661852 0.6554632896348406
-0.4010565379661852 -0.6554632896348406
0.7885311583565915 0.1287945903841461
0.7885311583565915 -0.1287945903841461
0.7011426740644129 0.33680524956092284
0.7011426740644129 -0.33680524956092284
0.46991094693683194 0.5987467960474255
0.46991094693683194 -0.5987467960474255
-0.7904159083465809 0.0
-0.730456524305217 0.28522764415133744
-0.730456524305217 -0.28522764415133744
-0.5533067111438622 0.5229873865268234
-0.5533067111438622 -0.5229873865268234
-0.7692202104571052 0.15642844144219614
-0.7692202104571052 -0.15642844144219614
-0.4366350539199557 0.6195083713172598
-0.4366350539199557 -0.6195083713172598
-0.5014347461526861 0.5623683200243668
-0.5014347461526861 -0.5623683200243668
-0.6356505439094311 0.39972407742252036
-0.6356505439094311 -0.39972407742252036
-0.7845935100139535 0.0
0.25104620193224025 0.7413658636986298
0.25104620193224025 -0.7413658636986298
-0.21639597892977075 0.7424799094529937
-0.21639597892977075 -0.7424799094529937
0.5351579915677345 0.5188690865364334
0.5351579915677345 -0.5188690865364334
0.5992830998272133 0.44529181094221276
0.5992830998272133 -0.44529181094221276
0.7602768709864456 0.20519847871186805
0.7602768709864456 -0.20519847871186805
0.3116346627064296 0.7005066989050194
0.3116346627064296 -0.7005066989050194
0.033596763058117415 0.7680581757644088
0.033596763058117415 -0.7680581757644088
0.722250478940222 0.2752909843596705
0.722250478940222 -0.2752909843596705
-0.6877628010702616 0.3217041289009788
-0.6877628010702616 -0.3217041289009788
0.7579854657386079 0.16719348651329022
0.7579854657386079 -0.16719348651329022
-0.7449280161458809 0.19040314784445478
-0.7449280161458809 -0.19040314784445478
-0.14211263251560888 0.7520950381341779
-0.14211263251560888 -0.7520950381341779
0.7506344433262928 0.0
0.6408088384725129 0.3859009997970541
0.6408088384725129 -0.3859009997970541
-0.2313729904570416 0.7168626654110667
-0.2313729904570416 -0.7168626654110667
0.07889736407229832 0.7517765960880126
0.07889736407229832 -0.7517765960880126
0.19254332525183254 0.7350324536307609
0.19254332525183254 -0.7350324536307609
0.3421180324337597 0.6715441198435838
0.3421180324337597 -0.6715441198435838
0.16457579421815854 0.7334472277176781
0.16457579421815854 -0.7334472277176781
0.5341478951684 0.4946399945154554
0.5341478951684 -0.4946399945154554
-0.7485608502635089 0.0
-0.6871493513900119 0.27280620805516737
-0.6871493513900119 -0.27280620805516737
-0.5551152347281636 0.4587590531964099
-0.5551152347281636 -0.4587590531964099
0.6525167170218784 0.3354907189359067
0.6525167170218784 -0.3354907189359067
-0.46949663231057015 0.5355847120284281
-0.46949663231057015 -0.5355847120284281
-0.6392653849242659 0.34332399211654024
-0.6392653849242659 -0.34332399211654024
0.3534962526264551 0.6293332686344296
0.3534962526264551 -0.6293332686344296
-0.31499066011982757 0.6374643984953252
-0.31499066011982757 -0.6374643984953252
0.29525433189593264 0.6616907241971747
0.29525433189593264 -0.6616907241971747
-0.599000003159771 0.3678458964783768
-0.599000003159771 -0.3678458964783768
-0.7207424884389186 0.11537304083365334
-0.7207424884389186 -0.11537304083365334
0.0625644752321131 0.7301380712669757
0.0625644752321131 -0.7301380712669757
0.7229774695133109 0.14227602009910564
0.7229774695133109 -0.14227602009910564
-0.39520133311411265 0.577875655763133
-0.39520133311411265 -0.577875655763133
0.42221197609510464 0.5635744175908212
0.42221197609510464 -0.5635744175908212
0.5386260902477953 0.4365814976116993
0.5386260902477953 -0.4365814976116993
-0.5374461103838925 0.4297508151935568
-0.5374461103838925 -0.4297508151935568
-0.15573319689208778 0.7061536400000864
-0.15573319689208778 -0.7061536400000864
-0.7301258578592603 0.009919739869106766
-0.7301258578592603 -0.009919739869106766
-0.4966821909055132 0.45557847929053785
-0.4966821909055132 -0.45557847929053785
0.46735032808663063 0.49239059068429963
0.46735032808663063 -0.49239059068429963
0.16521813072539615 0.6970003072529688
0.16521813072539615 -0.6970003072529688
0.701455035952808 0.0
-0.6539640956539351 0.23677716163046172
-0.6539640956539351 -0.23677716163046172
-0.04780275158492159 0.7074795248835085
-0.04780275158492159 -0.7074795248835085
-0.08093389277016622 0.7044073168857712
-0.08093389277016622 -0.7044073168857712
-0.357625570775883 0.5899359412180418
-0.357625570775883 -0.5899359412180418
-0.6866369206062279 0.0991333411303628
-0.6866369206062279 -0.0991333411303628
-0.5905561211169614 0.31382154955335567
-0.5905561211169614 -0.31382154955335567
-0.6663696028280706 0.13402686617927076
-0.6663696028280706 -0.13402686617927076
-0.44234047671524057 0.49898857463757224
-0.44234047671524057 -0.49898857463757224
0.2516057905325326 0.6512733671822869
0.2516057905325326 -0.6512733671822869
0.02047138772723229 0.6903066672764447
0.02047138772723229 -0.6903066672764447
-0.2543834580999783 0.6246634543689198
-0.2543834580999783 -0.6246634543689198
-0.15265350071217917 0.6690143586980192
-0.15265350071217917 -0.6690143586980192
-0.3566330807923952 0.5519655500427418
-0.3566330807923952 -0.5519655500427418
0.611932688229708 0.3272779855855311
0.611932688229708 -0.3272779855855311
0.6448536770408779 0.255346759216484
0.6448536770408779 -0.255346759216484
0.6581117774069978 0.21279286531492508
0.6581117774069978 -0.21279286531492508
0.2156661392150633 0.6487969315068819
0.2156661392150633 -0.6487969315068819
0.6627413396279829 0.17519554879644275
0.6627413396279829 -0.17519554879644275
0.4720229874595503 0.46221695983476585
0.4720229874595503 -0.46221695983476585
-0.4670273358032969 0.4403541986471489
-0.4670273358032969 -0.4403541986471489
0.3650947347281665 0.542544392779906
0.3650947347281665 -0.542544392779906
0.5668478408362239 0.3301990193746991
0.5668478408362239 -0.3301990193746991
0.5324957307268207 0.3816829044283704
0.5324957307268207 -0.3816829044283704
0.3953466518733848 0.5130077068151211
0.3953466518733848 -0.5130077068151211
0.2763363438974651 0.5973653875811848
0.2763363438974651 -0.5973653875811848
-0.6306803025473444 0.23514901077327954
-0.6306803025473444 -0.23514901077327954
-0.6686093306069936 0.03515050703226276
-0.6686093306069936 -0.03515050703226276
0.10849570754464175 0.6621303970783919
0.10849570754464175 -0.6621303970783919
0.663628859438087 0.12614543005708112
0.663628859438087 -0.12614543005708112
0.43886826674656565 0.45220901565711236
0.43886826674656565 -0.45220901565711236
-0.4219302652047239 0.45857681899799035
-0.4219302652047239 -0.45857681899799035
0.6639484185853097 0.048857037914504804
0.6639484185853097 -0.048857037914504804
-0.6377159786465181 0.1669562629195392
-0.6377159786465181 -0.1669562629195392
-0.5910212604415428 0.2637782601647872
-0.5910212604415428 -0.2637782601647872
0.6722710284479896 0.0
0.5960033702862562 0.2618308052237873
0.5960033702862562 -0.2618308052237873
0.6488361374583528 0.13863198554020698
0.6488361374583528 -0.13863198554020698
-0.4973085213585485 0.3692023891033493
-0.4973085213585485 -0.3692023891033493
-0.20114806293957463 0.6076818465926953
-0.20114806293957463 -0.6076818465926953
0.3288582187667669 0.5399813027187524
0.3288582187667669 -0.5399813027187524
-0.27379745146784135 0.5507798650520728
-0.27379745146784135 -0.5507798650520728
-0.0936865473245119 0.6263905225811156
-0.0936865473245119 -0.6263905225811156
-0.05325744788156975 0.6238930316342195
-0.05325744788156975 -0.6238930316342195
0.10825593149615903 0.6209871484321831
0.10825593149615903 -0.6209871484321831
-0.15835640172508547 0.6006855334082928
-0.15835640172508547 -0.6006855334082928
0.48913162644296 0.3513427112741463
0.48913162644296 -0.3513427112741463
0.05990610403181565 0.6145179880816968
0.05990610403181565 -0.6145179880816968
-0.5914982420530451 0.1792232912144181
-0.5914982420530451 -0.1792232912144181
0.6172081343604943 0.0
0.2796150306518068 0.5330456423724451
0.2796150306518068 -0.5330456423724451
0.2581536973938629 0.5451764839390201
0.2581536973938629 -0.5451764839390201
-0.17959351832363332 0.577711760506107
-0.17959351832363332 -0.577711760506107
0.6061073040709455 0.09481119664840823
0.6061073040709455 -0.09481119664840823
-0.5413275771077554 0.2423188588657138
-0.5413275771077554 -0.2423188588657138
-0.5973310440712148 0.05597916545200148
-0.5973310440712148 -0.05597916545200148
0.21086685507083636 0.5633430640989485
0.21086685507083636 -0.5633430640989485
0.18783685393118726 0.5676899608060229
0.18783685393118726 -0.5676899608060229
-0.5822228311537931 0.0
-0.22365163272735836 0.5412301882092216
-0.22365163272735836 -0.5412301882092216
0.5303587086054613 0.2598219769934319
0.5303587086054613 -0.2598219769934319
0.07754100235728223 0.5973201983490865
0.07754100235728223 -0.5973201983490865
-0.34321179052470435 0.4451906617010911
-0.34321179052470435 -0.4451906617010911
0.548093602295614 0.20800576446837185
0.548093602295614 -0.20800576446837185
-0.47503146618648684 0.295817576788632
-0.47503146618648684 -0.295817576788632
-0.39473777541891153 0.38679924419017386
-0.39473777541891153 -0.38679924419017386
-0.035038279073104944 0.5826334147027926
-0.035038279073104944 -0.5826334147027926
0.3857308544351798 0.40722005483595053
0.3857308544351798 -0.40722005483595053
-0.5687724331675627 0.09967038815128478
-0.5687724331675627 -0.09967038815128478
0.4369385899093441 0.34656390274517135
0.4369385899093441 -0.34656390274517135
0.5753725861314817 0.05862647604707825
0.5753725861314817 -0.05862647604707825
-0.43667239853751577 0.33284979906896023
-0.43667239853751577 -0.33284979906896023
-0.4832154832876452 0.2620510179119781
-0.4832154832876452 -0.2620510179119781
0.40495764529379374 0.368221336709713
0.40495764529379374 -0.368221336709713
0.5789997814312453 0.0062080779313721905
0.5789997814312453 -0.0062080779313721905
-0.26227035318764447 0.47554515236662764
-0.26227035318764447 -0.47554515236662764
0.4601904248393598 0.2944140845849946
0.4601904248393598 -0.2944140845849946
0.010933106273079925 0.5726529692175734
0.010933106273079925 -0.5726529692175734
-0.3449968896051967 0.38748746134626805
-0.3449968896051967 -0.38748746134626805
-0.14890174988284963 0.5471264886878684
-0.14890174988284963 -0.5471264886878684
-0.5317959417071361 0.15209105296784053
-0.5317959417071361 -0.15209105296784053
0.5229824014841365 0.19763631059461154
0.5229824014841365 -0.19763631059461154
0.09157813802917869 0.5595175489718763
0.09157813802917869 -0.5595175489718763
-0.49430500572023106 0.21103196098408056
-0.49430500572023106 -0.21103196098408056
-0.5397015378361897 0.07513831810104105
-0.5397015378361897 -0.07513831810104105
-0.23920830147868194 0.4833188411975383
-0.23920830147868194 -0.4833188411975383
-0.5287340879811123 0.0
-0.05123367739099049 0.5492029401169707
-0.05123367739099049 -0.5492029401169707
0.13779550857656608 0.529952568641088
0.13779550857656608 -0.529952568641088
-0.5014070902968382 0.1029633551279152
-0.5014070902968382 -0.1029633551279152
-0.3630895130140672 0.3447478768728782
-0.3630895130140672 -0.3447478768728782
0.19296441658393731 0.49154936523334003
0.19296441658393731 -0.49154936523334003
0.482989714374172 0.23590106750528356
0.482989714374172 -0.23590106750528356
0.28145476379660506 0.4346007092983414
0.28145476379660506 -0.4346007092983414
-0.1277649962488495 0.5027414647074009
-0.1277649962488495 -0.5027414647074009
-0.41522571159834254 0.2709184240236227
-0.41522571159834254 -0.2709184240236227
0.34346006194608736 0.38402631593208997
0.34346006194608736 -0.38402631593208997
0.5132511739364981 0.10095425540868798
0.5132511739364981 -0.10095425540868798
0.06573905453543885 0.5143263271398348
0.06573905453543885 -0.5143263271398348
0.4852168232447571 0.18104677632795002
0.4852168232447571 -0.18104677632795002
0.3808880668130463 0.3283497539745133
0.3808880668130463 -0.3283497539745133
0.3842053478759391 0.29975059745660537
0.3842053478759391 -0.29975059745660537
0.4758363071372632 0.14543887996678692
0.4758363071372632 -0.14543887996678692
0.49674342781575315 0.0
-0.26198348361120516 0.40650787053401677
-0.26198348361120516 -0.40650787053401677
0.16428506111111818 0.4633115867832915
0.16428506111111818 -0.4633115867832915
0.24588686401932475 0.4098617322651097
0.24588686401932475 -0.4098617322651097
-0.43475298508400073 0.18526614845599212
-0.43475298508400073 -0.18526614845599212
-0.02633863401367067 0.4866855009545477
-0.02633863401367067 -0.4866855009545477
-0.30426523611679523 0.35910369911785855
-0.30426523611679523 -0.35910369911785855
0.4357653487835806 0.18399650821684588
0.4357653487835806 -0.18399650821684588
-0.15676656777794415 0.45367462888775856
-0.15676656777794415 -0.45367462888775856
-0.2773373438311417 0.3618820725118184
-0.2773373438311417 -0.3618820725118184
-0.059603414222400425 0.4765467587333724
-0.059603414222400425 -0.4765467587333724
0.47841654323478866 0.040782347598372605
0.47841654323478866 -0.040782347598372605
0.07159584324236692 0.47026077150849255
0.07159584324236692 -0.47026077150849255
0.2571720805720814 0.36471092461499377
0.2571720805720814 -0.36471092461499377
0.3298958403595133 0.2848864358870241
0.3298958403595133 -0.2848864358870241
0.2992675878253482 0.31560078485017523
0.2992675878253482 -0.31560078485017523
-0.4104946542872503 0.19386636903047547
-0.4104946542872503 -0.19386636903047547
-0.4569032266678277 0.0395822591014577
-0.4569032266678277 -0.0395822591014577
0.1322355308827451 0.4493898701639802
0.1322355308827451 -0.4493898701639802
0.4604906759285255 0.0602610342491465
0.4604906759285255 -0.0602610342491465
-0.2177344698226224 0.38433763417545896
-0.2177344698226224 -0.38433763417545896
-0.010232492623647161 0.4514571847993127
-0.010232492623647161 -0.4514571847993127
-0.23395805626584976 0.36393106555640026
-0.23395805626584976 -0.36393106555640026
-0.357606624670033 0.2453561115192031
-0.357606624670033 -0.2453561115192031
-0.09677100042482434 0.4312319144757573
-0.09677100042482434 -0.4312319144757573
-0.3023296979615219 0.2879128485977204
-0.3023296979615219 -0.2879128485977204
-0.38071409529911704 0.18366133405399668
-0.38071409529911704 -0.18366133405399668
0.3948567331976718 0.18702834098228405
0.3948567331976718 -0.18702834098228405
0.35937751675419116 0.21808969083850643
0.35937751675419116 -0.21808969083850643
-0.42943124750148337 0.0041638027235269895
-0.42943124750148337 -0.0041638027235269895
0.4096227217697098 0.12160272971221699
0.4096227217697098 -0.12160272971221699
-0.4051552219408108 0.0861288509508802
-0.4051552219408108 -0.0861288509508802
0.16469629789355644 0.3963502473770883
0.16469629789355644 -0.3963502473770883
0.11835478564677687 0.40882612043549743
0.11835478564677687 -0.40882612043549743
-0.3878928202389091 0.11754454254333173
-0.3878928202389091 -0.11754454254333173
0.05518202997250017 0.4111561744181602
0.05518202997250017 -0.4111561744181602
-0.1669238939004085 0.36322762074963766
-0.1669238939004085 -0.36322762074963766
0.40404555117579205 0.0
0.1781728436895144 0.354659796607648
0.1781728436895144 -0.354659796607648
0.3769518374263081 0.11139283175132324
0.3769518374263081 -0.11139283175132324
-0.39777181724134136 0.0
0.1892929661102754 0.33703353190646623
0.1892929661102754 -0.33703353190646623
0.03104124439690236 0.3846099494157835
0.03104124439690236 -0.3846099494157835
-0.27648473419933217 0.24986199807631398
-0.27648473419933217 -0.24986199807631398
-0.3583156881395942 0.0
0.21416075225221143 0.3018276181971639
0.21416075225221143 -0.3018276181971639
-0.20728138946187064 0.3066373598467975
-0.20728138946187064 -0.3066373598467975
-0.11472408687691324 0.35295305917516157
-0.11472408687691324 -0.35295305917516157
-0.3543929195437052 0.07453611079982209
-0.3543929195437052 -0.07453611079982209
0.35560767390802156 0.03782208255618692
0.35560767390802156 -0.03782208255618692
0.33749725939852465 0.0880595776893685
0.33749725939852465 -0.0880595776893685
-0.027587252386324264 0.3585427158302691
-0.027587252386324264 -0.3585427158302691
-0.3057572920065963 0.16400285090580494
-0.3057572920065963 -0.16400285090580494
0.2560648121518656 0.21648190312552695
0.2560648121518656 -0.21648190312552695
-0.17862244517945472 0.30221284411705474
-0.17862244517945472 -0.30221284411705474
0.286673867739889 0.16705725915701536
0.286673867739889 -0.16705725915701536
-0.2581731037645589 0.21381559405112635
-0.2581731037645589 -0.21381559405112635
-0.12112454997687215 0.3218257318124304
-0.12112454997687215 -0.3218257318124304
0.03340018837241025 0.33802876277788796
0.03340018837241025 -0.33802876277788796
0.17568240304647412 0.27724025395882124
0.17568240304647412 -0.27724025395882124
-0.29476551447644395 0.12629234205225057
-0.29476551447644395 -0.12629234205225057
-0.28786904241557887 0.1106735676683916
-0.28786904241557887 -0.1106735676683916
-0.08077554576706618 0.3232006843937339
-0.08077554576706618 -0.3232006843937339
-0.22858958404827606 0.21312159516241042
-0.22858958404827606 -0.21312159516241042
0.32526231046095266 0.0
-0.24543270492191022 0.18024656487206855
-0.24543270492191022 -0.18024656487206855
0.25041946292766826 0.2004662799750891
0.25041946292766826 -0.2004662799750891
0.2790841365614918 0.13159837412550543
0.2790841365614918 -0.13159837412550543
0.311687326784325 0.05402275811420754
0.311687326784325 -0.05402275811420754
0.19922091921331836 0.23009464706597793
0.19922091921331836 -0.23009464706597793
0.10572843735211035 0.2888159997598903
0.10572843735211035 -0.2888159997598903
0.06237946554634651 0.3064186837237723
0.06237946554634651 -0.3064186837237723
-0.1631055534257006 0.2495088877404549
-0.1631055534257006 -0.2495088877404549
0.2388701151073212 0.14771987667507264
0.2388701151073212 -0.14771987667507264
-0.04707304635048745 0.30426340429996385
-0.04707304635048745 -0.30426340429996385
-0.002862131155414799 0.30162563019946187
-0.002862131155414799 -0.30162563019946187
-0.09822893950551509 0.2614669869576745
-0.09822893950551509 -0.2614669869576745
0.15658446420490335 0.2280482664978918
0.15658446420490335 -0.2280482664978918
-0.2692910203739878 0.0714873981273731
-0.2692910203739878 -0.0714873981273731
0.08007179765624106 0.2519889459562541
0.08007179765624106 -0.2519889459562541
0.25010686316014996 0.08436375218436684
0.25010686316014996 -0.08436375218436684
0.26142362826832505 0.0
-0.20683328264341466 0.16888238580613368
-0.20683328264341466 -0.16888238580613368
0.16474941222384734 0.18796831507745662
0.16474941222384734 -0.18796831507745662
-0.01029560514807048 0.2426893567865849
-0.01029560514807048 -0.2426893567865849
-0.2476995239604235 0.03566646803568968
-0.2476995239604235 -0.03566646803568968
-0.24264905271484574 0.0
-0.06821658801240127 0.23038779910676166
-0.06821658801240127 -0.23038779910676166
-0.03241959418754581 0.23316562500666363
-0.03241959418754581 -0.23316562500666363
0.04477568129706781 0.22526269442780225
0.04477568129706781 -0.22526269442780225
0.1096697903150813 0.2026356921242665
0.1096697903150813 -0.2026356921242665
-0.15011711418566911 0.1822950523821771
-0.15011711418566911 -0.1822950523821771
0.0745289402876036 0.21171319401692765
0.0745289402876036 -0.21171319401692765
0.2300587081646334 0.04647656121796725
0.2300587081646334 -0.04647656121796725
-0.128277072985799 0.18721374190970638
-0.128277072985799 -0.18721374190970638
0.16590231945008366 0.14396835548961187
0.16590231945008366 -0.14396835548961187
0.20134997357213558 0.08266428610805611
0.20134997357213558 -0.08266428610805611
0.22537822746187836 0.0
-0.1689208210223858 0.1457902171956927
-0.1689208210223858 -0.1457902171956927
0.21438370382262162 0.0
-0.17799599664575017 0.11377531485983282
-0.17799599664575017 -0.11377531485983282
-0.20517421310841957 0.04111615876217104
-0.20517421310841957 -0.04111615876217104
-0.20723915840493437 0.0
-0.19924873824508493 0.04635045576797978
-0.19924873824508493 -0.04635045576797978
0.13465833268286687 0.1369668416280258
0.13465833268286687 -0.1369668416280258
-0.1622149741159251 0.0864165944978223
-0.1622149741159251 -0.0864165944978223
0.025451741310942293 0.18183116480323833
0.025451741310942293 -0.18183116480323833
0.09989429893626184 0.15825713656116058
0.09989429893626184 -0.15825713656116058
0.15018556327673369 0.11484728481237898
0.15018556327673369 -0.11484728481237898
0.1706046133784191 0.07990677160766488
0.1706046133784191 -0.07990677160766488
0.1816823665270626 0.03862472423314979
0.1816823665270626 -0.03862472423314979
0.0006278081769972567 0.1746550002039294
0.0006278081769972567 -0.1746550002039294
-0.05476815930334797 0.16417447670099852
-0.05476815930334797 -0.16417447670099852
0.06580693799101618 0.16424276570061927
0.06580693799101618 -0.16424276570061927
-0.09265673218985436 0.13620442409455427
-0.09265673218985436 -0.13620442409455427
-0.15190012501575678 0.06878493146181568
-0.15190012501575678 -0.06878493146181568
-0.13216343046693413 0.09828827385746232
-0.13216343046693413 -0.09828827385746232
-0.16585002668878054 0.021921322032146102
-0.16585002668878054 -0.021921322032146102
0.14837233454533602 0.0
0.1461951721289852 0.04194393658370797
0.1461951721289852 -0.04194393658370797
-0.11637012539840125 0.11463604197027415
-0.11637012539840125 -0.11463604197027415
0.09446078482458042 0.11822389832475462
0.09446078482458042 -0.11822389832475462
0.014430545248963995 0.15101245501383398
0.014430545248963995 -0.15101245501383398
-0.038212587800186805 0.14661335222406166
-0.038212587800186805 -0.14661335222406166
0.05888589186984415 0.1362954223346171
0.05888589186984415 -0.1362954223346171
0.11937553361969458 0.0835790931783212
0.11937553361969458 -0.0835790931783212
-0.06361478125138276 0.1314860781758225
-0.06361478125138276 -0.1314860781758225
-0.1380733173231789 0.044658074435038
-0.1380733173231789 -0.044658074435038
-0.09623579553140788 0.10441083125654202
-0.09623579553140788 -0.10441083125654202
-0.03728824155613056 0.13056121443622004
-0.03728824155613056 -0.13056121443622004
0.08417002300090404 0.09958872557870843
0.08417002300090404 -0.09958872557870843
0.12801846393465352 0.0
-0.0029657296036963363 0.12853779511879754
-0.0029657296036963363 -0.12853779511879754
0.11427876064896883 0.048797357388890905
0.11427876064896883 -0.048797357388890905
-0.1141348636028102 0.040885505923505906
-0.1141348636028102 -0.040885505923505906
0.1022597926706959 0.06653414273859906
0.1022597926706959 -0.06653414273859906
0.021446935979054345 0.11788134751045559
0.021446935979054345 -0.11788134751045559
0.12174283106355446 0.019773808625590673
0.12174283106355446 -0.019773808625590673
-0.01756869145266768 0.11771430082371395
-0.01756869145266768 -0.11771430082371395
0.05170596755911386 0.10790796288056079
0.05170596755911386 -0.10790796288056079
-0.06911995862616364 0.09272552921113102
-0.06911995862616364 -0.09272552921113102
-0.05471874211159449 0.0955525689771421
-0.05471874211159449 -0.0955525689771421
0.05752627241765211 0.10109597847754995
0.05752627241765211 -0.10109597847754995
-0.07383854507132104 0.08143427666341368
-0.07383854507132104 -0.08143427666341368
-0.10742979414763054 0.006981727149324764
-0.10742979414763054 -0.006981727149324764
-0.09540730165990771 0.04840495266046544
-0.09540730165990771 -0.04840495266046544
0.08811026487768528 0.06904858197855739
0.08811026487768528 -0.06904858197855739
-0.08189532516829678 0.0630038114825797
-0.08189532516829678 -0.0630038114825797
0.02972083312577959 0.10115028980929403
0.02972083312577959 -0.10115028980929403
0.09849001232041621 0.045241604943130315
0.09849001232041621 -0.045241604943130315
0.0701860020874775 0.07359512527264894
0.0701860020874775 -0.07359512527264894
-0.09349641540194945 0.010258568149846005
-0.09349641540194945 -0.010258568149846005
0.09741031501326947 0.0
0.09624107815894074 0.03340703529291409
0.09624107815894074 -0.03340703529291409
0.07443073853692664 0.06678942842227138
0.07443073853692664 -0.06678942842227138
-0.03667028628313128 0.08884543050841134
-0.03667028628313128 -0.08884543050841134
-0.012245697133876438 0.08934440011765096
-0.012245697133876438 -0.08934440011765096
0.019144715788811516 0.08700068507563347
0.019144715788811516 -0.08700068507563347
0.08175527362498046 0.0
-0.08957185256379702 0.0
0.03811106335835305 0.0741377154127346
0.03811106335835305 -0.0741377154127346
-0.07858732109361942 0.026168385081046762
-0.07858732109361942 -0.026168385081046762
-0.05927020481576785 0.05954724579512048
-0.05927020481576785 -0.05954724579512048
-0.053716159395905766 0.06267381732330068
-0.053716159395905766 -0.06267381732330068
-0.07749011385529674 0.009334885540175917
-0.07749011385529674 -0.009334885540175917
-0.06006429442033941 0.038975053214277154
-0.06006429442033941 -0.038975053214277154
-0.039161503974150316 0.06454478557149376
-0.039161503974150316 -0.06454478557149376
-0.010433601089761758 0.0803900583736339
-0.010433601089761758 -0.0803900583736339
-0.062097740740348836 0.020797475804288333
-0.062097740740348836 -0.020797475804288333
-0.05832834224143858 0.0
0.0772565372559694 0.010656879288865695
0.0772565372559694 -0.010656879288865695
0.014890728574226287 0.07407452177521687
0.014890728574226287 -0.07407452177521687
0.028411012014350506 0.062029733088115595
0.028411012014350506 -0.062029733088115595
0.06642471313762986 0.026042299361248602
0.06642471313762986 -0.026042299361248602
0.04503718375593208 0.04775027656952784
0.04503718375593208 -0.04775027656952784
0.049621539797446976 0.03889282992746809
0.049621539797446976 -0.03889282992746809
0.060586944199871685 0.004137401760362155
0.060586944199871685 -0.004137401760362155
-0.014247737841178356 0.058318873533896615
-0.014247737841178356 -0.058318873533896615
-0.008190922117440907 0.05751480829231994
-0.008190922117440907 -0.05751480829231994
0.028479246009924006 0.04694599310834286
0.028479246009924006 -0.04694599310834286
0.05239725509067703 0.0
-0.034864213641099144 0.044985364069891995
-0.034864213641099144 -0.044985364069891995
-0.04161536686111256 0.026312469667301136
-0.04161536686111256 -0.026312469667301136
0.02300731525098968 0.043756106124853845
0.02300731525098968 -0.043756106124853845
0.04537587520843983 0.014756979519207904
0.04537587520843983 -0.014756979519207904
-0.037068016310905734 0.02442331906856035
-0.037068016310905734 -0.02442331906856035
-0.009534076868031911 0.044180806029688796
-0.009534076868031911 -0.044180806029688796
0.04159359257020716 0.0205790177506365
0.04159359257020716 -0.0205790177506365
0.003579765688661746 0.04257528373808863
0.003579765688661746 -0.04257528373808863
-0.03247316335365229 0.029564258009385728
-0.03247316335365229 -0.029564258009385728
-0.030107972438957676 0.0
0.03186335680236631 0.028847158656018782
0.03186335680236631 -0.028847158656018782
-0.009118690013654458 0.036160365790431276
-0.009118690013654458 -0.036160365790431276
-0.01726862223159508 0.029962304964828813
-0.01726862223159508 -0.029962304964828813
-0.02683484161035484 0.020169649818329225
-0.02683484161035484 -0.020169649818329225
0.024439161103492663 0.02279393935072455
0.024439161103492663 -0.02279393935072455
-0.017970059869803857 0.01366231993684104
-0.017970059869803857 -0.01366231993684104
0.02419368805063013 0.0
-0.010772566101235063 0.0
0.021193095967914244 0.00921137865479835
0.021193095967914244 -0.00921137865479835
0.007464318369535929 0.01953615238758632
0.007464318369535929 -0.01953615238758632
-0.019944870058497814 0.01008032631563405
-0.019944870058497814 -0.01008032631563405
0.009138589108373098 0.015443115435388276
0.009138589108373098 -0.015443115435388276
-0.00059628356752907 0.0
0.00792074518117442 0.0
