-1.611294228258565 0.0
1.2527833559662072 0.7287035821242394
1.2527833559662072 -0.7287035821242394
-0.5480663705094841 1.0046279583458675
-0.5480663705094841 -1.0046279583458675
1.05838461830155 0.0
0.028448096849658523 1.0509787763710532
0.028448096849658523 -1.0509787763710532
-1.00948932137217 0.3808009271227357
-1.00948932137217 -0.3808009271227357
0.8503690452435493 0.5733029364425855
0.8503690452435493 -0.5733029364425855
0.662679585736135 0.756745108709938
0.662679585736135 -0.756745108709938
0.9643912108125025 0.3027071214603787
0.9643912108125025 -0.3027071214603787
0.911690886805912 0.4116212760793631
0.911690886805912 -0.4116212760793631
0.5529630487668751 0.8290273708406701
0.5529630487668751 -0.8290273708406701
0.6999994662381581 0.6834253880595217
0.6999994662381581 -0.6834253880595217
0.24708220993255786 0.9757352864098214
0.24708220993255786 -0.9757352864098214
-0.2326519795668513 0.9672436697058183
-0.2326519795668513 -0.9672436697058183
-0.9771348269875657 0.28844669717891874
-0.9771348269875657 -0.28844669717891874
-0.8985439171772366 0.44804102558365766
-0.8985439171772366 -0.44804102558365766
-0.8120257932268249 0.58736509863087
-0.8120257932268249 -0.58736509863087
-0.4866467598591315 0.853431981678647
-0.4866467598591315 -0.853431981678647
-0.5579585695835345 0.8121049322027709
-0.5579585695835345 -0.8121049322027709
-0.7406225215472461 0.6430987052109437
-0.7406225215472461 -0.6430987052109437
-0.6128231567108929 0.761744821573258
-0.6128231567108929 -0.761744821573258
-0.6665136232400051 0.7057258375069961
-0.6665136232400051 -0.7057258375069961
0.9995327455748306 0.0
0.3469396383134937 0.9242012698156453
0.3469396383134937 -0.9242012698156453
0.4161860043600385 0.8863337630747078
0.4161860043600385 -0.8863337630747078
0.5984516495023869 0.7572563988060546
0.5984516495023869 -0.7572563988060546
0.7994346071534667 0.5486381725948566
0.7994346071534667 -0.5486381725948566
0.4249331562445744 0.8762029150529553
0.4249331562445744 -0.8762029150529553
0.5847523688224736 0.7574429858723336
0.5847523688224736 -0.7574429858723336
0.10423554612584786 0.9841255118554578
0.10423554612584786 -0.9841255118554578
0.1722484263412724 0.957393735447368
0.1722484263412724 -0.957393735447368
0.7172371734726843 0.6121863374271742
0.7172371734726843 -0.6121863374271742
-0.022933581412135265 0.9814295356547298
-0.022933581412135265 -0.9814295356547298
0.04196216248742647 0.974771917606029
0.04196216248742647 -0.974771917606029
-0.05322842608955126 0.9741549542443958
-0.05322842608955126 -0.9741549542443958
-0.2898294467833825 0.9434823470082994
-0.2898294467833825 -0.9434823470082994
-0.8879786195957557 0.42327959011683525
-0.8879786195957557 -0.42327959011683525
-0.7137633598240256 0.6480037792008285
-0.7137633598240256 -0.6480037792008285
-0.4168648343529717 0.8735563888080178
-0.4168648343529717 -0.8735563888080178
-0.5641840114015468 0.7676584187310725
-0.5641840114015468 -0.7676584187310725
-0.8314096458647561 0.47217948859917347
-0.8314096458647561 -0.47217948859917347
0.9008017739646854 0.3571663400083442
0.9008017739646854 -0.3571663400083442
-0.6217734179336983 0.708528554024495
-0.6217734179336983 -0.708528554024495
-0.9634494879628142 0.14261641722717067
-0.9634494879628142 -0.14261641722717067
-0.9699958970545681 0.08225146092760409
-0.9699958970545681 -0.08225146092760409
0.9719860562587124 0.0
0.8745591412892478 0.38863786280678264
0.8745591412892478 -0.38863786280678264
-0.9657862161984738 0.016319240993395216
-0.9657862161984738 -0.016319240993395216
-0.4422055414788893 0.8425642218552672
-0.4422055414788893 -0.8425642218552672
0.9521474461480803 0.14702532014599937
0.9521474461480803 -0.14702532014599937
0.9373818791062478 0.2039732104175299
0.9373818791062478 -0.2039732104175299
-0.48903540252939626 0.8058460844807107
-0.48903540252939626 -0.8058460844807107
-0.922410495801162 0.21045809966816006
-0.922410495801162 -0.21045809966816006
-0.31820815096009103 0.8926656566003084
-0.31820815096009103 -0.8926656566003084
0.9575618923952116 0.022633675573277532
0.9575618923952116 -0.022633675573277532
-0.7718459488330885 0.5219173577642178
-0.7718459488330885 -0.5219173577642178
-0.11867094929468452 0.9376061057902318
-0.11867094929468452 -0.9376061057902318
0.5471157610324391 0.7542186996953356
0.5471157610324391 -0.7542186996953356
0.8243380612921404 0.451289329885348
0.8243380612921404 -0.451289329885348
0.6208277205967848 0.6891809902236102
0.6208277205967848 -0.6891809902236102
0.06572282936644927 0.942497787694663
0.06572282936644927 -0.942497787694663
0.46790497500400097 0.8012250171179525
0.46790497500400097 -0.8012250171179525
0.9240285535901163 0.2175437835027168
0.9240285535901163 -0.2175437835027168
0.6961666497388985 0.6026511867875611
0.6961666497388985 -0.6026511867875611
0.7749202033477082 0.5015209134586136
0.7749202033477082 -0.5015209134586136
-0.9084297035283688 0.2516403317394571
-0.9084297035283688 -0.2516403317394571
-0.8666537899155473 0.34333301473987426
-0.8666537899155473 -0.34333301473987426
-0.6768433508196372 0.607648390606735
-0.6768433508196372 -0.607648390606735
-0.24575547655170907 0.9093610670439938
-0.24575547655170907 -0.9093610670439938
0.9087509630063069 0.2545281069097959
0.9087509630063069 -0.2545281069097959
0.7244767549444514 0.5551177693165016
0.7244767549444514 -0.5551177693165016
-0.4480579913437552 0.7974982110971756
-0.4480579913437552 -0.7974982110971756
-0.5234992985080047 0.7349079197608066
-0.5234992985080047 -0.7349079197608066
0.625010481784277 0.6518849937665755
0.625010481784277 -0.6518849937665755
-0.7059455746197304 0.5611322290728619
-0.7059455746197304 -0.5611322290728619
-0.6328875034425129 0.6302774458861403
-0.6328875034425129 -0.6302774458861403
-0.8826033384564993 0.28458001334593835
-0.8826033384564993 -0.28458001334593835
-0.38162346751012277 0.8405390884997256
-0.38162346751012277 -0.8405390884997256
0.4129622953973512 0.8210095386551302
0.4129622953973512 -0.8210095386551302
0.16699265440907468 0.9104549350697975
0.16699265440907468 -0.9104549350697975
-0.5405378001570427 0.7029059861485059
-0.5405378001570427 -0.7029059861485059
0.27974473428706137 0.8795906079698846
0.27974473428706137 -0.8795906079698846
0.7286358761361432 0.5168540782743276
0.7286358761361432 -0.5168540782743276
0.152373548371367 0.9098529603812191
0.152373548371367 -0.9098529603812191
0.09573782216999288 0.9118025191761847
0.09573782216999288 -0.9118025191761847
-0.2100877656987432 0.8779296142849295
-0.2100877656987432 -0.8779296142849295
0.2555791954962344 0.8726955279103001
0.2555791954962344 -0.8726955279103001
-0.014387695986107013 0.9082462080989612
-0.014387695986107013 -0.9082462080989612
0.8690976847067426 0.3018467287395971
0.8690976847067426 -0.3018467287395971
-0.1058796831588959 0.8931393132784526
-0.1058796831588959 -0.8931393132784526
0.2262682804524721 0.872879002440173
0.2262682804524721 -0.872879002440173
0.9056349698988122 0.12920371256309024
0.9056349698988122 -0.12920371256309024
-0.8042681549997124 0.4157438797239408
-0.8042681549997124 -0.4157438797239408
0.35589655815446974 0.8112891776257631
0.35589655815446974 -0.8112891776257631
0.5497377662872144 0.6861993036386811
0.5497377662872144 -0.6861993036386811
-0.891751569498636 0.15507112157747907
-0.891751569498636 -0.15507112157747907
0.8675093760724034 0.24021513983939644
0.8675093760724034 -0.24021513983939644
0.8296389180323345 0.33642779563901914
0.8296389180323345 -0.33642779563901914
0.6455706382895744 0.5868291022155135
0.6455706382895744 -0.5868291022155135
-0.8938880720774494 0.026155556217469282
-0.8938880720774494 -0.026155556217469282
-0.693891621905516 0.5336052445225082
-0.693891621905516 -0.5336052445225082
0.7968164978429215 0.390214811231387
0.7968164978429215 -0.390214811231387
-0.8512064658160929 0.27173639204326155
-0.8512064658160929 -0.27173639204326155
-0.7944552054387531 0.3874016036462867
-0.7944552054387531 -0.3874016036462867
0.7664043901271484 0.4314963164539265
0.7664043901271484 -0.4314963164539265
-0.7377822937807412 0.4605962181897203
-0.7377822937807412 -0.4605962181897203
-0.6826493499047652 0.5301963709997519
-0.6826493499047652 -0.5301963709997519
0.875332100301165 0.17113431901526416
0.875332100301165 -0.17113431901526416
0.500604772534235 0.7059190645483054
0.500604772534235 -0.7059190645483054
-0.6129642519837204 0.5831698913512667
-0.6129642519837204 -0.5831698913512667
-0.7098281991384412 0.4703592263684064
-0.7098281991384412 -0.4703592263684064
-0.8745458515485943 0.1322586742293441
-0.8745458515485943 -0.1322586742293441
-0.5700735277789682 0.6221555254140837
-0.5700735277789682 -0.6221555254140837
-0.4885780729468101 0.6961426209561911
-0.4885780729468101 -0.6961426209561911
-0.38219856777939476 0.7845141613351153
-0.38219856777939476 -0.7845141613351153
0.28066338545324243 0.8312887822546091
0.28066338545324243 -0.8312887822546091
-0.35201617180019257 0.7993707598312288
-0.35201617180019257 -0.7993707598312288
0.8290228155323587 0.2989548324889026
0.8290228155323587 -0.2989548324889026
0.8557835809410101 0.212216628576907
0.8557835809410101 -0.212216628576907
0.6583195371154377 0.5231107566152831
0.6583195371154377 -0.5231107566152831
-0.1502736499522439 0.8611923801039697
-0.1502736499522439 -0.8611923801039697
0.5327692879777284 0.6394418444724638
0.5327692879777284 -0.6394418444724638
0.8805726887602153 0.039109596028819575
0.8805726887602153 -0.039109596028819575
-0.7664719794461741 0.38042340954137854
-0.7664719794461741 -0.38042340954137854
0.7833463028228412 0.36017004646335504
0.7833463028228412 -0.36017004646335504
-0.43587239366093633 0.7296899387326176
-0.43587239366093633 -0.7296899387326176
-0.8532709951630146 0.09342714647908491
-0.8532709951630146 -0.09342714647908491
-0.8576653479132427 0.044337770227890615
-0.8576653479132427 -0.044337770227890615
-0.834759257403376 0.17898673983916885
-0.834759257403376 -0.17898673983916885
-0.037905749444607784 0.8665690134768868
-0.037905749444607784 -0.8665690134768868
-0.8094387397034132 0.2526164612689309
-0.8094387397034132 -0.2526164612689309
0.018967389308991948 0.8574045325427839
0.018967389308991948 -0.8574045325427839
-0.27402642042966935 0.7951282884423899
-0.27402642042966935 -0.7951282884423899
0.6914280953124792 0.47901689846960394
0.6914280953124792 -0.47901689846960394
-0.10806774576082293 0.836174331973794
-0.10806774576082293 -0.836174331973794
0.11004786954487882 0.8364218640482277
0.11004786954487882 -0.8364218640482277
0.7350258517079894 0.40629109375748224
0.7350258517079894 -0.40629109375748224
0.8477123677681915 0.12422116660469552
0.8477123677681915 -0.12422116660469552
0.38745091283674127 0.7392250492871965
0.38745091283674127 -0.7392250492871965
-0.7693903557981289 0.34440819936392186
-0.7693903557981289 -0.34440819936392186
0.4604253137146218 0.6901721720917018
0.4604253137146218 -0.6901721720917018
0.5194302401273357 0.6326520227765703
0.5194302401273357 -0.6326520227765703
0.607242289636548 0.5446659694899701
0.607242289636548 -0.5446659694899701
0.41315000805404806 0.7139874191848026
0.41315000805404806 -0.7139874191848026
0.44285073861276003 0.6857720667412073
0.44285073861276003 -0.6857720667412073
-0.2219483376079665 0.8126419600264476
-0.2219483376079665 -0.8126419600264476
-0.6322615221309927 0.5141822209241829
-0.6322615221309927 -0.5141822209241829
0.21166663319305312 0.8100609945987132
0.21166663319305312 -0.8100609945987132
0.28996439438807264 0.7803858887543342
0.28996439438807264 -0.7803858887543342
-0.8381287151934669 0.0
-0.5482040521440101 0.5800578686045161
-0.5482040521440101 -0.5800578686045161
0.849260946059035 0.02504381851347981
0.849260946059035 -0.02504381851347981
0.5714863519482607 0.5641801115824098
0.5714863519482607 -0.5641801115824098
-0.7795296510054103 0.2875822054189089
-0.7795296510054103 -0.2875822054189089
-0.019808968670460607 0.8309970924689387
-0.019808968670460607 -0.8309970924689387
0.5312022915524662 0.592452663838243
0.5312022915524662 -0.592452663838243
0.837146373484119 0.06861042458469575
0.837146373484119 -0.06861042458469575
0.7587987274447767 0.30252249586883606
0.7587987274447767 -0.30252249586883606
-0.8024616945753849 0.17440402188669868
-0.8024616945753849 -0.17440402188669868
-0.6974236327888457 0.4166953502901045
-0.6974236327888457 -0.4166953502901045
0.25474661241617247 0.7730336868173531
0.25474661241617247 -0.7730336868173531
0.6188870094940913 0.4940645939379645
0.6188870094940913 -0.4940645939379645
0.22958937816411318 0.7794821473728756
0.22958937816411318 -0.7794821473728756
0.08267636769190091 0.8054579968899681
0.08267636769190091 -0.8054579968899681
-0.38043011953504363 0.7087867036133303
-0.38043011953504363 -0.7087867036133303
0.3027259499726299 0.7392938348305917
0.3027259499726299 -0.7392938348305917
-0.6956962495725907 0.3771247666823995
-0.6956962495725907 -0.3771247666823995
-0.2230890908528004 0.7719802918689253
-0.2230890908528004 -0.7719802918689253
-0.44637013963301536 0.6489777757335882
-0.44637013963301536 -0.6489777757335882
-0.33749426828108336 0.7158249272905338
-0.33749426828108336 -0.7158249272905338
-0.10951873806805223 0.7845835029747816
-0.10951873806805223 -0.7845835029747816
-0.282883797427687 0.7311305930759091
-0.282883797427687 -0.7311305930759091
-0.046763601197950116 0.7840951581508508
-0.046763601197950116 -0.7840951581508508
-0.18418734314993795 0.7571396820540163
-0.18418734314993795 -0.7571396820540163
-0.3212383107242464 0.7092225572201611
-0.3212383107242464 -0.7092225572201611
0.04953850628232431 0.782391999744237
0.04953850628232431 -0.782391999744237
0.7569016661170409 0.22490158979069025
0.7569016661170409 -0.22490158979069025
0.7055097375086927 0.3463179788408078
0.7055097375086927 -0.3463179788408078
0.7623769304467944 0.19390354524501288
0.7623769304467944 -0.19390354524501288
-0.79338773370634 0.056069347130499075
-0.79338773370634 -0.056069347130499075
-0.7668098430528888 0.16073509924800827
-0.7668098430528888 -0.16073509924800827
-0.6324536520757433 0.4364869843883405
-0.6324536520757433 -0.4364869843883405
-0.3660687123049193 0.6805287104629666
-0.3660687123049193 -0.6805287104629666
-0.07050817350592999 0.7748792050751954
-0.07050817350592999 -0.7748792050751954
-0.46271889754269213 0.6061701918481818
-0.46271889754269213 -0.6061701918481818
-0.6820304827198034 0.3432499777485359
-0.6820304827198034 -0.3432499777485359
0.33175459075545544 0.6848755812436551
0.33175459075545544 -0.6848755812436551
0.772272005524135 0.11239069623687405
0.772272005524135 -0.11239069623687405
0.5312181109034503 0.5169310736125814
0.5312181109034503 -0.5169310736125814
-0.7797907596913206 0.0
-0.7681583440181945 0.0
-0.693858984550799 0.3190961797453858
-0.693858984550799 -0.3190961797453858
-0.14709372874247467 0.7483410698200117
-0.14709372874247467 -0.7483410698200117
-0.5350979783842875 0.5146523815755198
-0.5350979783842875 -0.5146523815755198
0.12491800379642957 0.7436363180773401
0.12491800379642957 -0.7436363180773401
0.21861540266775248 0.7216085077489318
0.21861540266775248 -0.7216085077489318
-0.5927914074100682 0.4479625124431769
-0.5927914074100682 -0.4479625124431769
-0.4593029560235487 0.5803527066664245
-0.4593029560235487 -0.5803527066664245
0.7706855566850913 0.0
0.676461934896927 0.33196795862640227
0.676461934896927 -0.33196795862640227
0.6268103417278623 0.38401811983258693
0.6268103417278623 -0.38401811983258693
0.3447139367002079 0.6608420174719438
0.3447139367002079 -0.6608420174719438
0.4514985160382837 0.5807501803840903
0.4514985160382837 -0.5807501803840903
0.48311029139962414 0.5447668934450883
0.48311029139962414 -0.5447668934450883
-0.7345001961103732 0.18324550183190186
-0.7345001961103732 -0.18324550183190186
-0.7400204752633367 0.12086811948023424
-0.7400204752633367 -0.12086811948023424
0.4057266792937756 0.598603278924931
0.4057266792937756 -0.598603278924931
-0.1915473711963434 0.7169310749397076
-0.1915473711963434 -0.7169310749397076
-0.517985867542444 0.4972240825024941
-0.517985867542444 -0.4972240825024941
-0.460290162427229 0.5454220893907912
-0.460290162427229 -0.5454220893907912
-0.5765091605025912 0.4227663779076485
-0.5765091605025912 -0.4227663779076485
-0.6992345715469236 0.25292885111910113
-0.6992345715469236 -0.25292885111910113
0.5218080604749704 0.49003124358279193
0.5218080604749704 -0.49003124358279193
0.0035045748907861327 0.7399626764213689
0.0035045748907861327 -0.7399626764213689
0.5740429976549035 0.42126012783600547
0.5740429976549035 -0.42126012783600547
0.7391161944227694 0.08564763335973288
0.7391161944227694 -0.08564763335973288
0.20968990126916723 0.6999815570429624
0.20968990126916723 -0.6999815570429624
0.6686565022044378 0.30242629069566307
0.6686565022044378 -0.30242629069566307
0.25705343211937504 0.6790906702023306
0.25705343211937504 -0.6790906702023306
-0.3900794854736081 0.6049705522973488
-0.3900794854736081 -0.6049705522973488
0.7012432434112652 0.21789642752164584
0.7012432434112652 -0.21789642752164584
-0.3182170133485565 0.6512951648734379
-0.3182170133485565 -0.6512951648734379
-0.7012298516515468 0.20441436592874082
-0.7012298516515468 -0.20441436592874082
0.03864455862739397 0.71940590593837
0.03864455862739397 -0.71940590593837
0.09501364532215673 0.712188329276896
0.09501364532215673 -0.712188329276896
0.13801232616937903 0.7037440157189836
0.13801232616937903 -0.7037440157189836
0.715916443931426 0.13497311961193
0.715916443931426 -0.13497311961193
0.6077623765271165 0.3763151583589781
0.6077623765271165 -0.3763151583589781
0.34933163042055937 0.6171086888798322
0.34933163042055937 -0.6171086888798322
-0.40838692653279274 0.5607605267668972
-0.40838692653279274 -0.5607605267668972
-0.12192913566471154 0.6967578240244608
-0.12192913566471154 -0.6967578240244608
0.2518882816497816 0.6545907606267616
0.2518882816497816 -0.6545907606267616
-0.5804902230941822 0.37677147002294
-0.5804902230941822 -0.37677147002294
0.7140009134569889 0.0
0.4650658077102616 0.5071116713005328
0.4650658077102616 -0.5071116713005328
-0.6500286627126541 0.2686149542427222
-0.6500286627126541 -0.2686149542427222
-0.71318205815538 0.0
-0.7110658077467179 0.0501433227511818
-0.7110658077467179 -0.0501433227511818
-0.687786011456368 0.1626992447697636
-0.687786011456368 -0.1626992447697636
0.6568879350147578 0.24263138074534157
0.6568879350147578 -0.24263138074534157
0.3145879715441628 0.6091438006064265
0.3145879715441628 -0.6091438006064265
0.682993972982799 0.1703576482867999
0.682993972982799 -0.1703576482867999
-0.6917145205114476 0.09407974049670863
-0.6917145205114476 -0.09407974049670863
-0.2461003882370138 0.6454675815428224
-0.2461003882370138 -0.6454675815428224
-0.38664355470501977 0.5428705907456093
-0.38664355470501977 -0.5428705907456093
-0.4712240178952392 0.4604322533050119
-0.4712240178952392 -0.4604322533050119
0.509412789469791 0.4350304124196443
0.509412789469791 -0.4350304124196443
0.6959140867186967 0.039841893732395765
0.6959140867186967 -0.039841893732395765
0.6212141726312246 0.2805819084711632
0.6212141726312246 -0.2805819084711632
0.3927850160435481 0.5257306919031514
0.3927850160435481 -0.5257306919031514
-0.6763348669228455 0.0
-0.23494465831984376 0.6337178299961121
-0.23494465831984376 -0.6337178299961121
0.03677198539314083 0.6782368292285128
0.03677198539314083 -0.6782368292285128
-0.41665300577366804 0.502822889703897
-0.41665300577366804 -0.502822889703897
-0.5393095398512936 0.37267007235889266
-0.5393095398512936 -0.37267007235889266
-0.4922231855293742 0.4246560287311925
-0.4922231855293742 -0.4246560287311925
0.11124866616959239 0.6667850406864856
0.11124866616959239 -0.6667850406864856
-0.6480785207702519 0.20005351200701493
-0.6480785207702519 -0.20005351200701493
-0.5824862931212615 0.327676876979134
-0.5824862931212615 -0.327676876979134
-0.04045158285325873 0.6677059059091897
-0.04045158285325873 -0.6677059059091897
0.19322590462786488 0.6183888130143171
0.19322590462786488 -0.6183888130143171
0.2841802775834026 0.5709819738113041
0.2841802775834026 -0.5709819738113041
-0.33243613017175583 0.559489126733178
-0.33243613017175583 -0.559489126733178
0.5789605818284895 0.308421612933867
0.5789605818284895 -0.308421612933867
0.6639475960246046 0.03210130447827196
0.6639475960246046 -0.03210130447827196
0.6558517421097358 0.08189994971646275
0.6558517421097358 -0.08189994971646275
-0.1404364838730516 0.6404932123396777
-0.1404364838730516 -0.6404932123396777
0.525542999773926 0.37274640098925765
0.525542999773926 -0.37274640098925765
0.47922498740325015 0.4107518184060303
0.47922498740325015 -0.4107518184060303
0.6225235839814243 0.1992066077559923
0.6225235839814243 -0.1992066077559923
-0.3989861128507013 0.504174162261417
-0.3989861128507013 -0.504174162261417
-0.06733814801811597 0.6420870529695063
-0.06733814801811597 -0.6420870529695063
-0.2595999432388173 0.5818347316391684
-0.2595999432388173 -0.5818347316391684
0.5577396466108067 0.3131021730574516
0.5577396466108067 -0.3131021730574516
-0.6360743668453112 0.057373559310873394
-0.6360743668453112 -0.057373559310873394
-0.6275044806810066 0.11488316878854005
-0.6275044806810066 -0.11488316878854005
0.6459316650543587 0.0
-0.14335170957320803 0.6154370319568011
-0.14335170957320803 -0.6154370319568011
-0.47084153151417785 0.40072399837354467
-0.47084153151417785 -0.40072399837354467
-0.562227961397078 0.26590838931091654
-0.562227961397078 -0.26590838931091654
-0.5850201790612171 0.21691100109234604
-0.5850201790612171 -0.21691100109234604
0.6215414276360506 0.14701269120334126
0.6215414276360506 -0.14701269120334126
-0.6146281571080517 0.0
0.5838054734728158 0.232474468705582
0.5838054734728158 -0.232474468705582
0.33715545481876863 0.5107763750009024
0.33715545481876863 -0.5107763750009024
0.3982616554269129 0.4548579915100634
0.3982616554269129 -0.4548579915100634
0.019262489870891047 0.6204718734411253
0.019262489870891047 -0.6204718734411253
-0.049401846245710916 0.6178025451217283
-0.049401846245710916 -0.6178025451217283
0.07192039405570497 0.6131313750531439
0.07192039405570497 -0.6131313750531439
0.2359802207575899 0.5568866134981388
0.2359802207575899 -0.5568866134981388
-0.21778604487929243 0.5624818221677302
-0.21778604487929243 -0.5624818221677302
-0.34556627993902733 0.4840495785689429
-0.34556627993902733 -0.4840495785689429
-0.5454480693415127 0.2483897999884517
-0.5454480693415127 -0.2483897999884517
-0.4002940502353348 0.4278741540928823
-0.4002940502353348 -0.4278741540928823
0.48724588196490526 0.3506343080884181
0.48724588196490526 -0.3506343080884181
0.5069557969026253 0.31129255802701594
0.5069557969026253 -0.31129255802701594
-0.24842243933513114 0.5353933764223116
-0.24842243933513114 -0.5353933764223116
-0.45336835367590805 0.3692621215130713
-0.45336835367590805 -0.3692621215130713
0.41559054315157296 0.4166143844371321
0.41559054315157296 -0.4166143844371321
0.3606452216099153 0.4658149032390997
0.3606452216099153 -0.4658149032390997
0.28275534269609837 0.5114407919740077
0.28275534269609837 -0.5114407919740077
0.5741054790257492 0.17701020853271968
0.5741054790257492 -0.17701020853271968
-0.3542960379138006 0.43413633235436644
-0.3542960379138006 -0.43413633235436644
-0.4872173611477152 0.295715148603563
-0.4872173611477152 -0.295715148603563
0.16478197677885398 0.5600456347375066
0.16478197677885398 -0.5600456347375066
-0.46831982849689424 0.30832069642902266
-0.46831982849689424 -0.30832069642902266
-0.08451316234977643 0.5747269695648591
-0.08451316234977643 -0.5747269695648591
-0.007097762389838601 0.5753499766191998
-0.007097762389838601 -0.5753499766191998
-0.5730587009486218 0.0
0.06366080029960379 0.5672218190230289
0.06366080029960379 -0.5672218190230289
0.5834517887686441 0.0
0.5770223390956742 0.051060184765807974
0.5770223390956742 -0.051060184765807974
0.09615105547373036 0.559118469610974
0.09615105547373036 -0.559118469610974
0.5708668552508067 0.0964303805747168
0.5708668552508067 -0.0964303805747168
-0.5632670528218923 0.06687626197028147
-0.5632670528218923 -0.06687626197028147
-0.1912703604581692 0.5338591937961373
-0.1912703604581692 -0.5338591937961373
-0.1424180975386472 0.5458798871919445
-0.1424180975386472 -0.5458798871919445
-0.5380074801377398 0.14516019753026435
-0.5380074801377398 -0.14516019753026435
-0.2668400737741555 0.4752550881174633
-0.2668400737741555 -0.4752550881174633
0.2015810384240958 0.5186372953466184
0.2015810384240958 -0.5186372953466184
-0.3117829971314986 0.43796997558489353
-0.3117829971314986 -0.43796997558489353
0.5007270650572566 0.25683326656338235
0.5007270650572566 -0.25683326656338235
-0.3305503320306955 0.41866370971473027
-0.3305503320306955 -0.41866370971473027
-0.5374954287987028 0.09732872202721608
-0.5374954287987028 -0.09732872202721608
0.509052966756162 0.2308687865340653
0.509052966756162 -0.2308687865340653
-0.17558396528930603 0.511718983298607
-0.17558396528930603 -0.511718983298607
0.3851417738193632 0.37510028542879464
0.3851417738193632 -0.37510028542879464
-0.4875350736294912 0.20351020764644506
-0.4875350736294912 -0.20351020764644506
0.4609055383340146 0.2726383454062541
0.4609055383340146 -0.2726383454062541
0.5204684376838532 0.14466585325200593
0.5204684376838532 -0.14466585325200593
0.2936622554575484 0.4327158766444026
0.2936622554575484 -0.4327158766444026
0.26610363706444884 0.4490065793317428
0.26610363706444884 -0.4490065793317428
0.3924965962479312 0.3402770582823263
0.3924965962479312 -0.3402770582823263
0.5272341753091165 0.06614088819195829
0.5272341753091165 -0.06614088819195829
-0.5245327885747382 0.11876837184057824
-0.5245327885747382 -0.11876837184057824
-0.38860159544348094 0.3310184369171441
-0.38860159544348094 -0.3310184369171441
-0.4513022488481911 0.2458736439195104
-0.4513022488481911 -0.2458736439195104
-0.4361431154773829 0.2673795738784081
-0.4361431154773829 -0.2673795738784081
-0.467220676199524 0.21690213306279743
-0.467220676199524 -0.21690213306279743
-0.5231153456723998 0.0
-0.018390657640797656 0.5354280758331547
-0.018390657640797656 -0.5354280758331547
0.3332120381093674 0.3772908207623955
0.3332120381093674 -0.3772908207623955
-0.0707023446763961 0.5206257959169858
-0.0707023446763961 -0.5206257959169858
0.15575887134110494 0.4956453472613711
0.15575887134110494 -0.4956453472613711
0.386363658514505 0.29668319792359577
0.386363658514505 -0.29668319792359577
0.17930889647494552 0.48180612057397215
0.17930889647494552 -0.48180612057397215
0.2538392575433296 0.42553206999167426
0.2538392575433296 -0.42553206999167426
0.5129109190428135 0.0
0.04316864699048778 0.5112240619667118
0.04316864699048778 -0.5112240619667118
0.49934654317239735 0.0999245974315057
0.49934654317239735 -0.0999245974315057
0.21565766220259014 0.4428411109836615
0.21565766220259014 -0.4428411109836615
-0.1080383757500186 0.4838936891196694
-0.1080383757500186 -0.4838936891196694
0.3127080558227327 0.3648829503618
0.3127080558227327 -0.3648829503618
0.4443392776768319 0.20949016993660247
0.4443392776768319 -0.20949016993660247
0.40669573801265 0.2611542581451405
0.40669573801265 -0.2611542581451405
0.08288263137278107 0.4848141753242137
0.08288263137278107 -0.4848141753242137
-0.18807842185948537 0.4417919039164685
-0.18807842185948537 -0.4417919039164685
-0.36414773062467604 0.2994649994886879
-0.36414773062467604 -0.2994649994886879
0.052245748474574555 0.46862074428353406
0.052245748474574555 -0.46862074428353406
-0.24571103639523534 0.39980558545822614
-0.24571103639523534 -0.39980558545822614
0.4462477375416567 0.09809922527634445
0.4462477375416567 -0.09809922527634445
-0.49290349927232324 0.06580418486340571
-0.49290349927232324 -0.06580418486340571
0.4159668564903675 0.18785615333937866
0.4159668564903675 -0.18785615333937866
-0.2927264149254081 0.362673302756401
-0.2927264149254081 -0.362673302756401
-0.45481980160694413 0.15740661464884242
-0.45481980160694413 -0.15740661464884242
-0.2734220110993014 0.34983725025113194
-0.2734220110993014 -0.34983725025113194
0.31203081266409016 0.30913957803729364
0.31203081266409016 -0.30913957803729364
-0.40098493751679914 0.20403870962979312
-0.40098493751679914 -0.20403870962979312
-0.4606465217102576 0.07660676536845958
-0.4606465217102576 -0.07660676536845958
-0.4596036905316522 0.01587749714991264
-0.4596036905316522 -0.01587749714991264
-0.12606950484996282 0.443122038607687
-0.12606950484996282 -0.443122038607687
0.4537128867333827 0.023096779208934454
0.4537128867333827 -0.023096779208934454
0.18022560034879678 0.39496784622526404
0.18022560034879678 -0.39496784622526404
0.08936922068241543 0.44960677726052006
0.08936922068241543 -0.44960677726052006
0.35229304237168 0.24856893724669477
0.35229304237168 -0.24856893724669477
-0.03623304269895879 0.4501940837628117
-0.03623304269895879 -0.4501940837628117
0.22575945707766054 0.3598447765109723
0.22575945707766054 -0.3598447765109723
0.2521839024068421 0.3272520433252683
0.2521839024068421 -0.3272520433252683
-0.26923295493395627 0.31763415381394083
-0.26923295493395627 -0.31763415381394083
-0.28622051573923624 0.2889162419391521
-0.28622051573923624 -0.2889162419391521
-0.43334851355310433 0.09600395656905372
-0.43334851355310433 -0.09600395656905372
0.4193577867978798 0.08916338475164819
0.4193577867978798 -0.08916338475164819
-0.4062321896421962 0.1639133923133376
-0.4062321896421962 -0.1639133923133376
-0.41846232591917626 0.0
-0.40221953433926505 0.1244599997597939
-0.40221953433926505 -0.1244599997597939
0.11315496913143605 0.4102734202724959
0.11315496913143605 -0.4102734202724959
-0.10470980873108497 0.41173678623234233
-0.10470980873108497 -0.41173678623234233
-0.1767964986190031 0.3741923888220944
-0.1767964986190031 -0.3741923888220944
0.38821412217072926 0.14932787547974272
0.38821412217072926 -0.14932787547974272
-0.2059575700273779 0.34875740693115087
-0.2059575700273779 -0.34875740693115087
0.06452987523294051 0.41565154055649195
0.06452987523294051 -0.41565154055649195
-0.32585945167283153 0.2079830494053918
-0.32585945167283153 -0.2079830494053918
0.3424724334902636 0.2029388076077968
0.3424724334902636 -0.2029388076077968
-0.15511838087397356 0.3698420856065349
-0.15511838087397356 -0.3698420856065349
0.3861335591080731 0.09325521855091137
0.3861335591080731 -0.09325521855091137
-0.011635449452000436 0.40741758751276286
-0.011635449452000436 -0.40741758751276286
0.3905063667218597 0.013726796735489235
0.3905063667218597 -0.013726796735489235
0.3149648499696146 0.21735394810540376
0.3149648499696146 -0.21735394810540376
-0.3529514108225566 0.1303314924599315
-0.3529514108225566 -0.1303314924599315
0.25681342555936254 0.26844331051498205
0.25681342555936254 -0.26844331051498205
0.1894411175697438 0.32443880940573805
0.1894411175697438 -0.32443880940573805
-0.07080116363327413 0.37599518179919317
-0.07080116363327413 -0.37599518179919317
0.3328305825039264 0.13097489105377363
0.3328305825039264 -0.13097489105377363
0.05441471393320721 0.36719965552055583
0.05441471393320721 -0.36719965552055583
0.10552162965731704 0.3469455921393655
0.10552162965731704 -0.3469455921393655
-0.08012669780992943 0.3582791928070778
-0.08012669780992943 -0.3582791928070778
-0.3507808607880596 0.0
-0.21235026644388197 0.2761515644660076
-0.21235026644388197 -0.2761515644660076
-0.27259864468685235 0.19791623946006245
-0.27259864468685235 -0.19791623946006245
0.07209462071164113 0.3520397745902868
0.07209462071164113 -0.3520397745902868
0.1679436382406635 0.28997055786547377
0.1679436382406635 -0.28997055786547377
0.21945967183596354 0.2489850661027893
0.21945967183596354 -0.2489850661027893
-0.31866118786286646 0.0
-0.2847702709421609 0.13922112023783145
-0.2847702709421609 -0.13922112023783145
-0.05062139106419257 0.32684554894221346
-0.05062139106419257 -0.32684554894221346
-0.23297176067032516 0.20305384512959204
-0.23297176067032516 -0.20305384512959204
0.32824498966367555 0.0
0.3037690898076647 0.1197020454187099
0.3037690898076647 -0.1197020454187099
0.3375960952109583 0.04452138696859575
0.3375960952109583 -0.04452138696859575
0.2597751262825678 0.16552290354753152
0.2597751262825678 -0.16552290354753152
-0.2441501805505481 0.18445612448537382
-0.2441501805505481 -0.18445612448537382
0.21544692907585916 0.21419350246247298
0.21544692907585916 -0.21419350246247298
-0.0014981573546411513 0.32150943661456877
-0.0014981573546411513 -0.32150943661456877
0.3055772340108143 0.06612674845231695
0.3055772340108143 -0.06612674845231695
-0.297620982361109 0.046783755225601145
-0.297620982361109 -0.046783755225601145
-0.2704509786566619 0.11395305080752831
-0.2704509786566619 -0.11395305080752831
-0.16436679012725502 0.2466615012834687
-0.16436679012725502 -0.2466615012834687
-0.27688828494934103 0.06844219442618217
-0.27688828494934103 -0.06844219442618217
-0.15328868009284308 0.24379083774131605
-0.15328868009284308 -0.24379083774131605
-0.06630926223944625 0.2821139051756859
-0.06630926223944625 -0.2821139051756859
-0.07626766202601659 0.27182629559534066
-0.07626766202601659 -0.27182629559534066
-0.26414379887131023 0.018905323792350978
-0.26414379887131023 -0.018905323792350978
0.2679090787935714 0.0831057243857742
0.2679090787935714 -0.0831057243857742
0.0899675378788887 0.26635761680264675
0.0899675378788887 -0.26635761680264675
-0.21144099151846368 0.1646877044733333
-0.21144099151846368 -0.1646877044733333
0.04025756188524549 0.2729359361180144
0.04025756188524549 -0.2729359361180144
0.1484816905766299 0.22117449561806068
0.1484816905766299 -0.22117449561806068
0.020693883907750246 0.2700871729514581
0.020693883907750246 -0.2700871729514581
0.2646776424724419 0.010823014900795225
0.2646776424724419 -0.010823014900795225
-0.1710767441949887 0.19538563118888386
-0.1710767441949887 -0.19538563118888386
0.2496117610691467 0.028313753202012064
0.2496117610691467 -0.028313753202012064
0.17784051255149702 0.18117706669566247
0.17784051255149702 -0.18117706669566247
-0.20287502185766293 0.1273756053934711
-0.20287502185766293 -0.1273756053934711
0.08448558616046956 0.22426063036212576
0.08448558616046956 -0.22426063036212576
-0.15737094774926522 0.17615448094854727
-0.15737094774926522 -0.17615448094854727
0.20605800132590796 0.0
-0.05421801250326426 0.22578360190510874
-0.05421801250326426 -0.22578360190510874
0.04814796547648889 0.22656160852124008
0.04814796547648889 -0.22656160852124008
0.15996767335883114 0.145971722252437
0.15996767335883114 -0.145971722252437
0.119175235022278 0.1794432687013571
0.119175235022278 -0.1794432687013571
-0.16643227643585645 0.14254014253527933
-0.16643227643585645 -0.14254014253527933
0.1889973514738259 0.0
0.1769482553022214 0.10214545693657004
0.1769482553022214 -0.10214545693657004
0.008961670562535143 0.20208258150624567
0.008961670562535143 -0.20208258150624567
0.15271295828539633 0.12061806538272138
0.15271295828539633 -0.12061806538272138
-0.19113785494285784 0.05564827792299257
-0.19113785494285784 -0.05564827792299257
-0.1953676473485607 0.014149890791723919
-0.1953676473485607 -0.014149890791723919
-0.061739509156769845 0.17403067648832746
-0.061739509156769845 -0.17403067648832746
-0.13739795273771405 0.11147769309898319
-0.13739795273771405 -0.11147769309898319
0.16329918958325584 0.07430802370129512
0.16329918958325584 -0.07430802370129512
0.056609483139629685 0.17781674639202852
0.056609483139629685 -0.17781674639202852
0.1504481721844499 0.0
0.0983693874607359 0.1285566389274957
0.0983693874607359 -0.1285566389274957
-0.07891907197604472 0.14922283327684854
-0.07891907197604472 -0.14922283327684854
0.03360493033135416 0.15769726416424432
0.03360493033135416 -0.15769726416424432
0.15802945213092323 0.03617088707147701
0.15802945213092323 -0.03617088707147701
-0.05071732288794928 0.15352797825748907
-0.05071732288794928 -0.15352797825748907
-0.15244703847782048 0.014120130796054831
-0.15244703847782048 -0.014120130796054831
-0.06663151589473798 0.14044465768121187
-0.06663151589473798 -0.14044465768121187
-0.12419671681894978 0.06254911658666903
-0.12419671681894978 -0.06254911658666903
0.09037956593071855 0.0990469194198751
0.09037956593071855 -0.0990469194198751
-0.1276732228652242 0.03746649049199917
-0.1276732228652242 -0.03746649049199917
0.10932835627751898 0.07177066019997427
0.10932835627751898 -0.07177066019997427
0.043278237956560564 0.12292682247597615
0.043278237956560564 -0.12292682247597615
0.062370709889190114 0.11073061555337503
0.062370709889190114 -0.11073061555337503
-0.07657632695496794 0.10090166371179525
-0.07657632695496794 -0.10090166371179525
-0.02781914629441508 0.12468706962040774
-0.02781914629441508 -0.12468706962040774
-0.04788368358753556 0.11802270857072701
-0.04788368358753556 -0.11802270857072701
-0.09712072757308315 0.0
0.1169042504945294 0.02821398908958735
0.1169042504945294 -0.02821398908958735
0.013606252319375333 0.11593105898114599
0.013606252319375333 -0.11593105898114599
-0.10615944171037073 0.03237291287118548
-0.10615944171037073 -0.03237291287118548
0.09324960222286507 0.050869277328783546
0.09324960222286507 -0.050869277328783546
0.10045117149495637 0.009895083535731541
0.10045117149495637 -0.009895083535731541
-0.05082267352225073 0.08387242144463396
-0.05082267352225073 -0.08387242144463396
-0.07717070188392751 0.05663719392605792
-0.07717070188392751 -0.05663719392605792
0.007548390153930133 0.09266239678202366
0.007548390153930133 -0.09266239678202366
0.039338396291460846 0.07963253057642426
0.039338396291460846 -0.07963253057642426
0.05227935966703866 0.06906315596364472
0.05227935966703866 -0.06906315596364472
-0.05777859765187865 0.06568658411307403
-0.05777859765187865 -0.06568658411307403
-0.030356977094223882 0.07914879042737122
-0.030356977094223882 -0.07914879042737122
0.06446692115690247 0.04583412559993993
0.06446692115690247 -0.04583412559993993
-0.08344719788838667 0.0
0.07941339836189353 0.0
-0.054517587459335576 0.04959177154956555
-0.054517587459335576 -0.04959177154956555
-0.002287786446645813 0.06839161261527646
-0.002287786446645813 -0.06839161261527646
-0.0535462301857805 0.039190406969409286
-0.0535462301857805 -0.039190406969409286
-0.01810272253920422 0.05956604679926668
-0.01810272253920422 -0.05956604679926668
0.022937750488396264 0.04987973335391611
0.022937750488396264 -0.04987973335391611
0.060288309147347646 0.0
0.052619728452379624 0.016647957085011187
0.052619728452379624 -0.016647957085011187
-0.059243289327199855 0.0
-0.015662540418440417 0.044037878250501435
-0.015662540418440417 -0.044037878250501435
-0.0430974760680508 0.030989699129360764
-0.0430974760680508 -0.030989699129360764
-0.04869063967432433 0.008232081535312791
-0.04869063967432433 -0.008232081535312791
-0.04505952338504173 0.0
-0.03937301236013651 0.020904838954297993
-0.03937301236013651 -0.020904838954297993
0.024019181801202 0.032271261947055443
0.024019181801202 -0.032271261947055443
0.020163642880051992 0.03420969864587699
0.020163642880051992 -0.03420969864587699
0.03938873097432171 0.0
0.036721102351778064 0.0
0.026145375821521342 0.015522872670769227
0.026145375821521342 -0.015522872670769227
-0.001018610757097728 0.02681018882788072
-0.001018610757097728 -0.02681018882788072
-0.01860597552209636 0.012658975632467196
-0.01860597552209636 -0.012658975632467196
-0.02214180868866239 0.0
-0.0022052757946295866 0.007695810077908863
-0.0022052757946295866 -0.007695810077908863
0.007896840815706544 0.0
