2.343241577530193 0.0
-1.3269403832823572 0.0
-1.227071007629934 0.0
-0.4540832637810773 1.1111211275037234
-0.4540832637810773 -1.1111211275037234
-0.8549879646103267 0.697240377344725
-0.8549879646103267 -0.697240377344725
-0.9072729368477845 0.5376883265587927
-0.9072729368477845 -0.5376883265587927
-0.5759924209274799 0.8640645912373192
-0.5759924209274799 -0.8640645912373192
-0.977171965739507 0.18657979733609376
-0.977171965739507 -0.18657979733609376
-0.818156678989809 0.552002683435572
-0.818156678989809 -0.552002683435572
-0.8982478787149792 0.3715608853094867
-0.8982478787149792 -0.3715608853094867
-0.9433419550812598 0.1245918599503872
-0.9433419550812598 -0.1245918599503872
-0.6947491589260563 0.6693450636625711
-0.6947491589260563 -0.6693450636625711
-0.5607964499617788 0.8209563206425099
-0.5607964499617788 -0.8209563206425099
-0.06071246495095731 1.0425514189627183
-0.06071246495095731 -1.0425514189627183
-0.18001643619621033 1.0063529754481717
-0.18001643619621033 -1.0063529754481717
-0.8441394124403951 0.41067329055427176
-0.8441394124403951 -0.41067329055427176
-0.7611598482905912 0.5305912243415742
-0.7611598482905912 -0.5305912243415742
-0.481567820874121 0.833350765017672
-0.481567820874121 -0.833350765017672
-0.4261779487635944 0.8506946740135094
-0.4261779487635944 -0.8506946740135094
0.15257231408420402 1.019149945409043
0.15257231408420402 -1.019149945409043
-0.08685217222470802 0.9571009514763944
-0.08685217222470802 -0.9571009514763944
0.33069022346242294 0.9451751137448737
0.33069022346242294 -0.9451751137448737
0.16718428847054065 0.9400047613514494
0.16718428847054065 -0.9400047613514494
0.5451445876426082 0.8397128886278142
0.5451445876426082 -0.8397128886278142
0.8572885743340646 0.5550700377722564
0.8572885743340646 -0.5550700377722564
0.7497860996020126 0.6794744282406858
0.7497860996020126 -0.6794744282406858
0.4395336316196215 0.867740947764897
0.4395336316196215 -0.867740947764897
0.5932255450692879 0.7716814303810031
0.5932255450692879 -0.7716814303810031
0.9576267890595758 0.2855242188722855
0.9576267890595758 -0.2855242188722855
0.9878421627281058 0.09448536372036069
0.9878421627281058 -0.09448536372036069
0.9637989605079991 0.23922879150263726
0.9637989605079991 -0.23922879150263726
0.8558598092527727 0.45950833737691626
0.8558598092527727 -0.45950833737691626
0.3027999001535501 0.8889677232229315
0.3027999001535501 -0.8889677232229315
0.4538720263353255 0.8127491924267028
0.4538720263353255 -0.8127491924267028
0.9518317724746874 0.1546976842132439
0.9518317724746874 -0.1546976842132439
0.6850549931398685 0.6272207509645793
0.6850549931398685 -0.6272207509645793
0.8944067302921987 0.2638865378473908
0.8944067302921987 -0.2638865378473908
0.7591703907896916 0.5117781359129098
0.7591703907896916 -0.5117781359129098
0.6973218388096483 0.5788934050298677
0.6973218388096483 -0.5788934050298677
0.9164101929865776 0.042291366258481546
0.9164101929865776 -0.042291366258481546
0.8470476972057979 0.3298330812967857
0.8470476972057979 -0.3298330812967857
0.774307170426394 0.431276476628755
0.774307170426394 -0.431276476628755
0.6131396908197202 0.6373925444273577
0.6131396908197202 -0.6373925444273577
0.43838754289469717 0.7776682951668129
0.43838754289469717 -0.7776682951668129
0.10811908548790092 0.9247933475246995
0.10811908548790092 -0.9247933475246995
0.2294947011168389 0.9021786539291433
0.2294947011168389 -0.9021786539291433
0.015716734918206562 0.9277997647608504
0.015716734918206562 -0.9277997647608504
0.31113980747497094 0.8585682914779146
0.31113980747497094 -0.8585682914779146
-0.5551199008424275 0.7225181261901052
-0.5551199008424275 -0.7225181261901052
-0.6026011354793166 0.67523995796548
-0.6026011354793166 -0.67523995796548
-0.687887314214775 0.5710865379125103
-0.687887314214775 -0.5710865379125103
-0.25108038085012896 0.8921465195872935
-0.25108038085012896 -0.8921465195872935
-0.8808355305956792 0.2931332036792631
-0.8808355305956792 -0.2931332036792631
-0.9246778001291731 0.03881279784726697
-0.9246778001291731 -0.03881279784726697
-0.7051233030685077 0.5204377410712699
-0.7051233030685077 -0.5204377410712699
-0.8676188869694181 0.2834730487510333
-0.8676188869694181 -0.2834730487510333
0.6659059070724308 0.5381035180208188
0.6659059070724308 -0.5381035180208188
-0.8993342530904345 0.13936169168509976
-0.8993342530904345 -0.13936169168509976
-0.42642013375534704 0.7597971874666667
-0.42642013375534704 -0.7597971874666667
-0.30987309419201337 0.8559810989639635
-0.30987309419201337 -0.8559810989639635
-0.874009651172597 0.0
-0.7898401824679466 0.35167600324881504
-0.7898401824679466 -0.35167600324881504
0.9025054444354081 0.0
-0.03419974265199428 0.9062508089220387
-0.03419974265199428 -0.9062508089220387
0.8652655213036041 0.18139818766003785
0.8652655213036041 -0.18139818766003785
0.8560550575160986 0.19783235066500807
0.8560550575160986 -0.19783235066500807
0.18872762976420016 0.8516575451381204
0.18872762976420016 -0.8516575451381204
0.3551833514729107 0.7826340688601452
0.3551833514729107 -0.7826340688601452
0.737775979932665 0.41626219171630036
0.737775979932665 -0.41626219171630036
-0.5994845449949662 0.5810060104304406
-0.5994845449949662 -0.5810060104304406
-0.20068921576718504 0.8492496860489083
-0.20068921576718504 -0.8492496860489083
-0.44106028620617677 0.7366468262851219
-0.44106028620617677 -0.7366468262851219
-0.5362927189940532 0.6312480152726093
-0.5362927189940532 -0.6312480152726093
-0.12430354308322689 0.8679009754289944
-0.12430354308322689 -0.8679009754289944
0.5338957909754228 0.6476255516923278
0.5338957909754228 -0.6476255516923278
0.8074977417253311 0.28567528771904965
0.8074977417253311 -0.28567528771904965
-0.3844280780557127 0.7608535192612753
-0.3844280780557127 -0.7608535192612753
0.8623805728789007 0.10710053468437604
0.8623805728789007 -0.10710053468437604
0.8451810559504079 0.0
0.5061761368470876 0.6625751315854951
0.5061761368470876 -0.6625751315854951
0.04270943041062023 0.85220626916562
0.04270943041062023 -0.85220626916562
0.38982328858130316 0.7285724228135361
0.38982328858130316 -0.7285724228135361
0.6139125312455858 0.5379514044483324
0.6139125312455858 -0.5379514044483324
0.6655921110833913 0.4509624242460322
0.6655921110833913 -0.4509624242460322
-0.8125009633693054 0.14868063711089632
-0.8125009633693054 -0.14868063711089632
-0.7801461881021956 0.2585816394478904
-0.7801461881021956 -0.2585816394478904
-0.7192438911455461 0.4121387494239952
-0.7192438911455461 -0.4121387494239952
-0.6541988065146409 0.48382205333661693
-0.6541988065146409 -0.48382205333661693
-0.5567033801453355 0.5851149629425977
-0.5567033801453355 -0.5851149629425977
-0.7299280582589462 0.35694564370928555
-0.7299280582589462 -0.35694564370928555
0.719950144710255 0.36247579786756173
0.719950144710255 -0.36247579786756173
0.828522108278529 0.13060753259520025
0.828522108278529 -0.13060753259520025
0.023888180894458554 0.8299825325814255
0.023888180894458554 -0.8299825325814255
0.4708913170708836 0.6292215473002665
0.4708913170708836 -0.6292215473002665
-0.7753678388205191 0.21771596658241105
-0.7753678388205191 -0.21771596658241105
-0.46493187454891716 0.6625974904752994
-0.46493187454891716 -0.6625974904752994
0.2694154012010562 0.7655851439778032
0.2694154012010562 -0.7655851439778032
-0.22961951325907776 0.7895868329879666
-0.22961951325907776 -0.7895868329879666
-0.5611086524569482 0.531086647806632
-0.5611086524569482 -0.531086647806632
0.5457096243185304 0.5246586235237588
0.5457096243185304 -0.5246586235237588
-0.17730037639635937 0.7920358191988179
-0.17730037639635937 -0.7920358191988179
-0.06500978538835502 0.8074331575057645
-0.06500978538835502 -0.8074331575057645
-0.27752818329687406 0.7564709555082507
-0.27752818329687406 -0.7564709555082507
0.7497398848196577 0.2776217968484519
0.7497398848196577 -0.2776217968484519
0.1828549604061647 0.7767788755408886
0.1828549604061647 -0.7767788755408886
0.3061179477241783 0.7246055688596179
0.3061179477241783 -0.7246055688596179
0.7669917114408372 0.16561367230693635
0.7669917114408372 -0.16561367230693635
0.4111670514901926 0.652056505961197
0.4111670514901926 -0.652056505961197
0.767931801056236 0.0
-0.3263992107904533 0.7091137522810809
-0.3263992107904533 -0.7091137522810809
0.5862602906885008 0.4571541582770023
0.5862602906885008 -0.4571541582770023
-0.7816553109689625 0.05177793172025458
-0.7816553109689625 -0.05177793172025458
-0.7788219207776615 0.11317965048597788
-0.7788219207776615 -0.11317965048597788
0.758430943976752 0.0695895234252508
0.758430943976752 -0.0695895234252508
-0.6209010182488943 0.4268586980809889
-0.6209010182488943 -0.4268586980809889
-0.45244547156593273 0.6039063252220922
-0.45244547156593273 -0.6039063252220922
-0.07136188694116667 0.763298655987003
-0.07136188694116667 -0.763298655987003
-0.13267844434416676 0.7523362786275087
-0.13267844434416676 -0.7523362786275087
-0.7208687958797354 0.24942155543013636
-0.7208687958797354 -0.24942155543013636
0.11672027134029289 0.741571096635029
0.11672027134029289 -0.741571096635029
-0.3777455740291189 0.6437872102184611
-0.3777455740291189 -0.6437872102184611
0.6752699419655279 0.28175973323330844
0.6752699419655279 -0.28175973323330844
0.43913594247818 0.5911454397151589
0.43913594247818 -0.5911454397151589
-0.7342921376801139 0.0
-0.6651952598754938 0.3189762681786551
-0.6651952598754938 -0.3189762681786551
-0.7260495371190037 0.15298463707209486
-0.7260495371190037 -0.15298463707209486
-0.24016388620051204 0.6949765930754864
-0.24016388620051204 -0.6949765930754864
0.6300440819623712 0.34147564937575026
0.6300440819623712 -0.34147564937575026
0.1811396155133982 0.703316440673353
0.1811396155133982 -0.703316440673353
-0.07071459387218873 0.7267566589330492
-0.07071459387218873 -0.7267566589330492
-0.6103342653751841 0.3623771926255142
-0.6103342653751841 -0.3623771926255142
0.04800052340916386 0.7281323493197394
0.04800052340916386 -0.7281323493197394
-0.5055593482664884 0.48297078595295134
-0.5055593482664884 -0.48297078595295134
-0.40557791185199144 0.5679751325520475
-0.40557791185199144 -0.5679751325520475
0.5296130013315337 0.44842095147814415
0.5296130013315337 -0.44842095147814415
0.6514000564893405 0.26635508835024274
0.6514000564893405 -0.26635508835024274
-0.63507690219699 0.2832363835333349
-0.63507690219699 -0.2832363835333349
-0.2596722643357944 0.6553570668306057
-0.2596722643357944 -0.6553570668306057
0.6992760180666562 0.10697041670262286
0.6992760180666562 -0.10697041670262286
0.2930355973772145 0.63185441616883
0.2930355973772145 -0.63185441616883
0.1237896122676477 0.69694965125507
0.1237896122676477 -0.69694965125507
-0.6757760817009496 0.0
0.3075041889853385 0.6061631471550548
0.3075041889853385 -0.6061631471550548
0.41631412421216407 0.5344782263694715
0.41631412421216407 -0.5344782263694715
-0.1790928489871338 0.672913108613041
-0.1790928489871338 -0.672913108613041
-0.6517951179696148 0.18374242962270088
-0.6517951179696148 -0.18374242962270088
0.5283069318999283 0.4021517816305105
0.5283069318999283 -0.4021517816305105
0.47311303658317805 0.4590972360564388
0.47311303658317805 -0.4590972360564388
-0.10166226052073646 0.6811566381468314
-0.10166226052073646 -0.6811566381468314
-0.49207030547381875 0.403030572456845
-0.49207030547381875 -0.403030572456845
-0.35302337024825614 0.5305033233426903
-0.35302337024825614 -0.5305033233426903
0.029665882650221482 0.6814237958995625
0.029665882650221482 -0.6814237958995625
0.6716675582562812 0.03445159192887548
0.6716675582562812 -0.03445159192887548
0.6214392351493274 0.23142830164169442
0.6214392351493274 -0.23142830164169442
0.6357313954029814 0.046411396254799765
0.6357313954029814 -0.046411396254799765
-0.6556671168811499 0.08237825781990145
-0.6556671168811499 -0.08237825781990145
0.19057328411548327 0.6232082071312017
0.19057328411548327 -0.6232082071312017
0.6060051157089742 0.16000083356358033
0.6060051157089742 -0.16000083356358033
0.5255684160733887 0.3390375370255705
0.5255684160733887 -0.3390375370255705
-0.03875693199229222 0.6579059599649645
-0.03875693199229222 -0.6579059599649645
-0.63534961312261 0.08818402862121785
-0.63534961312261 -0.08818402862121785
0.5630966546412435 0.25157983112975196
0.5630966546412435 -0.25157983112975196
0.3152454905593171 0.5414575055594508
0.3152454905593171 -0.5414575055594508
-0.5762030354136088 0.2527925424601077
-0.5762030354136088 -0.2527925424601077
-0.5044816992373604 0.36258376584523977
-0.5044816992373604 -0.36258376584523977
0.22748952166778014 0.5841364447896054
0.22748952166778014 -0.5841364447896054
-0.42615914798619847 0.44016595592953983
-0.42615914798619847 -0.44016595592953983
-0.5400276500905604 0.2785327810946654
-0.5400276500905604 -0.2785327810946654
-0.29715879895016895 0.5432760308550029
-0.29715879895016895 -0.5432760308550029
0.39059960452770515 0.48149928412419607
0.39059960452770515 -0.48149928412419607
-0.5913547249949624 0.11837449413077097
-0.5913547249949624 -0.11837449413077097
0.018468192758982156 0.6106176006167101
0.018468192758982156 -0.6106176006167101
-0.23938019817733341 0.5478426837981978
-0.23938019817733341 -0.5478426837981978
-0.12981915601149108 0.5888582626900504
-0.12981915601149108 -0.5888582626900504
0.3636832689965438 0.46234218330471044
0.3636832689965438 -0.46234218330471044
-0.05683619101475454 0.5912991625387201
-0.05683619101475454 -0.5912991625387201
0.15329685218202985 0.5682046149254135
0.15329685218202985 -0.5682046149254135
0.506193816893903 0.28953717437067383
0.506193816893903 -0.28953717437067383
-0.5880234329403863 0.051986292781085644
-0.5880234329403863 -0.051986292781085644
-0.30396154412539134 0.49755990086339597
-0.30396154412539134 -0.49755990086339597
-0.49913465140428587 0.29640500078460696
-0.49913465140428587 -0.29640500078460696
0.5093055902337709 0.2637676111519537
0.5093055902337709 -0.2637676111519537
0.5602353774446183 0.10004380584329593
0.5602353774446183 -0.10004380584329593
0.41549016110612685 0.3807573140591413
0.41549016110612685 -0.3807573140591413
-0.5530963173532096 0.10554573057880694
-0.5530963173532096 -0.10554573057880694
0.06897549191236936 0.5446268804160028
0.06897549191236936 -0.5446268804160028
0.5346353029080276 0.16553972965646868
0.5346353029080276 -0.16553972965646868
-0.36488294937995197 0.39225194998690294
-0.36488294937995197 -0.39225194998690294
-0.420893013877473 0.33445944615969486
-0.420893013877473 -0.33445944615969486
-0.24696159072672186 0.47354655718220956
-0.24696159072672186 -0.47354655718220956
-0.5051398497517737 0.0
-0.49689416903886996 0.15865042063492546
-0.49689416903886996 -0.15865042063492546
-0.47287074051827993 0.21598941428153537
-0.47287074051827993 -0.21598941428153537
0.5279118754441786 0.04786879445188234
0.5279118754441786 -0.04786879445188234
0.22486731741261368 0.46107365613442514
0.22486731741261368 -0.46107365613442514
0.3278392961530407 0.39683265860846617
0.3278392961530407 -0.39683265860846617
-0.011606119989907269 0.5221707763357665
-0.011606119989907269 -0.5221707763357665
0.14173115069085038 0.48332027876548095
0.14173115069085038 -0.48332027876548095
0.40568578239263003 0.31119851440165314
0.40568578239263003 -0.31119851440165314
-0.053804832534182764 0.5088123215501402
-0.053804832534182764 -0.5088123215501402
-0.1839242614026069 0.4914617997388471
-0.1839242614026069 -0.4914617997388471
0.47213915434386416 0.2070400543765372
0.47213915434386416 -0.2070400543765372
-0.1218236160602729 0.49622441946386764
-0.1218236160602729 -0.49622441946386764
-0.18144129342430135 0.4791406617856401
-0.18144129342430135 -0.4791406617856401
-0.3315922627818991 0.37303526943878157
-0.3315922627818991 -0.37303526943878157
0.47580686717090653 0.13772144592590446
0.47580686717090653 -0.13772144592590446
-0.463579724317968 0.0
-0.457216801957271 0.14034974575626363
-0.457216801957271 -0.14034974575626363
-0.46484482584028763 0.061364378342653056
-0.46484482584028763 -0.061364378342653056
-0.4099397019735168 0.25204257398604885
-0.4099397019735168 -0.25204257398604885
-0.39381944688143894 0.2656093274960793
-0.39381944688143894 -0.2656093274960793
0.48714757658426483 0.0
-0.2775587597090787 0.3618512468718479
-0.2775587597090787 -0.3618512468718479
-0.30422733666858226 0.3403506599836938
-0.30422733666858226 -0.3403506599836938
0.0728439752143411 0.4744252603189496
0.0728439752143411 -0.4744252603189496
0.35377512677286205 0.31921171732278286
0.35377512677286205 -0.31921171732278286
0.4557668398102165 0.021374858476171196
0.4557668398102165 -0.021374858476171196
0.3180383770776022 0.346855330801535
0.3180383770776022 -0.346855330801535
0.436601585571944 0.13053223844655934
0.436601585571944 -0.13053223844655934
0.11380512279311908 0.444998453665686
0.11380512279311908 -0.444998453665686
0.30233220042110825 0.34661647367849263
0.30233220042110825 -0.34661647367849263
0.15479745958605096 0.4233558135380344
0.15479745958605096 -0.4233558135380344
0.27964647825152233 0.35329120418631743
0.27964647825152233 -0.35329120418631743
0.06659003506155198 0.4412941951516196
0.06659003506155198 -0.4412941951516196
-0.39337730758184286 0.19199188927662433
-0.39337730758184286 -0.19199188927662433
0.17327905313367364 0.4036707600507141
0.17327905313367364 -0.4036707600507141
-0.21306726723765787 0.3738200985024835
-0.21306726723765787 -0.3738200985024835
-0.13432326851908372 0.41027349973150284
-0.13432326851908372 -0.41027349973150284
-0.42211625788626994 0.0
0.33448592544747935 0.25023820652459583
0.33448592544747935 -0.25023820652459583
-0.012974292208262496 0.41297026570627404
-0.012974292208262496 -0.41297026570627404
-0.10057303779629659 0.40472979438403844
-0.10057303779629659 -0.40472979438403844
0.366873276131126 0.19416942372273527
0.366873276131126 -0.19416942372273527
-0.3853327824198727 0.0
-0.3855640139825114 0.07893865847570054
-0.3855640139825114 -0.07893865847570054
-0.23147056483123668 0.32264650071443923
-0.23147056483123668 -0.32264650071443923
0.0324265631933261 0.37984974296977914
0.0324265631933261 -0.37984974296977914
-0.34530934746120073 0.13275001489090246
-0.34530934746120073 -0.13275001489090246
0.36049489597376616 0.12444475299282473
0.36049489597376616 -0.12444475299282473
-0.2599964834028032 0.2627047442764285
-0.2599964834028032 -0.2627047442764285
0.3767912905926936 0.0
0.3714289834422539 0.0
-0.11248196915431183 0.3517057107367016
-0.11248196915431183 -0.3517057107367016
0.2608491395984199 0.2607605112101024
0.2608491395984199 -0.2607605112101024
0.13488916998884964 0.33847810919023397
0.13488916998884964 -0.33847810919023397
0.3590464835095839 0.045117086654397356
0.3590464835095839 -0.045117086654397356
-0.33218244717593337 0.12143977446980336
-0.33218244717593337 -0.12143977446980336
-0.17531692909210714 0.29349165662900417
-0.17531692909210714 -0.29349165662900417
-0.2764875787484752 0.19689756685438245
-0.2764875787484752 -0.19689756685438245
-0.23921190693134184 0.2409144604583346
-0.23921190693134184 -0.2409144604583346
-0.32034407766352246 0.08787059896005736
-0.32034407766352246 -0.08787059896005736
0.029938979263256615 0.3414738768301341
0.029938979263256615 -0.3414738768301341
-0.10639464170122681 0.3104245563870245
-0.10639464170122681 -0.3104245563870245
-0.3123035134040638 0.0
-0.3123927495228612 0.022373447344131416
-0.3123927495228612 -0.022373447344131416
-3.318333443879083e-05 0.3317672556828551
-3.318333443879083e-05 -0.3317672556828551
0.24528846465098375 0.23603557711526943
0.24528846465098375 -0.23603557711526943
-0.22080277668601178 0.23062133983644542
-0.22080277668601178 -0.23062133983644542
0.32176214369959977 0.05156548699474725
0.32176214369959977 -0.05156548699474725
0.2777566440331378 0.17182105560569452
0.2777566440331378 -0.17182105560569452
-0.03845494373645364 0.3151533186761194
-0.03845494373645364 -0.3151533186761194
0.11260016616363408 0.3016775340159844
0.11260016616363408 -0.3016775340159844
0.2940264346190946 0.13166881568707592
0.2940264346190946 -0.13166881568707592
-0.17010666782181535 0.2514122742258109
-0.17010666782181535 -0.2514122742258109
-0.2239531863908717 0.18392433585528475
-0.2239531863908717 -0.18392433585528475
0.24985990500131136 0.17422882959562938
0.24985990500131136 -0.17422882959562938
0.01908725375582196 0.28496753547116016
0.01908725375582196 -0.28496753547116016
0.19763129865988188 0.21573173122561545
0.19763129865988188 -0.21573173122561545
0.15877351617689736 0.2396870354777147
0.15877351617689736 -0.2396870354777147
0.12264439962386273 0.2488336255020398
0.12264439962386273 -0.2488336255020398
0.05381151605750549 0.2661908593325478
0.05381151605750549 -0.2661908593325478
0.20213641191781884 0.1921601440259238
0.20213641191781884 -0.1921601440259238
-0.03207501019391552 0.2653154760000479
-0.03207501019391552 -0.2653154760000479
0.25585370498397664 0.0790674241521946
0.25585370498397664 -0.0790674241521946
-0.25228772867056604 0.08339585698321118
-0.25228772867056604 -0.08339585698321118
-0.2303970201490011 0.12832147959602955
-0.2303970201490011 -0.12832147959602955
0.22680675719829302 0.1304904729611056
0.22680675719829302 -0.1304904729611056
0.25804719268791015 0.0
0.15811755349072304 0.20260257545322635
0.15811755349072304 -0.20260257545322635
0.021613780537938013 0.24931381619966075
0.021613780537938013 -0.24931381619966075
0.2458240638529735 0.035334442111034495
0.2458240638529735 -0.035334442111034495
-0.13940501892852328 0.2086287842079266
-0.13940501892852328 -0.2086287842079266
-0.07597046386996228 0.2362492501165323
-0.07597046386996228 -0.2362492501165323
-0.06555863609393567 0.23922707567252524
-0.06555863609393567 -0.23922707567252524
-0.2537825201759286 0.00022220381387798869
-0.2537825201759286 -0.00022220381387798869
-0.23367917021802576 0.09604862051922347
-0.23367917021802576 -0.09604862051922347
-0.16045326324247894 0.18336205321960794
-0.16045326324247894 -0.18336205321960794
0.2179996566236079 0.0967038906409695
0.2179996566236079 -0.0967038906409695
0.0930862665524757 0.21192344182999606
0.0930862665524757 -0.21192344182999606
-0.025354126336805546 0.2344394629853368
-0.025354126336805546 -0.2344394629853368
0.11795817989273763 0.19444756572956431
0.11795817989273763 -0.19444756572956431
0.10263333930083718 0.1964004057866804
0.10263333930083718 -0.1964004057866804
0.21920331100411933 0.04019205268567837
0.21920331100411933 -0.04019205268567837
0.12554556104395354 0.17707182674839225
0.12554556104395354 -0.17707182674839225
0.05600781582483333 0.2086406835447024
0.05600781582483333 -0.2086406835447024
0.1830125840330289 0.11642091313259882
0.1830125840330289 -0.11642091313259882
0.21314761685277633 0.0
0.20088767313021205 0.06322436743416486
0.20088767313021205 -0.06322436743416486
0.16085651346154609 0.13232297514352798
0.16085651346154609 -0.13232297514352798
0.009533322504409653 0.21493833695855954
0.009533322504409653 -0.21493833695855954
-0.11648781089918923 0.19104290944936939
-0.11648781089918923 -0.19104290944936939
0.20568440934921894 0.0
-0.22167871189441374 0.0
-0.19853337759038564 0.1169918139829789
-0.19853337759038564 -0.1169918139829789
-0.18613376676543714 0.11901030121301936
-0.18613376676543714 -0.11901030121301936
-0.15551558423192574 0.14283722352773065
-0.15551558423192574 -0.14283722352773065
-0.21305460286223862 0.04342214428070689
-0.21305460286223862 -0.04342214428070689
-0.033634142389570666 0.20167403830760025
-0.033634142389570666 -0.20167403830760025
-0.16624982517313058 0.117786996881829
-0.16624982517313058 -0.117786996881829
-0.09507446695826967 0.17565725909562596
-0.09507446695826967 -0.17565725909562596
-0.1874576795552679 0.08051343856788162
-0.1874576795552679 -0.08051343856788162
-0.059925198575808226 0.18591165561759143
-0.059925198575808226 -0.18591165561759143
0.1772317759919377 0.08242872109219425
0.1772317759919377 -0.08242872109219425
-0.19108261528441828 0.05601344514977699
-0.19108261528441828 -0.05601344514977699
-0.1949657488875877 0.0
0.18991591578610562 0.0
-0.1786318532560898 0.02238920127511387
-0.1786318532560898 -0.02238920127511387
0.054173364922005474 0.1822680834125873
0.054173364922005474 -0.1822680834125873
-0.07314307845994895 0.16661865877002868
-0.07314307845994895 -0.16661865877002868
-0.11346117960023072 0.14403062958960974
-0.11346117960023072 -0.14403062958960974
0.17480880423348166 0.05106241049023538
0.17480880423348166 -0.05106241049023538
0.08760132318793035 0.1629616507939925
0.08760132318793035 -0.1629616507939925
0.1669150991654727 0.0
0.11836923277410064 0.14297290550730918
0.11836923277410064 -0.14297290550730918
0.14133675680791918 0.11235486818128204
0.14133675680791918 -0.11235486818128204
-0.1263736601746347 0.12457929573525993
-0.1263736601746347 -0.12457929573525993
-0.15899767015672975 0.046661636937573255
-0.15899767015672975 -0.046661636937573255
0.038759055227689534 0.1737425064662507
0.038759055227689534 -0.1737425064662507
-0.002923058382992733 0.17361531059236074
-0.002923058382992733 -0.17361531059236074
-0.13378603525128813 0.09737492298402782
-0.13378603525128813 -0.09737492298402782
0.08129810177922189 0.14894063027498688
0.08129810177922189 -0.14894063027498688
0.1167219354092904 0.12653871879902412
0.1167219354092904 -0.12653871879902412
0.029281692359945252 0.1674217428379534
0.029281692359945252 -0.1674217428379534
-0.11949558815884578 0.11580138936781294
-0.11949558815884578 -0.11580138936781294
0.10695251283620491 0.13217439570798423
0.10695251283620491 -0.13217439570798423
-0.09543585242441285 0.13730652814874567
-0.09543585242441285 -0.13730652814874567
0.16163734674091812 0.04939311699467716
0.16163734674091812 -0.04939311699467716
-0.00939529895573509 0.1662807171283058
-0.00939529895573509 -0.1662807171283058
0.15653360910445682 0.056630469982878934
0.15653360910445682 -0.056630469982878934
-0.07777720050968757 0.14285163284128344
-0.07777720050968757 -0.14285163284128344
0.13541420154022749 0.09155064376707016
0.13541420154022749 -0.09155064376707016
-0.16635752929074546 0.0
-0.15134337727106978 0.053516731759434395
-0.15134337727106978 -0.053516731759434395
-0.1348610923140342 0.08689144480577876
-0.1348610923140342 -0.08689144480577876
-0.1544058692163775 0.02218571513108883
-0.1544058692163775 -0.02218571513108883
-0.1469806732561122 0.0
-0.031815106194587654 0.1567941896790291
-0.031815106194587654 -0.1567941896790291
-0.05072085589683533 0.1473336562456674
-0.05072085589683533 -0.1473336562456674
-0.11702445825346366 0.09141426107680822
-0.11702445825346366 -0.09141426107680822
0.06546860724862533 0.1398146348452017
0.06546860724862533 -0.1398146348452017
0.14997703360581888 0.020728047450956005
0.14997703360581888 -0.020728047450956005
-0.1009790111405475 0.11165693898503883
-0.1009790111405475 -0.11165693898503883
-0.019011822797769286 0.14616227444931346
-0.019011822797769286 -0.14616227444931346
0.13469860193158664 0.05612934254740243
0.13469860193158664 -0.05612934254740243
0.03991910712627989 0.14228026630032603
0.03991910712627989 -0.14228026630032603
0.12484294893834966 0.07447895711383797
0.12484294893834966 -0.07447895711383797
0.017758775970904028 0.14464997995338733
0.017758775970904028 -0.14464997995338733
0.11371777706154995 0.08796747989440867
0.11371777706154995 -0.08796747989440867
-0.08993863967075377 0.11230196841230748
-0.08993863967075377 -0.11230196841230748
0.08896833866702089 0.11455841298115602
0.08896833866702089 -0.11455841298115602
-0.06890273802287913 0.12601451177272674
-0.06890273802287913 -0.12601451177272674
-0.045432444907943195 0.13438688165481127
-0.045432444907943195 -0.13438688165481127
0.08314501766067844 0.11349312227721581
0.08314501766067844 -0.11349312227721581
0.13992899535972808 0.019718700112633106
0.13992899535972808 -0.019718700112633106
0.09444676863247106 0.09719714228454678
0.09444676863247106 -0.09719714228454678
0.13384462098847466 0.0
0.09516359487041429 0.09151098934896051
0.09516359487041429 -0.09151098934896051
0.05364040722831878 0.12494393436816845
0.05364040722831878 -0.12494393436816845
0.0021276784267813893 0.13918692507926078
0.0021276784267813893 -0.13918692507926078
-0.11920525743188407 0.06921153638562322
-0.11920525743188407 -0.06921153638562322
-0.13973828498637791 0.02692852001932629
-0.13973828498637791 -0.02692852001932629
-0.0318076411803735 0.13459793146790816
-0.0318076411803735 -0.13459793146790816
-0.13418182406648765 0.038170533805537886
-0.13418182406648765 -0.038170533805537886
0.03243472153427489 0.1339830708810692
0.03243472153427489 -0.1339830708810692
-0.07406249175640729 0.10749111421786597
-0.07406249175640729 -0.10749111421786597
-0.10060183656109856 0.0827253073572578
-0.10060183656109856 -0.0827253073572578
-0.06514353220644495 0.11023186097575788
-0.06514353220644495 -0.11023186097575788
0.12952469824835738 0.028084595283237437
0.12952469824835738 -0.028084595283237437
-0.13480606487794877 0.009932904186811068
-0.13480606487794877 -0.009932904186811068
-0.12930108400470058 0.021267207916257157
-0.12930108400470058 -0.021267207916257157
0.12617871643916173 0.01515208752108636
0.12617871643916173 -0.01515208752108636
0.11099887102895907 0.05762956224488705
0.11099887102895907 -0.05762956224488705
0.10111723292819771 0.07342616409878244
0.10111723292819771 -0.07342616409878244
-0.12904779829809168 0.0
-0.02922846178730979 0.12138752874084172
-0.02922846178730979 -0.12138752874084172
0.04519281870936773 0.118054650494589
0.04519281870936773 -0.118054650494589
0.1018028474404348 0.06347714032637668
0.1018028474404348 -0.06347714032637668
0.1181865509836372 0.0
-0.09862679405512985 0.07202665233229107
-0.09862679405512985 -0.07202665233229107
-0.10719521135706232 0.058320488817056815
-0.10719521135706232 -0.058320488817056815
-0.04233224704718684 0.11209094249016348
-0.04233224704718684 -0.11209094249016348
0.08290695048353808 0.08141830658005021
0.08290695048353808 -0.08141830658005021
-0.01818731857965477 0.11908267740210302
-0.01818731857965477 -0.11908267740210302
0.1134498478250556 0.01311569127333736
0.1134498478250556 -0.01311569127333736
0.012729821202737015 0.1210337826346581
0.012729821202737015 -0.1210337826346581
-0.08027234152166776 0.08146829877226427
-0.08027234152166776 -0.08146829877226427
0.022911102349091862 0.11609287370634676
0.022911102349091862 -0.11609287370634676
0.006401772569270625 0.11450213023389529
0.006401772569270625 -0.11450213023389529
-0.10929573593249423 0.024181095800779834
-0.10929573593249423 -0.024181095800779834
0.0538521476239046 0.09980499882343485
0.0538521476239046 -0.09980499882343485
-0.10365943215476162 0.043504022952572725
-0.10365943215476162 -0.043504022952572725
0.047117216786279836 0.10519768562642295
0.047117216786279836 -0.10519768562642295
-0.06506994039379728 0.08761271298977608
-0.06506994039379728 -0.08761271298977608
0.03824946914672972 0.1049127782763093
0.03824946914672972 -0.1049127782763093
-0.08233667712590567 0.06799939140635614
-0.08233667712590567 -0.06799939140635614
0.08750857011904997 0.06058205200494871
0.08750857011904997 -0.06058205200494871
0.10224587431138155 0.03370984788228053
0.10224587431138155 -0.03370984788228053
0.0672008507264191 0.08370976924733678
0.0672008507264191 -0.08370976924733678
-0.03138793376988294 0.09996280411557781
-0.03138793376988294 -0.09996280411557781
0.10222714053038648 0.014106338935786696
0.10222714053038648 -0.014106338935786696
0.09111305439065573 0.04865884124428817
0.09111305439065573 -0.04865884124428817
-0.05432615554871673 0.08633539535568427
-0.05432615554871673 -0.08633539535568427
-0.09396251775952896 0.04455016528899723
-0.09396251775952896 -0.04455016528899723
0.052081061688709004 0.08382508350742128
0.052081061688709004 -0.08382508350742128
-0.10405446170601676 0.006898011910753627
-0.10405446170601676 -0.006898011910753627
-0.03415762863966875 0.09227295424509378
-0.03415762863966875 -0.09227295424509378
0.03749291558937844 0.09060464972628501
0.03749291558937844 -0.09060464972628501
0.006336009819272377 0.09703809420918111
0.006336009819272377 -0.09703809420918111
-0.09453124446676928 0.022960778185795117
-0.09453124446676928 -0.022960778185795117
-0.0809979448808247 0.055194327159750825
-0.0809979448808247 -0.055194327159750825
0.010083328151563181 0.09621007511684944
0.010083328151563181 -0.09621007511684944
-0.06953872266896799 0.06676623208101427
-0.06953872266896799 -0.06676623208101427
0.07172607947449415 0.06354350556233007
0.07172607947449415 -0.06354350556233007
0.08562120083762878 0.03978620140905567
0.08562120083762878 -0.03978620140905567
0.058405509063197886 0.0731840990992749
0.058405509063197886 -0.0731840990992749
0.026296144217660272 0.08982802407173922
0.026296144217660272 -0.08982802407173922
-0.05917441251154616 0.07292462123788178
-0.05917441251154616 -0.07292462123788178
-0.03417517112061482 0.08573317332631743
-0.03417517112061482 -0.08573317332631743
0.08893751869619576 0.026149834863271226
0.08893751869619576 -0.026149834863271226
0.07322217628325764 0.05804500506082799
0.07322217628325764 -0.05804500506082799
0.09125445040731035 0.0
-0.08058592338874596 0.047378369592506915
-0.08058592338874596 -0.047378369592506915
-0.09107026665424259 0.005557003008678953
-0.09107026665424259 -0.005557003008678953
0.04421333245066602 0.07728841934727293
0.04421333245066602 -0.07728841934727293
0.001993524182774261 0.08902928465080179
0.001993524182774261 -0.08902928465080179
-0.043239854132579206 0.07529355718414449
-0.043239854132579206 -0.07529355718414449
-0.05859107009280111 0.060367172048486684
-0.05859107009280111 -0.060367172048486684
-0.010440784319743074 0.08350956449643405
-0.010440784319743074 -0.08350956449643405
0.016674595057624583 0.0791369788069301
0.016674595057624583 -0.0791369788069301
-0.08569586193930415 0.0
-0.024581620511793623 0.07437451791970615
-0.024581620511793623 -0.07437451791970615
0.035153551046995496 0.07008073638921238
0.035153551046995496 -0.07008073638921238
0.06929637619532587 0.04339401136543984
0.06929637619532587 -0.04339401136543984
-0.07886266156052613 0.019963927385713724
-0.07886266156052613 -0.019963927385713724
-0.03982114949779275 0.06568394164483694
-0.03982114949779275 -0.06568394164483694
0.07894502520386432 0.0
0.07401196859069727 0.027801541484191644
0.07401196859069727 -0.027801541484191644
0.07985819435042045 0.01226111535154423
0.07985819435042045 -0.01226111535154423
-0.0792684556535333 0.0
-0.07031132141358881 0.025759357117744863
-0.07031132141358881 -0.025759357117744863
-0.04855494918639332 0.05561877234332382
-0.04855494918639332 -0.05561877234332382
0.0768874631138626 0.005642966327059622
0.0768874631138626 -0.005642966327059622
-0.06728783030255472 0.03008088541042116
-0.06728783030255472 -0.03008088541042116
-0.05964323360048745 0.04271656765962184
-0.05964323360048745 -0.04271656765962184
-0.05666002454312601 0.04757593787623919
-0.05666002454312601 -0.04757593787623919
0.07151016543949862 0.0
0.04094110469200059 0.06178434183391434
0.04094110469200059 -0.06178434183391434
0.023840620163015375 0.06964787344785013
0.023840620163015375 -0.06964787344785013
0.06494082034936123 0.03454440392021764
0.06494082034936123 -0.03454440392021764
0.015373652809090945 0.07016289228201202
0.015373652809090945 -0.07016289228201202
0.044096135202596115 0.054574819471361724
0.044096135202596115 -0.054574819471361724
-0.004364904263743237 0.07048313424267462
-0.004364904263743237 -0.07048313424267462
-0.04121313695481376 0.05196632654679434
-0.04121313695481376 -0.05196632654679434
0.043774765764920585 0.04996046991416192
0.043774765764920585 -0.04996046991416192
-0.03387783981799532 0.05634377564921778
-0.03387783981799532 -0.05634377564921778
0.057876030028972826 0.031172830157792566
0.057876030028972826 -0.031172830157792566
-0.02721312865787478 0.05831079793442444
-0.02721312865787478 -0.05831079793442444
-0.013611620633844298 0.06507109393097828
-0.013611620633844298 -0.06507109393097828
0.06576453105260119 0.0
-0.0039002207353806186 0.06406312726967867
-0.0039002207353806186 -0.06406312726967867
-0.06523119259428409 0.009300744638195742
-0.06523119259428409 -0.009300744638195742
0.016154926493370997 0.060306734066600545
0.016154926493370997 -0.060306734066600545
0.0602341382198028 0.01945258254322148
0.0602341382198028 -0.01945258254322148
-0.02014279520805935 0.05710665345152437
-0.02014279520805935 -0.05710665345152437
-0.05614009257408824 0.019964468837149186
-0.05614009257408824 -0.019964468837149186
-0.05324693116549382 0.023523149506011268
-0.05324693116549382 -0.023523149506011268
0.05125217847156928 0.02324412877302852
0.05125217847156928 -0.02324412877302852
0.0562293505633547 0.01080282305944826
0.0562293505633547 -0.01080282305944826
-0.04033785836844647 0.03898060664617265
-0.04033785836844647 -0.03898060664617265
0.044467641876024665 0.030814819055197337
0.044467641876024665 -0.030814819055197337
0.039721062147764455 0.03755536334461663
0.039721062147764455 -0.03755536334461663
-0.02546479944043492 0.04798730062725793
-0.02546479944043492 -0.04798730062725793
0.03073835642466829 0.044195246629403634
0.03073835642466829 -0.044195246629403634
-0.05704876228776758 0.007360986017793331
-0.05704876228776758 -0.007360986017793331
-0.05689238204413741 0.0
0.007680808814702844 0.05415875638514876
0.007680808814702844 -0.05415875638514876
0.018373578529555686 0.05058976185491965
0.018373578529555686 -0.05058976185491965
0.05369817362248913 0.0
0.01964388032970256 0.04631952553557293
0.01964388032970256 -0.04631952553557293
0.027181391104282165 0.03931234200279501
0.027181391104282165 -0.03931234200279501
-0.007552739558018872 0.048144638748246704
-0.007552739558018872 -0.048144638748246704
-0.04109052898860251 0.026855881872773334
-0.04109052898860251 -0.026855881872773334
0.045341981183698546 0.0
-0.017806473787956984 0.040569175824303326
-0.017806473787956984 -0.040569175824303326
-0.03324752395333377 0.03213953881942751
-0.03324752395333377 -0.03213953881942751
-0.04685714481668794 0.010024274072047736
-0.04685714481668794 -0.010024274072047736
0.04197665437150802 0.013444151429944784
0.04197665437150802 -0.013444151429944784
0.033207371012163374 0.018728608113430835
0.033207371012163374 -0.018728608113430835
-0.027280984136502748 0.027432298472508908
-0.027280984136502748 -0.027432298472508908
0.0060025093014576016 0.04201372739670684
0.0060025093014576016 -0.04201372739670684
0.024214827756447083 0.02979997769736181
0.024214827756447083 -0.02979997769736181
-0.03749345710027856 0.014454471218900262
-0.03749345710027856 -0.014454471218900262
-0.039917676551010625 0.0
-0.03726363240173899 0.0
-2.4716487870703985e-05 0.03899040034597867
-2.4716487870703985e-05 -0.03899040034597867
-0.028857631072670253 0.019130037588227622
-0.028857631072670253 -0.019130037588227622
0.03272846421293621 0.00357644342061986
0.03272846421293621 -0.00357644342061986
0.01769945327220651 0.025922373601143224
0.01769945327220651 -0.025922373601143224
0.02332046103098787 0.01729034216559061
0.02332046103098787 -0.01729034216559061
-0.009059985602345867 0.028472587559655045
-0.009059985602345867 -0.028472587559655045
-0.022669430709988874 0.0
-0.025263340941777363 0.006884221508409947
-0.025263340941777363 -0.006884221508409947
-0.01366931939542674 0.020955651951707174
-0.01366931939542674 -0.020955651951707174
0.008667620811003623 0.02395970793166783
0.008667620811003623 -0.02395970793166783
-0.006231825831076804 0.02012830821638895
-0.006231825831076804 -0.02012830821638895
0.022055720454967776 0.0
-0.00032230608423621123 0.02335910287209296
-0.00032230608423621123 -0.02335910287209296
0.01905788872849523 0.005761382709435931
0.01905788872849523 -0.005761382709435931
0.011661767065490278 0.012991342129478039
0.011661767065490278 -0.012991342129478039
-0.010444366473038787 0.0
0.007092296648434548 0.0
-0.006677272679423384 0.0075248618869529936
-0.006677272679423384 -0.0075248618869529936
