0.5242367562480343 1.3628893208501989
0.5242367562480343 -1.3628893208501989
-1.2251549060219935 0.0
-0.696646570885556 0.9335737805802301
-0.696646570885556 -0.9335737805802301
-0.898859928334206 0.5730982099916727
-0.898859928334206 -0.5730982099916727
-0.31139493317664435 1.0082106567958824
-0.31139493317664435 -1.0082106567958824
-1.0007811442556356 0.055192050870662396
-1.0007811442556356 -0.055192050870662396
-0.8760182370993506 0.4498472074052246
-0.8760182370993506 -0.4498472074052246
-0.8511020799663308 0.4890762191021724
-0.8511020799663308 -0.4890762191021724
-0.7195867562704824 0.684059784535938
-0.7195867562704824 -0.684059784535938
-0.7624439732861894 0.5973311424814222
-0.7624439732861894 -0.5973311424814222
-0.5709938910098549 0.8186385689827177
-0.5709938910098549 -0.8186385689827177
-0.6549043305643014 0.7215494778011096
-0.6549043305643014 -0.7215494778011096
-0.6199076796829452 0.7597929508312244
-0.6199076796829452 -0.7597929508312244
-0.4859365177452416 0.8651853442458726
-0.4859365177452416 -0.8651853442458726
-0.42236011091980896 0.8995660561475616
-0.42236011091980896 -0.8995660561475616
-0.6162185467019556 0.7298397195579055
-0.6162185467019556 -0.7298397195579055
0.8299818952245888 0.6351233493315094
0.8299818952245888 -0.6351233493315094
0.7670254706392159 0.6951952409130778
0.7670254706392159 -0.6951952409130778
0.9033443401994655 0.4898205539065031
0.9033443401994655 -0.4898205539065031
0.418214981906469 0.9394109796099667
0.418214981906469 -0.9394109796099667
0.9864676839266715 0.17555353944705288
0.9864676839266715 -0.17555353944705288
0.9306717366373021 0.34795776922358423
0.9306717366373021 -0.34795776922358423
0.9889427395991176 0.11502819217425525
0.9889427395991176 -0.11502819217425525
0.5021081909213981 0.8739980050970917
0.5021081909213981 -0.8739980050970917
0.8046624630925647 0.5431637683123323
0.8046624630925647 -0.5431637683123323
0.678150511092053 0.7081854506066603
0.678150511092053 -0.7081854506066603
0.6929237393510913 0.6861375097307473
0.6929237393510913 -0.6861375097307473
0.7604912767131566 0.581154276823117
0.7604912767131566 -0.581154276823117
0.18040473279147373 0.9861471036538809
0.18040473279147373 -0.9861471036538809
0.5222886084686051 0.8355922597733587
0.5222886084686051 -0.8355922597733587
0.5699618010822511 0.7923558108800736
0.5699618010822511 -0.7923558108800736
0.12896471311733343 0.9893244861052831
0.12896471311733343 -0.9893244861052831
0.08916829559338657 0.9886628737084873
0.08916829559338657 -0.9886628737084873
0.29628136794540016 0.9452638963831316
0.29628136794540016 -0.9452638963831316
0.3776839918509383 0.9101778744719679
0.3776839918509383 -0.9101778744719679
0.5843707163649307 0.7501238455634267
0.5843707163649307 -0.7501238455634267
0.54437900037636 0.7829092357214339
0.54437900037636 -0.7829092357214339
-0.4558366301216282 0.8595606731608183
-0.4558366301216282 -0.8595606731608183
-0.06351303235106884 0.9822608395701593
-0.06351303235106884 -0.9822608395701593
-0.24749464165107893 0.948012214150806
-0.24749464165107893 -0.948012214150806
0.8795642146761717 0.404917852563898
0.8795642146761717 -0.404917852563898
0.23396840251384687 0.9419328757767093
0.23396840251384687 -0.9419328757767093
-0.11795222533155153 0.9685765388692471
-0.11795222533155153 -0.9685765388692471
-0.25721683996450856 0.9414928963649463
-0.25721683996450856 -0.9414928963649463
-0.32743724029453736 0.9089916411569496
-0.32743724029453736 -0.9089916411569496
-0.9614162766372695 0.21555752566306077
-0.9614162766372695 -0.21555752566306077
0.9802948310835292 0.0
-0.9712707581916855 0.1444928409796215
-0.9712707581916855 -0.1444928409796215
0.8144744145986437 0.48703599101345024
0.8144744145986437 -0.48703599101345024
-0.5435039148339489 0.7779689460386967
-0.5435039148339489 -0.7779689460386967
-0.9151026460420499 0.30860480407862756
-0.9151026460420499 -0.30860480407862756
-0.9457506927439101 0.2162346160328786
-0.9457506927439101 -0.2162346160328786
-0.8831529497885128 0.380383570620242
-0.8831529497885128 -0.380383570620242
0.8936675465150201 0.34531427405159065
0.8936675465150201 -0.34531427405159065
0.6272015226012928 0.6869635682010529
0.6272015226012928 -0.6869635682010529
0.03662203009257327 0.9663479770182578
0.03662203009257327 -0.9663479770182578
-0.8239575817392937 0.4763047623979454
-0.8239575817392937 -0.4763047623979454
0.9373758385408537 0.19654234730227577
0.9373758385408537 -0.19654234730227577
0.9570594650795023 0.05546214823704855
0.9570594650795023 -0.05546214823704855
-0.9678809829585504 0.03274167512708205
-0.9678809829585504 -0.03274167512708205
0.6678403095255572 0.6351439751381239
0.6678403095255572 -0.6351439751381239
-0.8889283041970519 0.32432581318405734
-0.8889283041970519 -0.32432581318405734
0.9518573875111809 0.02082173818312096
0.9518573875111809 -0.02082173818312096
-0.7462506992017521 0.5486321505559761
-0.7462506992017521 -0.5486321505559761
0.9109368973013504 0.2583581564490381
0.9109368973013504 -0.2583581564490381
-0.2875394455581921 0.8970433037750718
-0.2875394455581921 -0.8970433037750718
0.408021837262435 0.8430124669188818
0.408021837262435 -0.8430124669188818
0.23577044952346918 0.9136391874353501
0.23577044952346918 -0.9136391874353501
-0.0024905486088503 0.945907599529911
-0.0024905486088503 -0.945907599529911
0.31106995039596097 0.888010320612583
0.31106995039596097 -0.888010320612583
-0.9016682184060575 0.2715974464082711
-0.9016682184060575 -0.2715974464082711
0.7812555854941616 0.48154842449578833
0.7812555854941616 -0.48154842449578833
-0.09270666845496282 0.9283252005673813
-0.09270666845496282 -0.9283252005673813
0.5519060127363828 0.718714927180862
0.5519060127363828 -0.718714927180862
-0.8051722050244261 0.44026730682385634
-0.8051722050244261 -0.44026730682385634
0.9068310445312393 0.1955882066284242
0.9068310445312393 -0.1955882066284242
-0.40469066839412315 0.8280620429463269
-0.40469066839412315 -0.8280620429463269
-0.6828340382359355 0.5930671109982973
-0.6828340382359355 -0.5930671109982973
-0.563401993699099 0.7140000053392005
-0.563401993699099 -0.7140000053392005
-0.6607372498008882 0.6154484350559045
-0.6607372498008882 -0.6154484350559045
0.5883565267879431 0.6761105151427099
0.5883565267879431 -0.6761105151427099
-0.45559259270535696 0.7897410082829592
-0.45559259270535696 -0.7897410082829592
-0.6167479859812217 0.6609898320647309
-0.6167479859812217 -0.6609898320647309
0.7211784553180658 0.5270636751985085
0.7211784553180658 -0.5270636751985085
-0.36633196270772395 0.8410524757618909
-0.36633196270772395 -0.8410524757618909
0.2527360657179345 0.8828181050318973
0.2527360657179345 -0.8828181050318973
0.8360983623069551 0.3538862641218825
0.8360983623069551 -0.3538862641218825
-0.9136679658568304 0.0
-0.7775558389820656 0.45108229576543685
-0.7775558389820656 -0.45108229576543685
-0.8108739175335471 0.40720102943031644
-0.8108739175335471 -0.40720102943031644
-0.4690803728493473 0.7617303464740186
-0.4690803728493473 -0.7617303464740186
-0.9131185379073941 0.07474002782305993
-0.9131185379073941 -0.07474002782305993
-0.1607300937497948 0.9080084409157044
-0.1607300937497948 -0.9080084409157044
0.10642527741850774 0.911390135505699
0.10642527741850774 -0.911390135505699
0.3480087876829663 0.8351533467321993
0.3480087876829663 -0.8351533467321993
0.4619284233643846 0.764770119384421
0.4619284233643846 -0.764770119384421
0.1677209065368828 0.8964424679915377
0.1677209065368828 -0.8964424679915377
0.659044392830596 0.5721278288455158
0.659044392830596 -0.5721278288455158
0.7094983568460428 0.511957302043916
0.7094983568460428 -0.511957302043916
0.6208989302870074 0.6017921378460229
0.6208989302870074 -0.6017921378460229
0.7809253031723733 0.43247256715545757
0.7809253031723733 -0.43247256715545757
0.8890591025697627 0.19941768018289122
0.8890591025697627 -0.19941768018289122
-0.8992777504116324 0.13639112882387516
-0.8992777504116324 -0.13639112882387516
0.9068086944791802 0.07798770133659466
0.9068086944791802 -0.07798770133659466
-0.6321608917306696 0.5899003584218475
-0.6321608917306696 -0.5899003584218475
0.8475492251367236 0.3037761792588185
0.8475492251367236 -0.3037761792588185
0.04083753119521384 0.9086628889907072
0.04083753119521384 -0.9086628889907072
-0.9037728093230339 0.025313554947223618
-0.9037728093230339 -0.025313554947223618
-0.15700239544798594 0.8902403419102143
-0.15700239544798594 -0.8902403419102143
0.8643882464624951 0.24476851125875343
0.8643882464624951 -0.24476851125875343
-0.8913733219303551 0.0
0.4489736355897479 0.7580415549041707
0.4489736355897479 -0.7580415549041707
-0.7208947049109307 0.49870223374238787
-0.7208947049109307 -0.49870223374238787
0.7334558678682055 0.46666282595477215
0.7334558678682055 -0.46666282595477215
0.3575381831236982 0.8099390134587053
0.3575381831236982 -0.8099390134587053
0.3993537910235772 0.7814446164213221
0.3993537910235772 -0.7814446164213221
0.8945906216555074 0.04314852591672556
0.8945906216555074 -0.04314852591672556
-0.5498128016677231 0.6702011776814031
-0.5498128016677231 -0.6702011776814031
0.30511669949512926 0.8248458352047181
0.30511669949512926 -0.8248458352047181
-0.7906255652649623 0.38162287286053587
-0.7906255652649623 -0.38162287286053587
-0.5903585519466179 0.615140268955466
-0.5903585519466179 -0.615140268955466
0.5271430590421122 0.6680280108937542
0.5271430590421122 -0.6680280108937542
0.7651024297945005 0.3975212882930239
0.7651024297945005 -0.3975212882930239
-0.8226436623401829 0.29490488056002134
-0.8226436623401829 -0.29490488056002134
-0.3284392787917593 0.8077226486094267
-0.3284392787917593 -0.8077226486094267
-0.1877092550423513 0.8480089799812527
-0.1877092550423513 -0.8480089799812527
0.023361933192779006 0.8765758436806891
0.023361933192779006 -0.8765758436806891
0.567722353683785 0.6149147294183017
0.567722353683785 -0.6149147294183017
-0.8710513431034514 0.0
-0.843740683411518 0.19696918096087124
-0.843740683411518 -0.19696918096087124
-0.6604873843944936 0.5258920721491934
-0.6604873843944936 -0.5258920721491934
-0.6150899765756255 0.5671082724198119
-0.6150899765756255 -0.5671082724198119
-0.5385865254275898 0.64281187741612
-0.5385865254275898 -0.64281187741612
-0.12965887561301803 0.8673495859795163
-0.12965887561301803 -0.8673495859795163
-0.2608588204981636 0.8251138956377653
-0.2608588204981636 -0.8251138956377653
0.35916504538924476 0.787742141050236
0.35916504538924476 -0.787742141050236
0.8599988942727769 0.17456027460807286
0.8599988942727769 -0.17456027460807286
0.6895147498273918 0.4695308412725556
0.6895147498273918 -0.4695308412725556
0.8069160410334116 0.3061461909572799
0.8069160410334116 -0.3061461909572799
0.6116752671926822 0.5483827874086177
0.6116752671926822 -0.5483827874086177
0.5096764094288739 0.6410000335270558
0.5096764094288739 -0.6410000335270558
0.8582424209416328 0.11371872739266035
0.8582424209416328 -0.11371872739266035
0.7257707530335397 0.3889873856782702
0.7257707530335397 -0.3889873856782702
0.8310142117551871 0.13050523085084906
0.8310142117551871 -0.13050523085084906
0.7461110796298602 0.33628677585536804
0.7461110796298602 -0.33628677585536804
0.47305871258246934 0.6720741780646464
0.47305871258246934 -0.6720741780646464
0.13108953974780502 0.8485968706008726
0.13108953974780502 -0.8485968706008726
-0.0012284043269774523 0.8617267317516397
-0.0012284043269774523 -0.8617267317516397
-0.055221984871811236 0.8557537773567873
-0.055221984871811236 -0.8557537773567873
-0.8504672206526199 0.1260890676694688
-0.8504672206526199 -0.1260890676694688
-0.7865782125423133 0.3270364981330741
-0.7865782125423133 -0.3270364981330741
-0.8212984067633597 0.23281032701668283
-0.8212984067633597 -0.23281032701668283
0.29263257049289404 0.7853901170216161
0.29263257049289404 -0.7853901170216161
-0.7232288850415101 0.4223280227292367
-0.7232288850415101 -0.4223280227292367
-0.7523302478295256 0.3717984484947004
-0.7523302478295256 -0.3717984484947004
-0.4527878230191005 0.6945116917982358
-0.4527878230191005 -0.6945116917982358
-0.22470056888830972 0.8128013589446413
-0.22470056888830972 -0.8128013589446413
0.21749956151777428 0.8047136646270246
0.21749956151777428 -0.8047136646270246
-0.49236319202405926 0.6582851060302258
-0.49236319202405926 -0.6582851060302258
-0.705292292993417 0.43564494906030515
-0.705292292993417 -0.43564494906030515
-0.8281993116294308 0.1497598123284524
-0.8281993116294308 -0.1497598123284524
-0.3801673719161056 0.7287205179389987
-0.3801673719161056 -0.7287205179389987
-0.1957047323272936 0.8110242774072386
-0.1957047323272936 -0.8110242774072386
-0.544600582743073 0.5890793871890038
-0.544600582743073 -0.5890793871890038
0.8390571327727482 0.0
0.6565345459622942 0.4709011345380672
0.6565345459622942 -0.4709011345380672
0.017532488938402063 0.8339149054442121
0.017532488938402063 -0.8339149054442121
-0.22923150215402305 0.7925713293575702
-0.22923150215402305 -0.7925713293575702
-0.612923702840912 0.5145992980569557
-0.612923702840912 -0.5145992980569557
-0.5363582001423943 0.5796567999389642
-0.5363582001423943 -0.5796567999389642
0.828493958369408 0.04081083228353961
0.828493958369408 -0.04081083228353961
0.5406929952690676 0.5556407197004696
0.5406929952690676 -0.5556407197004696
0.4926505658140661 0.5920228016914373
0.4926505658140661 -0.5920228016914373
-0.07393377154667455 0.8203717908091758
-0.07393377154667455 -0.8203717908091758
0.8001391978936554 0.19305563089855285
0.8001391978936554 -0.19305563089855285
0.19478473442816896 0.7883559515894236
0.19478473442816896 -0.7883559515894236
-0.7968801437375108 0.1694607908028431
-0.7968801437375108 -0.1694607908028431
-0.7789163204962248 0.22222058519249532
-0.7789163204962248 -0.22222058519249532
-0.8118976536622438 0.061447933206875346
-0.8118976536622438 -0.061447933206875346
0.7825667822847114 0.23304028530960863
0.7825667822847114 -0.23304028530960863
-0.46449989556706966 0.6309977016281775
-0.46449989556706966 -0.6309977016281775
-0.3250677163684548 0.7376660217138162
-0.3250677163684548 -0.7376660217138162
-0.8042925234651455 0.08926486597189762
-0.8042925234651455 -0.08926486597189762
-0.5003735185930176 0.5911640226561299
-0.5003735185930176 -0.5911640226561299
0.06044837171335722 0.8094656750646878
0.06044837171335722 -0.8094656750646878
0.15061910922416205 0.7915544199657734
0.15061910922416205 -0.7915544199657734
0.34746195846817324 0.7122537036250889
0.34746195846817324 -0.7122537036250889
-0.7977812842450916 0.0
-0.2993318935987485 0.744851211122022
-0.2993318935987485 -0.744851211122022
-0.34524754827276405 0.7133575516639021
-0.34524754827276405 -0.7133575516639021
0.43663456348162516 0.6370516808047395
0.43663456348162516 -0.6370516808047395
0.7939551333364347 0.05619673887282165
0.7939551333364347 -0.05619673887282165
0.5858452700027104 0.4866682376186771
0.5858452700027104 -0.4866682376186771
-0.6827101533024609 0.39507935935620137
-0.6827101533024609 -0.39507935935620137
0.32773499644294957 0.7044639498260241
0.32773499644294957 -0.7044639498260241
0.6187558309096971 0.45040847101497145
0.6187558309096971 -0.45040847101497145
-0.4250358044679369 0.6481376383018869
-0.4250358044679369 -0.6481376383018869
-0.7587721795407723 0.2188662938848828
-0.7587721795407723 -0.2188662938848828
-0.617103660358881 0.462392618674158
-0.617103660358881 -0.462392618674158
-0.5727845026714389 0.4922329988523826
-0.5727845026714389 -0.4922329988523826
-0.6430586572332163 0.3915922664568377
-0.6430586572332163 -0.3915922664568377
-0.7056504806668212 0.30690908191017024
-0.7056504806668212 -0.30690908191017024
-0.7277471935375333 0.25648716705605357
-0.7277471935375333 -0.25648716705605357
-0.6978487137109122 0.3104493233143434
-0.6978487137109122 -0.3104493233143434
0.6750790300515084 0.3535334996189446
0.6750790300515084 -0.3535334996189446
0.2254227608824414 0.7417065166993402
0.2254227608824414 -0.7417065166993402
0.48691703695459665 0.5756188229184975
0.48691703695459665 -0.5756188229184975
0.4533500232796133 0.6024196572242956
0.4533500232796133 -0.6024196572242956
0.3833629843522969 0.6461361960284242
0.3833629843522969 -0.6461361960284242
-0.7641774128194181 0.1036888198246325
-0.7641774128194181 -0.1036888198246325
-0.7583872974050165 0.11043541860171775
-0.7583872974050165 -0.11043541860171775
-0.41606521798374496 0.6081902548698979
-0.41606521798374496 -0.6081902548698979
-0.11936415901306963 0.7643912807587034
-0.11936415901306963 -0.7643912807587034
0.07348426121029095 0.7687294003210025
0.07348426121029095 -0.7687294003210025
-0.02572736128853536 0.7713802053521172
-0.02572736128853536 -0.7713802053521172
0.7020550932650346 0.30112885128675565
0.7020550932650346 -0.30112885128675565
0.7278308430429514 0.26005266768864993
0.7278308430429514 -0.26005266768864993
-0.293161669841814 0.6934735205403217
-0.293161669841814 -0.6934735205403217
0.009411585590713444 0.76732918306412
0.009411585590713444 -0.76732918306412
0.7669159742463232 0.12026945562688664
0.7669159742463232 -0.12026945562688664
-0.248486985822525 0.7166864296508931
-0.248486985822525 -0.7166864296508931
0.2005735208642111 0.7340766277470282
0.2005735208642111 -0.7340766277470282
0.7523503776501896 0.16465604190891012
0.7523503776501896 -0.16465604190891012
0.5504243173388708 0.4601271623933856
0.5504243173388708 -0.4601271623933856
0.49585600366448634 0.5120875026323448
0.49585600366448634 -0.5120875026323448
-0.7126844579495843 0.2132189585483381
-0.7126844579495843 -0.2132189585483381
-0.7108931889797065 0.15586389673448994
-0.7108931889797065 -0.15586389673448994
-0.5568479472758234 0.44197470835859104
-0.5568479472758234 -0.44197470835859104
-0.1901000638601264 0.7350829564334331
-0.1901000638601264 -0.7350829564334331
-0.34122597304069757 0.6503891049666364
-0.34122597304069757 -0.6503891049666364
-0.14531695182048357 0.7371382598251459
-0.14531695182048357 -0.7371382598251459
0.2816075842331025 0.6921103403935531
0.2816075842331025 -0.6921103403935531
0.7611046877464864 0.011578214093956438
0.7611046877464864 -0.011578214093956438
0.3685942260901055 0.6280933443512127
0.3685942260901055 -0.6280933443512127
0.23506251634003944 0.6994882424118003
0.23506251634003944 -0.6994882424118003
0.7008976864296392 0.2614140815975145
0.7008976864296392 -0.2614140815975145
0.6221521120540062 0.3724593869701111
0.6221521120540062 -0.3724593869701111
0.6475574795707988 0.3341533349903963
0.6475574795707988 -0.3341533349903963
-0.027768682621773316 0.7374093827765221
-0.027768682621773316 -0.7374093827765221
0.4621063895145452 0.5352734145148663
0.4621063895145452 -0.5352734145148663
0.7116691943953543 0.20584816400293462
0.7116691943953543 -0.20584816400293462
-0.11009948404803535 0.7211305904260823
-0.11009948404803535 -0.7211305904260823
-0.5344507802219529 0.46275869375202927
-0.5344507802219529 -0.46275869375202927
0.7174169641624708 0.17274295003009563
0.7174169641624708 -0.17274295003009563
0.3893955664120407 0.5753630760081336
0.3893955664120407 -0.5753630760081336
-0.7148390977238863 0.05173799449878871
-0.7148390977238863 -0.05173799449878871
-0.2433182484876761 0.6777577852320622
-0.2433182484876761 -0.6777577852320622
-0.6437910911185377 0.2876468043301532
-0.6437910911185377 -0.2876468043301532
-0.37936323108311565 0.5900352738755065
-0.37936323108311565 -0.5900352738755065
-0.4855321169891237 0.49958591589037704
-0.4855321169891237 -0.49958591589037704
0.565351175197099 0.40697805801651377
0.565351175197099 -0.40697805801651377
-0.5965097176550821 0.34261099520203586
-0.5965097176550821 -0.34261099520203586
-0.5566633034064146 0.41622480779512805
-0.5566633034064146 -0.41622480779512805
-0.4233885812569455 0.5422266293010446
-0.4233885812569455 -0.5422266293010446
-0.6966293058219513 0.0
0.027047043089658586 0.7163618747097787
0.027047043089658586 -0.7163618747097787
0.5154902830573798 0.4450814933398346
0.5154902830573798 -0.4450814933398346
0.7228005663877254 0.05787456055392191
0.7228005663877254 -0.05787456055392191
0.6697055631003708 0.2617873566314366
0.6697055631003708 -0.2617873566314366
-0.07055805160740644 0.7105028396349041
-0.07055805160740644 -0.7105028396349041
0.41582008278608873 0.5317125559898923
0.41582008278608873 -0.5317125559898923
0.07435714456161546 0.7052049045030969
0.07435714456161546 -0.7052049045030969
0.1101299841354476 0.6956633884790627
0.1101299841354476 -0.6956633884790627
-0.641260132322753 0.24836321993055535
-0.641260132322753 -0.24836321993055535
0.2536732274335013 0.6386206777789435
0.2536732274335013 -0.6386206777789435
0.16233909459470136 0.6793803362270114
0.16233909459470136 -0.6793803362270114
0.6940158546031903 0.13506885150573147
0.6940158546031903 -0.13506885150573147
-0.6032763554490939 0.30933353263759417
-0.6032763554490939 -0.30933353263759417
-0.6444766705159628 0.20854503185469025
-0.6444766705159628 -0.20854503185469025
0.6068856349684093 0.31009729138793896
0.6068856349684093 -0.31009729138793896
-0.5654632868872953 0.34862503561493247
-0.5654632868872953 -0.34862503561493247
-0.13448909936291584 0.6802050338561365
-0.13448909936291584 -0.6802050338561365
-0.18932564321588535 0.6621302918348188
-0.18932564321588535 -0.6621302918348188
-0.4641637348694348 0.47282305684009196
-0.4641637348694348 -0.47282305684009196
0.6740353309885796 0.1733062078445232
0.6740353309885796 -0.1733062078445232
-0.2604826628610678 0.6221280216203924
-0.2604826628610678 -0.6221280216203924
-0.391793998689125 0.5300043105345501
-0.391793998689125 -0.5300043105345501
-0.3185189227680971 0.5858699159862466
-0.3185189227680971 -0.5858699159862466
0.08902959254531476 0.6783664676281007
0.08902959254531476 -0.6783664676281007
0.6771199780906183 0.09164569579215381
0.6771199780906183 -0.09164569579215381
0.18120781356482438 0.6520569225153799
0.18120781356482438 -0.6520569225153799
0.02914488078113113 0.6767097956339105
0.02914488078113113 -0.6767097956339105
-0.07892125886116656 0.6691703789906105
-0.07892125886116656 -0.6691703789906105
-0.2780188457626811 0.593152822313468
-0.2780188457626811 -0.593152822313468
0.281903997960517 0.5983913279250844
0.281903997960517 -0.5983913279250844
0.3353402876248076 0.566476988565841
0.3353402876248076 -0.566476988565841
0.5236561746783386 0.38803316576909624
0.5236561746783386 -0.38803316576909624
-0.6360600618357326 0.1343275501294052
-0.6360600618357326 -0.1343275501294052
-0.6533936862038164 0.03555867351606354
-0.6533936862038164 -0.03555867351606354
0.4950374658506887 0.41493351608162155
0.4950374658506887 -0.41493351608162155
-0.6513606677975968 0.0513232483588161
-0.6513606677975968 -0.0513232483588161
-0.13003793980637687 0.6498715334857242
-0.13003793980637687 -0.6498715334857242
0.17348250465412074 0.6416815515845247
0.17348250465412074 -0.6416815515845247
-0.38313760042699274 0.4971408435374531
-0.38313760042699274 -0.4971408435374531
0.35030008326337264 0.529059856203408
0.35030008326337264 -0.529059856203408
0.43355161698230454 0.45257734568842894
0.43355161698230454 -0.45257734568842894
0.5864298498509987 0.28548198941206915
0.5864298498509987 -0.28548198941206915
0.6426994395361958 0.16014023062001767
0.6426994395361958 -0.16014023062001767
0.6130074448779912 0.23290033996876133
0.6130074448779912 -0.23290033996876133
-0.48228890808834796 0.3908978288621724
-0.48228890808834796 -0.3908978288621724
-0.46512404088876924 0.40868166906655523
-0.46512404088876924 -0.40868166906655523
-0.5117216190677119 0.3501734171400684
-0.5117216190677119 -0.3501734171400684
-0.5829413962051995 0.27557750682222437
-0.5829413962051995 -0.27557750682222437
-0.5930059145463191 0.24301960287148222
-0.5930059145463191 -0.24301960287148222
-0.633362879037262 0.08194930403376627
-0.633362879037262 -0.08194930403376627
-0.603681150907948 0.1435362327984349
-0.603681150907948 -0.1435362327984349
-0.5941067382182783 0.18985662482785082
-0.5941067382182783 -0.18985662482785082
-0.61665317536738 0.0
-0.033798126004432424 0.6346578947136685
-0.033798126004432424 -0.6346578947136685
-0.23613852714187356 0.5687819755436554
-0.23613852714187356 -0.5687819755436554
0.14963968769043207 0.6236156741176753
0.14963968769043207 -0.6236156741176753
0.6546181818602554 0.0
-0.3294768850644158 0.5054336230270461
-0.3294768850644158 -0.5054336230270461
-0.41199080001574107 0.43156993981878505
-0.41199080001574107 -0.43156993981878505
-0.49622642751854207 0.334306351532003
-0.49622642751854207 -0.334306351532003
0.18823370305233264 0.6077915182828294
0.18823370305233264 -0.6077915182828294
0.24447672153527963 0.5735580241964782
0.24447672153527963 -0.5735580241964782
0.6379036770135587 0.08741862939800153
0.6379036770135587 -0.08741862939800153
0.6018812423767161 0.21017741557729172
0.6018812423767161 -0.21017741557729172
0.34968999756635744 0.5027840533711223
0.34968999756635744 -0.5027840533711223
0.5279393766361503 0.33182758982754895
0.5279393766361503 -0.33182758982754895
-0.11549072295099469 0.5946038363550501
-0.11549072295099469 -0.5946038363550501
0.4962197886302478 0.3410380289888751
0.4962197886302478 -0.3410380289888751
0.21499893180254404 0.5714003095551784
0.21499893180254404 -0.5714003095551784
0.36999448011632025 0.4601811361676689
0.36999448011632025 -0.4601811361676689
0.6145659602854767 0.062252506208783885
0.6145659602854767 -0.062252506208783885
0.5433505677046717 0.26531349039084196
0.5433505677046717 -0.26531349039084196
0.5219693436861756 0.2864405224955211
0.5219693436861756 -0.2864405224955211
-0.07821296182426918 0.5988460697642088
-0.07821296182426918 -0.5988460697642088
-0.6006159165446532 0.034752509055859665
-0.6006159165446532 -0.034752509055859665
-0.4540135591325424 0.3538137734961947
-0.4540135591325424 -0.3538137734961947
0.4048947779492225 0.4140832230801881
0.4048947779492225 -0.4140832230801881
0.5851068351368451 0.14727546885381018
0.5851068351368451 -0.14727546885381018
0.0004725322611847415 0.5972728097430257
0.0004725322611847415 -0.5972728097430257
-0.14230082997782023 0.5746431396533384
-0.14230082997782023 -0.5746431396533384
-0.3758002248666244 0.42145604687876503
-0.3758002248666244 -0.42145604687876503
0.11631657464161144 0.5827561925722653
0.11631657464161144 -0.5827561925722653
-0.41234859442367633 0.3803092141146284
-0.41234859442367633 -0.3803092141146284
0.31157246250461945 0.4733494864970449
0.31157246250461945 -0.4733494864970449
0.32863425980322586 0.4498413430861483
0.32863425980322586 -0.4498413430861483
-0.09630010962464282 0.5752292463937893
-0.09630010962464282 -0.5752292463937893
0.2359583621063392 0.5343901899088783
0.2359583621063392 -0.5343901899088783
-0.532058091903866 0.20235171953374767
-0.532058091903866 -0.20235171953374767
-0.5483605367861827 0.10842140686957477
-0.5483605367861827 -0.10842140686957477
-0.19504394050840085 0.5365078968930812
-0.19504394050840085 -0.5365078968930812
-0.3206691934347969 0.4533412504189186
-0.3206691934347969 -0.4533412504189186
0.020025549601219106 0.5775202854860139
0.020025549601219106 -0.5775202854860139
-0.24830113078440574 0.4998622988124503
-0.24830113078440574 -0.4998622988124503
-0.5027367155777214 0.21987464512527016
-0.5027367155777214 -0.21987464512527016
-0.36131087273857554 0.40301692217594365
-0.36131087273857554 -0.40301692217594365
-0.4561911440944377 0.28937252907663163
-0.4561911440944377 -0.28937252907663163
-0.40666546604963716 0.33182927055254274
-0.40666546604963716 -0.33182927055254274
0.3873019945082712 0.3895343979360918
0.3873019945082712 -0.3895343979360918
0.1119821080540769 0.5382360588983035
0.1119821080540769 -0.5382360588983035
0.5800490296322977 0.0
0.5510194897741121 0.14963704976051678
0.5510194897741121 -0.14963704976051678
0.42440041275690066 0.333849034737391
0.42440041275690066 -0.333849034737391
0.1709926481829641 0.512783424395133
0.1709926481829641 -0.512783424395133
0.5529105664969927 0.0695946690476604
0.5529105664969927 -0.0695946690476604
0.5561813622064823 0.041569743405835934
0.5561813622064823 -0.041569743405835934
0.2149570774954561 0.49082255157856974
0.2149570774954561 -0.49082255157856974
-0.07151332429623983 0.535708920557673
-0.07151332429623983 -0.535708920557673
0.5174566146640706 0.17195319850644997
0.5174566146640706 -0.17195319850644997
0.44962425985975163 0.27293647706418384
0.44962425985975163 -0.27293647706418384
0.5176921865960529 0.13262516690328124
0.5176921865960529 -0.13262516690328124
0.29349547707978196 0.4317377367055554
0.29349547707978196 -0.4317377367055554
-0.5338466202214935 0.0
-0.1392267823990584 0.5034533097835114
-0.1392267823990584 -0.5034533097835114
-0.488383526182969 0.15996419349866178
-0.488383526182969 -0.15996419349866178
-0.5080649209487755 0.09683239969277573
-0.5080649209487755 -0.09683239969277573
-0.23238782393803273 0.4482927577655852
-0.23238782393803273 -0.4482927577655852
-0.17573158785353868 0.4815826774552303
-0.17573158785353868 -0.4815826774552303
0.4705723730592962 0.20629723767081842
0.4705723730592962 -0.20629723767081842
0.42019178573601024 0.28608517764885294
0.42019178573601024 -0.28608517764885294
0.05672364168767355 0.5113868312546405
0.05672364168767355 -0.5113868312546405
-0.20035570226682622 0.4611580180958515
-0.20035570226682622 -0.4611580180958515
-0.5151176063934791 0.02844793018222168
-0.5151176063934791 -0.02844793018222168
0.2670929599387007 0.41915843376967843
0.2670929599387007 -0.41915843376967843
-0.43415667588444173 0.2438608590753191
-0.43415667588444173 -0.2438608590753191
0.3859908065644147 0.3034764231180283
0.3859908065644147 -0.3034764231180283
-0.4471397155726003 0.21256460361242893
-0.4471397155726003 -0.21256460361242893
-0.3130536269428663 0.3676569479607894
-0.3130536269428663 -0.3676569479607894
-0.3601606222563613 0.32844992238114945
-0.3601606222563613 -0.32844992238114945
-0.5053149128736752 0.0
0.481715966324606 0.1237928043205901
0.481715966324606 -0.1237928043205901
0.34227754165575175 0.333221030598983
0.34227754165575175 -0.333221030598983
-0.27603593631430334 0.3726214863736798
-0.27603593631430334 -0.3726214863736798
-0.14182494709192378 0.47705464745440357
-0.14182494709192378 -0.47705464745440357
0.16734248823715633 0.4603374482498889
0.16734248823715633 -0.4603374482498889
0.2686216158204021 0.371173349577814
0.2686216158204021 -0.371173349577814
0.010994595778405862 0.4938167697277571
0.010994595778405862 -0.4938167697277571
-0.08603220645244695 0.47780579871148954
-0.08603220645244695 -0.47780579871148954
0.03682985395522275 0.4871387855172812
0.03682985395522275 -0.4871387855172812
0.11366098203385906 0.47290716884043515
0.11366098203385906 -0.47290716884043515
-0.04016845377543217 0.4767357562499927
-0.04016845377543217 -0.4767357562499927
-0.16354700051474885 0.44013586507502644
-0.16354700051474885 -0.44013586507502644
0.47787646568817366 0.0898413483098947
0.47787646568817366 -0.0898413483098947
0.20952155776129155 0.4163005880465439
0.20952155776129155 -0.4163005880465439
-0.1778168710322558 0.42053056640777253
-0.1778168710322558 -0.42053056640777253
-0.4500421562865468 0.13425191720488414
-0.4500421562865468 -0.13425191720488414
-0.47141952454471925 0.0
0.4788948919051874 0.0
-0.3127089323652139 0.31635917759158105
-0.3127089323652139 -0.31635917759158105
-0.3544393656283005 0.27588197568154743
-0.3544393656283005 -0.27588197568154743
-0.2163811134974476 0.3821664808988448
-0.2163811134974476 -0.3821664808988448
-0.449813506960981 0.07175338632570917
-0.449813506960981 -0.07175338632570917
0.46663235895875255 0.0
0.2785275688170406 0.33096961670950287
0.2785275688170406 -0.33096961670950287
0.409781657170495 0.1857067015236082
0.409781657170495 -0.1857067015236082
0.4447900587591613 0.0
0.19460609763194167 0.39034254546541863
0.19460609763194167 -0.39034254546541863
0.38798279898762367 0.21811393824925573
0.38798279898762367 -0.21811393824925573
-0.0017510103662172023 0.4578023226744568
-0.0017510103662172023 -0.4578023226744568
-0.38885038798699945 0.20125499082525633
-0.38885038798699945 -0.20125499082525633
0.42078050298064446 0.15090596665685208
0.42078050298064446 -0.15090596665685208
-0.4190845619708179 0.13672343550807267
-0.4190845619708179 -0.13672343550807267
-0.34122243692726695 0.2467515700465816
-0.34122243692726695 -0.2467515700465816
0.05449714738812863 0.4482799130262614
0.05449714738812863 -0.4482799130262614
0.35371792877742714 0.24209021301568262
0.35371792877742714 -0.24209021301568262
0.4282749225383974 0.11275446264952757
0.4282749225383974 -0.11275446264952757
-0.44010438271494534 0.05068908425090307
-0.44010438271494534 -0.05068908425090307
0.15118846491461008 0.4133354880401767
0.15118846491461008 -0.4133354880401767
-0.2422571417324483 0.3291677797150018
-0.2422571417324483 -0.3291677797150018
0.41986634558186325 0.02861906793012918
0.41986634558186325 -0.02861906793012918
0.4116064178332637 0.0765098911479852
0.4116064178332637 -0.0765098911479852
0.13385388084107525 0.38877222440145
0.13385388084107525 -0.38877222440145
-0.2688841246406377 0.28405676763683296
-0.2688841246406377 -0.28405676763683296
-0.08100820321770624 0.3947627165856981
-0.08100820321770624 -0.3947627165856981
0.2201215303280589 0.3371052453401158
0.2201215303280589 -0.3371052453401158
-0.3592851161591916 0.17367139227438666
-0.3592851161591916 -0.17367139227438666
-0.13915475826476367 0.36246466800699156
-0.13915475826476367 -0.36246466800699156
0.06546628832484364 0.3933684383457601
0.06546628832484364 -0.3933684383457601
0.35064897957930863 0.19076442927532286
0.35064897957930863 -0.19076442927532286
0.264532210506795 0.2901941506358845
0.264532210506795 -0.2901941506358845
-0.19087420996222124 0.32434222352557385
-0.19087420996222124 -0.32434222352557385
0.3027513250771733 0.23449010205167242
0.3027513250771733 -0.23449010205167242
-0.002800958194152013 0.3855960208619568
-0.002800958194152013 -0.3855960208619568
0.030956274218544834 0.38005130224953687
0.030956274218544834 -0.38005130224953687
-0.39714827239702677 0.03287905794052822
-0.39714827239702677 -0.03287905794052822
0.3499694000699476 0.15121541708041836
0.3499694000699476 -0.15121541708041836
0.2972971925780612 0.2157519550559749
0.2972971925780612 -0.2157519550559749
0.157164496309057 0.32935575692064983
0.157164496309057 -0.32935575692064983
-0.27460916078354414 0.21139382813209956
-0.27460916078354414 -0.21139382813209956
-0.3471751414230587 0.11349312587341263
-0.3471751414230587 -0.11349312587341263
0.2418777122493601 0.2594218466978282
0.2418777122493601 -0.2594218466978282
-0.3304913350297397 0.13969454319788135
-0.3304913350297397 -0.13969454319788135
0.32670174480035574 0.11946462549962432
0.32670174480035574 -0.11946462549962432
-0.3579991733534177 0.06028078717020704
-0.3579991733534177 -0.06028078717020704
-0.31224213018150676 0.14136810033246605
-0.31224213018150676 -0.14136810033246605
-0.16605042375799478 0.28568865927872494
-0.16605042375799478 -0.28568865927872494
-0.20901877840489258 0.25465292201158113
-0.20901877840489258 -0.25465292201158113
0.27471525215635156 0.18417366813168567
0.27471525215635156 -0.18417366813168567
0.25970182414917387 0.2026353517617078
0.25970182414917387 -0.2026353517617078
-0.07688295254013817 0.34620151423533235
-0.07688295254013817 -0.34620151423533235
0.35155704548668343 0.017723354496806336
0.35155704548668343 -0.017723354496806336
-0.13960925546418784 0.29822353802493534
-0.13960925546418784 -0.29822353802493534
0.15441277913464474 0.27350347161371397
0.15441277913464474 -0.27350347161371397
-0.2801842112756894 0.14351533824800544
-0.2801842112756894 -0.14351533824800544
-0.009930986141791697 0.3398786260960049
-0.009930986141791697 -0.3398786260960049
-0.16701355479564822 0.2582589632118213
-0.16701355479564822 -0.2582589632118213
-0.3287344394060356 0.0
0.31008964738161765 0.0
0.2940190905076863 0.10192699299524487
0.2940190905076863 -0.10192699299524487
0.05115345972465543 0.3099165386589687
0.05115345972465543 -0.3099165386589687
0.10678808460679133 0.2810761102371178
0.10678808460679133 -0.2810761102371178
0.0018478516244166635 0.312872935808224
0.0018478516244166635 -0.312872935808224
0.208154635922133 0.2029497291567912
0.208154635922133 -0.2029497291567912
-0.2627400812895871 0.09502641686262425
-0.2627400812895871 -0.09502641686262425
0.2624634679620025 0.10246965225385882
0.2624634679620025 -0.10246965225385882
-0.07264983379506791 0.2861728765941977
-0.07264983379506791 -0.2861728765941977
-0.2842413591169608 0.0035903552172693864
-0.2842413591169608 -0.0035903552172693864
0.2615608026096943 0.06340674597636572
0.2615608026096943 -0.06340674597636572
0.27369321151748544 0.0
-0.20685318141241854 0.17482382061688023
-0.20685318141241854 -0.17482382061688023
-0.21908009563784092 0.14542050805448362
-0.21908009563784092 -0.14542050805448362
0.23408802225406206 0.0
-0.06490710800508043 0.2580788024091902
-0.06490710800508043 -0.2580788024091902
0.14907620380906622 0.19393631258273564
0.14907620380906622 -0.19393631258273564
0.19650531239658603 0.13178466630195684
0.19650531239658603 -0.13178466630195684
0.08847424439303922 0.23745542368813322
0.08847424439303922 -0.23745542368813322
-0.08887678670911109 0.24151328653254317
-0.08887678670911109 -0.24151328653254317
0.12025544637404134 0.21290517513269303
0.12025544637404134 -0.21290517513269303
-0.18291347065510047 0.14769190435925128
-0.18291347065510047 -0.14769190435925128
-0.14590823024367233 0.18128275294433002
-0.14590823024367233 -0.18128275294433002
0.01185301855790378 0.2438090268371349
0.01185301855790378 -0.2438090268371349
0.16127085492532575 0.14911272540255568
0.16127085492532575 -0.14911272540255568
-0.10710896543194168 0.20382075703309066
-0.10710896543194168 -0.20382075703309066
-0.21470351512521813 0.006756963123043969
-0.21470351512521813 -0.006756963123043969
-0.04485897380450155 0.2058578314271348
-0.04485897380450155 -0.2058578314271348
0.19780923515635151 0.0
-0.132553884672327 0.11936740590438007
-0.132553884672327 -0.11936740590438007
-0.17032664073503 0.0241338607096832
-0.17032664073503 -0.0241338607096832
0.02440541500362254 0.189789732889009
0.02440541500362254 -0.189789732889009
0.05661780580336029 0.19145646960744356
0.05661780580336029 -0.19145646960744356
0.1448096779309202 0.032407012567903695
0.1448096779309202 -0.032407012567903695
-0.036456075286161925 0.14901094303067117
-0.036456075286161925 -0.14901094303067117
0.10601826634298964 0.10002017603827751
0.10601826634298964 -0.10002017603827751
-0.11529335547838607 0.08306838853985346
-0.11529335547838607 -0.08306838853985346
0.08399864990821024 0.13745667411817758
0.08399864990821024 -0.13745667411817758
0.038976985987273234 0.15184583389019438
0.038976985987273234 -0.15184583389019438
0.07168945980112214 0.13990368936593492
0.07168945980112214 -0.13990368936593492
0.12279214937587073 0.0
-0.06740784922225844 0.11773630901864879
-0.06740784922225844 -0.11773630901864879
-0.11997815877632308 0.0
-0.0820375495916697 0.06232309934023034
-0.0820375495916697 -0.06232309934023034
-0.09518976442506855 0.03377747100997887
-0.09518976442506855 -0.03377747100997887
0.10849835537695858 0.0
0.0887964437494444 0.031239479347411968
0.0887964437494444 -0.031239479347411968
0.059378402770119396 0.05970690091479532
0.059378402770119396 -0.05970690091479532
0.0479463111630629 0.0
-0.023941761899339123 0.052464452651474196
-0.023941761899339123 -0.052464452651474196
0.009095311839988698 0.038318698143239606
0.009095311839988698 -0.038318698143239606
-0.03537944387870944 0.008770566975969514
-0.03537944387870944 -0.008770566975969514
