1.886621046076452 0.20724365850812151
1.886621046076452 -0.20724365850812151
-1.3068085195776085 1.02844392762908
-1.3068085195776085 -1.02844392762908
-0.29444713197071704 1.23172800694651
-0.29444713197071704 -1.23172800694651
-0.5685040606930665 0.9851697098181339
-0.5685040606930665 -0.9851697098181339
-0.684611937456073 0.860086988940285
-0.684611937456073 -0.860086988940285
0.2557326694076665 1.0511307849929248
0.2557326694076665 -1.0511307849929248
-0.8944662719752414 0.5642942857247157
-0.8944662719752414 -0.5642942857247157
-1.0146149037717995 0.3309479312962141
-1.0146149037717995 -0.3309479312962141
0.6624348208694242 0.7876322671916866
0.6624348208694242 -0.7876322671916866
-1.0193496495200085 0.1246747803336754
-1.0193496495200085 -0.1246747803336754
-0.7432364361505861 0.6860124603082826
-0.7432364361505861 -0.6860124603082826
-1.0110597665776322 0.025121903012104204
-1.0110597665776322 -0.025121903012104204
-0.37923171199322414 0.9360621536000713
-0.37923171199322414 -0.9360621536000713
-0.6112405324659558 0.7816550284413507
-0.6112405324659558 -0.7816550284413507
-0.8016486627060097 0.5533325348181349
-0.8016486627060097 -0.5533325348181349
-0.9334702390528793 0.3191004958992548
-0.9334702390528793 -0.3191004958992548
0.22294326962119118 0.9884332472567039
0.22294326962119118 -0.9884332472567039
-0.9622264945253778 0.1842559135542293
-0.9622264945253778 -0.1842559135542293
-0.4871074237933524 0.8529205644759393
-0.4871074237933524 -0.8529205644759393
-0.22456610491174428 0.968121097504251
-0.22456610491174428 -0.968121097504251
-0.1520412295721847 0.9868547702634506
-0.1520412295721847 -0.9868547702634506
-0.6744013917413023 0.6778513243127704
-0.6744013917413023 -0.6778513243127704
-0.5760785442550307 0.7697598452539283
-0.5760785442550307 -0.7697598452539283
-0.12786424713001976 0.9850991209841582
-0.12786424713001976 -0.9850991209841582
0.040800988022301005 1.0009149516080518
0.040800988022301005 -1.0009149516080518
-0.7281488235363965 0.6136669940912266
-0.7281488235363965 -0.6136669940912266
-0.0166538455736679 0.9965816987174126
-0.0166538455736679 -0.9965816987174126
-0.9322998395297525 0.27253849972660393
-0.9322998395297525 -0.27253849972660393
-0.3206176332658993 0.913407145909034
-0.3206176332658993 -0.913407145909034
0.1314696694774911 0.983738447825793
0.1314696694774911 -0.983738447825793
-0.4918675103240238 0.8104125365796213
-0.4918675103240238 -0.8104125365796213
0.4069879386469152 0.9033600595813303
0.4069879386469152 -0.9033600595813303
0.7698494920757 0.656643464215406
0.7698494920757 -0.656643464215406
0.49017314709974036 0.8616823112357012
0.49017314709974036 -0.8616823112357012
0.9824359841484009 0.2675365073796969
0.9824359841484009 -0.2675365073796969
0.5402696527643555 0.8288938289953983
0.5402696527643555 -0.8288938289953983
0.42923275508340786 0.8822720099241359
0.42923275508340786 -0.8822720099241359
0.9991788922789697 0.031745298342044447
0.9991788922789697 -0.031745298342044447
0.25427167605599454 0.9295183313832646
0.25427167605599454 -0.9295183313832646
0.6228812521677127 0.7361252941084574
0.6228812521677127 -0.7361252941084574
0.8865420833566895 0.41527523155584867
0.8865420833566895 -0.41527523155584867
0.8405544872261843 0.49785688666853245
0.8405544872261843 -0.49785688666853245
0.58855178822527 0.7514359276325847
0.58855178822527 -0.7514359276325847
0.7347988961696705 0.6287439742417686
0.7347988961696705 -0.6287439742417686
0.5565854109151375 0.7707649272159559
0.5565854109151375 -0.7707649272159559
0.4578788512303268 0.8375582750866869
0.4578788512303268 -0.8375582750866869
0.6749772103818799 0.6644382440033016
0.6749772103818799 -0.6644382440033016
0.9715281326611731 0.09773695809790606
0.9715281326611731 -0.09773695809790606
0.8121045535379523 0.5105830617845152
0.8121045535379523 -0.5105830617845152
0.9349288587024609 0.2537026439962893
0.9349288587024609 -0.2537026439962893
-0.6701233488932152 0.6429487689515353
-0.6701233488932152 -0.6429487689515353
0.7377815749942714 0.5830033534890124
0.7377815749942714 -0.5830033534890124
0.7568325812332919 0.5553417314217578
0.7568325812332919 -0.5553417314217578
0.7903533852903012 0.5044510940299489
0.7903533852903012 -0.5044510940299489
0.9401331985609949 0.14843433686273608
0.9401331985609949 -0.14843433686273608
0.8710870424421483 0.36632134211722583
0.8710870424421483 -0.36632134211722583
0.6063461925241789 0.68057979866538
0.6063461925241789 -0.68057979866538
-0.0330622453687651 0.9488975611911176
-0.0330622453687651 -0.9488975611911176
-0.9563203285261638 0.11855162948204433
-0.9563203285261638 -0.11855162948204433
-0.962183853486532 0.0
0.2867182986296587 0.8921217767726176
0.2867182986296587 -0.8921217767726176
-0.8606048108028969 0.3960117291974463
-0.8606048108028969 -0.3960117291974463
-0.8037191556295551 0.48780052287941833
-0.8037191556295551 -0.48780052287941833
-0.8321867918025899 0.44048376394768746
-0.8321867918025899 -0.44048376394768746
-0.357864010178331 0.8675498260614586
-0.357864010178331 -0.8675498260614586
-0.5323254051664054 0.7472495531154022
-0.5323254051664054 -0.7472495531154022
-0.5857197912321076 0.6987899915532328
-0.5857197912321076 -0.6987899915532328
-0.7089050532011041 0.573259696804317
-0.7089050532011041 -0.573259696804317
-0.4502250542032893 0.81329919246853
-0.4502250542032893 -0.81329919246853
-0.7403677945276899 0.5290998465655407
-0.7403677945276899 -0.5290998465655407
-0.591091240171131 0.6808371273692726
-0.591091240171131 -0.6808371273692726
0.3849033638902929 0.8470859284383987
0.3849033638902929 -0.8470859284383987
0.8949524990032404 0.27907336257919746
0.8949524990032404 -0.27907336257919746
0.9155153347952727 0.2236884862549625
0.9155153347952727 -0.2236884862549625
0.931306310069411 0.0
0.9223099313199143 0.1580242081972515
0.9223099313199143 -0.1580242081972515
0.9282672463154673 0.09026734999183818
0.9282672463154673 -0.09026734999183818
-0.18785741408611167 0.9191314153982995
-0.18785741408611167 -0.9191314153982995
-0.14985993471179782 0.92504671298155
-0.14985993471179782 -0.92504671298155
0.12727926940467382 0.9247958047528269
0.12727926940467382 -0.9247958047528269
0.6756915578884521 0.591600712976151
0.6756915578884521 -0.591600712976151
0.7454421731820309 0.5129694627124484
0.7454421731820309 -0.5129694627124484
0.33377557800299673 0.841114944429235
0.33377557800299673 -0.841114944429235
-0.8764670637960437 0.3202772201372902
-0.8764670637960437 -0.3202772201372902
-0.901016300441174 0.25104760644184876
-0.901016300441174 -0.25104760644184876
0.04058412274422893 0.918968997631247
0.04058412274422893 -0.918968997631247
0.08310920973886118 0.9131223124750939
0.08310920973886118 -0.9131223124750939
-0.013049994460803648 0.916978289586781
-0.013049994460803648 -0.916978289586781
-0.9178768555950872 0.17292579052853885
-0.9178768555950872 -0.17292579052853885
-0.33579469774793463 0.8423452614016324
-0.33579469774793463 -0.8423452614016324
-0.7763114727820652 0.46647459095143984
-0.7763114727820652 -0.46647459095143984
-0.929693190531937 0.02692732272863488
-0.929693190531937 -0.02692732272863488
0.19125590810509707 0.886988567404955
0.19125590810509707 -0.886988567404955
-0.8283619679188808 0.37242691420223095
-0.8283619679188808 -0.37242691420223095
-0.7438989844104655 0.4940588273217413
-0.7438989844104655 -0.4940588273217413
0.5986801072123111 0.6585998899334425
0.5986801072123111 -0.6585998899334425
0.5183901906131414 0.72409770710441
0.5183901906131414 -0.72409770710441
-0.24695655026740043 0.8634421862926633
-0.24695655026740043 -0.8634421862926633
-0.4007404820048275 0.7984653232155742
-0.4007404820048275 -0.7984653232155742
-0.8643334692997844 0.2903222904078128
-0.8643334692997844 -0.2903222904078128
-0.6195922111997436 0.6160290253327398
-0.6195922111997436 -0.6160290253327398
0.8927597772719711 0.0
0.8109302872614006 0.3943845969356039
0.8109302872614006 -0.3943845969356039
0.2329209496932978 0.866042544871723
0.2329209496932978 -0.866042544871723
0.5499503512999899 0.6846971641536653
0.5499503512999899 -0.6846971641536653
0.46863506957217427 0.743954807066149
0.46863506957217427 -0.743954807066149
0.6405058698360648 0.584105880445624
0.6405058698360648 -0.584105880445624
-0.6716913707085432 0.5538056038238044
-0.6716913707085432 -0.5538056038238044
-0.6690523465280103 0.5506336791141891
-0.6690523465280103 -0.5506336791141891
-0.5489485274232784 0.6619868336824596
-0.5489485274232784 -0.6619868336824596
-0.28820679081736006 0.8384246685358434
-0.28820679081736006 -0.8384246685358434
0.326768395217904 0.821030733529829
0.326768395217904 -0.821030733529829
0.4183164693611604 0.7677604981983348
0.4183164693611604 -0.7677604981983348
0.8989609554287996 0.09753508928055096
0.8989609554287996 -0.09753508928055096
0.7748367571845163 0.4326472780044349
0.7748367571845163 -0.4326472780044349
0.8519866634582836 0.2706119813110998
0.8519866634582836 -0.2706119813110998
0.8372612044127568 0.3008664833854563
0.8372612044127568 -0.3008664833854563
0.8001508021820886 0.3775199007566128
0.8001508021820886 -0.3775199007566128
0.08196415034152726 0.883231200181219
0.08196415034152726 -0.883231200181219
-0.09040436086489397 0.8849748273126369
-0.09040436086489397 -0.8849748273126369
-0.18024471004078335 0.867588482835931
-0.18024471004078335 -0.867588482835931
0.6993484475315146 0.5027278481514693
0.6993484475315146 -0.5027278481514693
-0.8311843920420775 0.32616145615497266
-0.8311843920420775 -0.32616145615497266
-0.10934659652406942 0.8731089292141109
-0.10934659652406942 -0.8731089292141109
0.20080026753111951 0.8472212238225677
0.20080026753111951 -0.8472212238225677
-0.4934822862243584 0.7091520713479682
-0.4934822862243584 -0.7091520713479682
-0.887308550172019 0.12528713346639084
-0.887308550172019 -0.12528713346639084
-0.35414587020801114 0.7953166874794362
-0.35414587020801114 -0.7953166874794362
-0.8553954912975319 0.2322148874745737
-0.8553954912975319 -0.2322148874745737
-0.7598231558443084 0.41547136832725884
-0.7598231558443084 -0.41547136832725884
-0.4571932593315298 0.7226837327856156
-0.4571932593315298 -0.7226837327856156
0.5228079115419212 0.6715382504861853
0.5228079115419212 -0.6715382504861853
-0.4073262548754097 0.7552944891564917
-0.4073262548754097 -0.7552944891564917
0.4837114472300096 0.6994598263272088
0.4837114472300096 -0.6994598263272088
-0.8679121944485788 0.16179460152973194
-0.8679121944485788 -0.16179460152973194
-0.6144854045874646 0.5745302280333375
-0.6144854045874646 -0.5745302280333375
0.8822812123495953 0.0
0.10690873755064567 0.8553507857118581
0.10690873755064567 -0.8553507857118581
0.858813775643956 0.1638281029275114
0.858813775643956 -0.1638281029275114
0.3750165440905393 0.7598431025987095
0.3750165440905393 -0.7598431025987095
0.3381517791740487 0.7703650962822818
0.3381517791740487 -0.7703650962822818
0.6175806181061774 0.5697069668359691
0.6175806181061774 -0.5697069668359691
0.7234013261079808 0.4322641872520427
0.7234013261079808 -0.4322641872520427
-0.8720351528060568 0.0
-0.17105863022556456 0.8272959607720406
-0.17105863022556456 -0.8272959607720406
-0.8149624627339378 0.2571179075373095
-0.8149624627339378 -0.2571179075373095
-0.4470463193074488 0.6983132030442739
-0.4470463193074488 -0.6983132030442739
-0.25079736190207835 0.8014110595885433
-0.25079736190207835 -0.8014110595885433
-0.7417702368257569 0.3886189171028597
-0.7417702368257569 -0.3886189171028597
-0.5109607868565937 0.6395548040952634
-0.5109607868565937 -0.6395548040952634
0.8423470651557513 0.10597311569404025
0.8423470651557513 -0.10597311569404025
0.39985916166812036 0.7220040105001977
0.39985916166812036 -0.7220040105001977
-0.6991127082496478 0.4407604241563483
-0.6991127082496478 -0.4407604241563483
0.7582916662311247 0.34564096681600537
0.7582916662311247 -0.34564096681600537
0.5672172793111177 0.5735034408138191
0.5672172793111177 -0.5735034408138191
0.6768554143128662 0.4504749262625273
0.6768554143128662 -0.4504749262625273
-0.5236309598869211 0.6176736609390079
-0.5236309598869211 -0.6176736609390079
0.2954100756420276 0.7770680558874327
0.2954100756420276 -0.7770680558874327
0.1393485506966759 0.8246999224474555
0.1393485506966759 -0.8246999224474555
-0.04063596888015926 0.8340437591828025
-0.04063596888015926 -0.8340437591828025
-0.21364583845192137 0.8081559992392043
-0.21364583845192137 -0.8081559992392043
-0.32974814795481255 0.7632540134627904
-0.32974814795481255 -0.7632540134627904
-0.3824643261401408 0.7306994934651356
-0.3824643261401408 -0.7306994934651356
-0.5667598443765893 0.5647349554271869
-0.5667598443765893 -0.5647349554271869
-0.48515159463511265 0.6388846525780432
-0.48515159463511265 -0.6388846525780432
0.520921889181101 0.6016155434525747
0.520921889181101 -0.6016155434525747
-0.6669374734417473 0.45683366492679467
-0.6669374734417473 -0.45683366492679467
-0.7611985444010723 0.33106437355494295
-0.7611985444010723 -0.33106437355494295
-0.7035493021667893 0.41439514245185477
-0.7035493021667893 -0.41439514245185477
-0.14295382775809623 0.8084621723369358
-0.14295382775809623 -0.8084621723369358
0.8200163011991644 0.17619065187183847
0.8200163011991644 -0.17619065187183847
0.09733770911029868 0.8150646105239738
0.09733770911029868 -0.8150646105239738
-0.01704798575195446 0.8198640223625173
-0.01704798575195446 -0.8198640223625173
-0.841002218510214 0.04881612264106225
-0.841002218510214 -0.04881612264106225
0.052180033240296284 0.8155423817517173
0.052180033240296284 -0.8155423817517173
0.7193838966878846 0.3843782476557009
0.7193838966878846 -0.3843782476557009
-0.8246102809887919 0.09082950207205033
-0.8246102809887919 -0.09082950207205033
-0.616781426851873 0.4986682063347443
-0.616781426851873 -0.4986682063347443
-0.7979038214971366 0.20172858438660815
-0.7979038214971366 -0.20172858438660815
0.8039015880043585 0.1863292101883984
0.8039015880043585 -0.1863292101883984
0.7879411735454271 0.22227905848893484
0.7879411735454271 -0.22227905848893484
-0.6385927568697825 0.45393886004226314
-0.6385927568697825 -0.45393886004226314
0.759316392178903 0.28468073212696765
0.759316392178903 -0.28468073212696765
0.4574172648005181 0.639623948864378
0.4574172648005181 -0.639623948864378
0.6400423655302055 0.4603870792902156
0.6400423655302055 -0.4603870792902156
-0.8183607340633599 0.04841436347027006
-0.8183607340633599 -0.04841436347027006
0.46580334006295304 0.620080680918065
0.46580334006295304 -0.620080680918065
0.5988156971463524 0.49403088109083937
0.5988156971463524 -0.49403088109083937
0.006100186722430985 0.8038377028603725
0.006100186722430985 -0.8038377028603725
0.5711029793793055 0.5194301430521789
0.5711029793793055 -0.5194301430521789
-0.7684959201823907 0.25462873019323173
-0.7684959201823907 -0.25462873019323173
0.8214294446755708 0.0
0.22905722522261818 0.7594001242836022
0.22905722522261818 -0.7594001242836022
-0.19233636373838725 0.7718946993097089
-0.19233636373838725 -0.7718946993097089
0.8100154569530134 0.046383997538595935
0.8100154569530134 -0.046383997538595935
0.588884029572984 0.4829678425713274
0.588884029572984 -0.4829678425713274
0.7058936499650528 0.3518890720011348
0.7058936499650528 -0.3518890720011348
0.34483095619785864 0.6997475209849718
0.34483095619785864 -0.6997475209849718
0.39114898495798317 0.6654569259694916
0.39114898495798317 -0.6654569259694916
0.1230668987237863 0.7759149710782463
0.1230668987237863 -0.7759149710782463
-0.30208643332665935 0.723746968648202
-0.30208643332665935 -0.723746968648202
0.4290172059505647 0.6310210369898345
0.4290172059505647 -0.6310210369898345
0.1710980228062246 0.7594537279747305
0.1710980228062246 -0.7594537279747305
0.24078175596962623 0.7363330536871723
0.24078175596962623 -0.7363330536871723
-0.790473319562194 0.0
-0.06629472131633572 0.7805306817476138
-0.06629472131633572 -0.7805306817476138
-0.7167126142043585 0.3154835875048327
-0.7167126142043585 -0.3154835875048327
0.6212826782320848 0.44175408192289073
0.6212826782320848 -0.44175408192289073
-0.26240896114936907 0.7292214532370491
-0.26240896114936907 -0.7292214532370491
-0.7801900036767648 0.11075696757333307
-0.7801900036767648 -0.11075696757333307
-0.7476956261289334 0.23757532232515294
-0.7476956261289334 -0.23757532232515294
-0.3483539626742381 0.6755496669794647
-0.3483539626742381 -0.6755496669794647
-0.484886124226891 0.5647729303601706
-0.484886124226891 -0.5647729303601706
-0.5757909012259385 0.47499372511023014
-0.5757909012259385 -0.47499372511023014
0.733458742974712 0.2604806620525186
0.733458742974712 -0.2604806620525186
0.7578603751930812 0.19172243096477534
0.7578603751930812 -0.19172243096477534
-0.39736656451045427 0.6329292999652606
-0.39736656451045427 -0.6329292999652606
-0.7663329563628679 0.15399387456914285
-0.7663329563628679 -0.15399387456914285
0.7749204995824335 0.10236994694930146
0.7749204995824335 -0.10236994694930146
0.7475367177951966 0.20969954274248256
0.7475367177951966 -0.20969954274248256
-0.75658495584468 0.18983147473706752
-0.75658495584468 -0.18983147473706752
0.5171283371302375 0.5197787295018693
0.5171283371302375 -0.5197787295018693
0.4595163359442013 0.5705472886736788
0.4595163359442013 -0.5705472886736788
-0.08776169243151133 0.7606006899324679
-0.08776169243151133 -0.7606006899324679
0.08785971695272027 0.7585546629964542
0.08785971695272027 -0.7585546629964542
-0.7707123595574341 0.0487874862412034
-0.7707123595574341 -0.0487874862412034
-0.6668010823855671 0.35092009057232487
-0.6668010823855671 -0.35092009057232487
-0.6784234300978201 0.3214038683737476
-0.6784234300978201 -0.3214038683737476
-0.20872574531583513 0.714267569097501
-0.20872574531583513 -0.714267569097501
-0.39964649581110595 0.6087713448965869
-0.39964649581110595 -0.6087713448965869
-0.7294458984298434 0.1498725935361784
-0.7294458984298434 -0.1498725935361784
0.17579032244326376 0.7278286805975801
0.17579032244326376 -0.7278286805975801
-0.3323919398741435 0.6375968651896253
-0.3323919398741435 -0.6375968651896253
0.34004744639561435 0.6533990288676651
0.34004744639561435 -0.6533990288676651
0.7129845143027773 0.24606686239639505
0.7129845143027773 -0.24606686239639505
0.6429372459374805 0.3676319770951726
0.6429372459374805 -0.3676319770951726
0.6757861892426797 0.305455144096742
0.6757861892426797 -0.305455144096742
0.6186948616082395 0.39153356805350237
0.6186948616082395 -0.39153356805350237
0.2761449823312445 0.6732613610224656
0.2761449823312445 -0.6732613610224656
-0.09920683719080332 0.7270170218082749
-0.09920683719080332 -0.7270170218082749
0.7300989982514896 0.15764328566988586
0.7300989982514896 -0.15764328566988586
0.38210113027761805 0.6105928725725589
0.38210113027761805 -0.6105928725725589
0.748326713465697 0.02806837358295475
0.748326713465697 -0.02806837358295475
0.736955269845433 0.026816188653926196
0.736955269845433 -0.026816188653926196
-0.1791501390795502 0.6999389455177969
-0.1791501390795502 -0.6999389455177969
-0.3524966694576602 0.6157278210575354
-0.3524966694576602 -0.6157278210575354
-0.7226105890720338 0.10207906944477722
-0.7226105890720338 -0.10207906944477722
0.5176179174163817 0.4791904932291
0.5176179174163817 -0.4791904932291
0.7257421379094026 0.09082763329012263
0.7257421379094026 -0.09082763329012263
-0.5975459464042743 0.38086452687769984
-0.5975459464042743 -0.38086452687769984
-0.5210177699735963 0.46345189774409884
-0.5210177699735963 -0.46345189774409884
-0.447092683062426 0.5281624313634905
-0.447092683062426 -0.5281624313634905
-0.6859612683387404 0.20820402681320757
-0.6859612683387404 -0.20820402681320757
-0.544975836465092 0.42537107808000146
-0.544975836465092 -0.42537107808000146
0.4145636228801478 0.5456272620452501
0.4145636228801478 -0.5456272620452501
0.07764744709938803 0.7047652175886666
0.07764744709938803 -0.7047652175886666
-0.39360894073532504 0.5593823886791409
-0.39360894073532504 -0.5593823886791409
0.5335273089757652 0.42213430536725444
0.5335273089757652 -0.42213430536725444
0.018863608112860038 0.7045653817651094
0.018863608112860038 -0.7045653817651094
-0.6246637967958055 0.323872144749982
-0.6246637967958055 -0.323872144749982
0.6955288345798458 0.09521420166021975
0.6955288345798458 -0.09521420166021975
-0.14928773932322884 0.6864090438718693
-0.14928773932322884 -0.6864090438718693
0.6787089873327978 0.162936259289638
0.6787089873327978 -0.162936259289638
0.6981140894139064 0.03138220905483054
0.6981140894139064 -0.03138220905483054
0.32126959398271243 0.6003478948383216
0.32126959398271243 -0.6003478948383216
0.24933733938925245 0.6323890620897256
0.24933733938925245 -0.6323890620897256
0.5590283664459125 0.39372439705905715
0.5590283664459125 -0.39372439705905715
0.038126107118135355 0.6894563215872721
0.038126107118135355 -0.6894563215872721
-0.05906911122864353 0.6908968382726576
-0.05906911122864353 -0.6908968382726576
0.15625451674701155 0.6627091093356064
0.15625451674701155 -0.6627091093356064
-0.6369939759024201 0.269029540858819
-0.6369939759024201 -0.269029540858819
0.4604049631757931 0.4886298299569943
0.4604049631757931 -0.4886298299569943
-0.37490838207876653 0.562604668097804
-0.37490838207876653 -0.562604668097804
-0.47185396683490066 0.47830877254414444
-0.47185396683490066 -0.47830877254414444
-0.6985908646715341 0.0
0.35178034039260875 0.5632891668757337
0.35178034039260875 -0.5632891668757337
0.5911652265928105 0.3215240440505568
0.5911652265928105 -0.3215240440505568
-0.22352541831132547 0.6383902324637186
-0.22352541831132547 -0.6383902324637186
-0.5828113235832318 0.3391480099647386
-0.5828113235832318 -0.3391480099647386
0.06887677630650083 0.670680353751116
0.06887677630650083 -0.670680353751116
0.5365529555411483 0.38668267153794533
0.5365529555411483 -0.38668267153794533
-0.5198768541445092 0.3953925408201242
-0.5198768541445092 -0.3953925408201242
-0.427410418972025 0.4887503169757175
-0.427410418972025 -0.4887503169757175
-0.04974676109917622 0.6668824028118862
-0.04974676109917622 -0.6668824028118862
-0.6769031887760406 0.03287738684079484
-0.6769031887760406 -0.03287738684079484
-0.6707224089296527 0.04350665701874072
-0.6707224089296527 -0.04350665701874072
0.2902721130129824 0.5816878136050924
0.2902721130129824 -0.5816878136050924
-0.28477384979694986 0.5860207295724852
-0.28477384979694986 -0.5860207295724852
-0.18288384382304412 0.630542658460613
-0.18288384382304412 -0.630542658460613
-0.5801906068259248 0.28511321974965503
-0.5801906068259248 -0.28511321974965503
0.5554147139778783 0.31158596699055224
0.5554147139778783 -0.31158596699055224
0.3266944252291172 0.5318976617262711
0.3266944252291172 -0.5318976617262711
0.6604479725652403 0.0
0.5948250772382525 0.2586341184414348
0.5948250772382525 -0.2586341184414348
-0.49143975001262646 0.376661081410294
-0.49143975001262646 -0.376661081410294
-0.46331998905303046 0.4030286571507918
-0.46331998905303046 -0.4030286571507918
-0.25653322170252707 0.5905359976445691
-0.25653322170252707 -0.5905359976445691
-0.6079917767955987 0.20501844132701186
-0.6079917767955987 -0.20501844132701186
0.3778635375738393 0.4898293595836734
0.3778635375738393 -0.4898293595836734
0.2737304619094265 0.5804430649410428
0.2737304619094265 -0.5804430649410428
0.07466126856377162 0.638207767418815
0.07466126856377162 -0.638207767418815
-0.15366899206487908 0.6232898082109537
-0.15366899206487908 -0.6232898082109537
0.4666348791360799 0.3896772495467395
0.4666348791360799 -0.3896772495467395
0.1814163907020842 0.611180869831753
0.1814163907020842 -0.611180869831753
0.21245412938687647 0.6002272055398055
0.21245412938687647 -0.6002272055398055
-0.11706104790647856 0.6273990305465277
-0.11706104790647856 -0.6273990305465277
-0.6430775228915867 0.04241943117985655
-0.6430775228915867 -0.04241943117985655
-0.2372166862363414 0.5775641057847978
-0.2372166862363414 -0.5775641057847978
-0.028689391874619316 0.628128226845979
-0.028689391874619316 -0.628128226845979
-0.57005889414642 0.26439775681724403
-0.57005889414642 -0.26439775681724403
-0.35022235854738404 0.5037104420696925
-0.35022235854738404 -0.5037104420696925
0.15164763975118878 0.602199145526886
0.15164763975118878 -0.602199145526886
-0.30888234267797987 0.5199866427536444
-0.30888234267797987 -0.5199866427536444
0.06493984265979158 0.6114645514099529
0.06493984265979158 -0.6114645514099529
0.6222567703723936 0.1459701701060218
0.6222567703723936 -0.1459701701060218
-0.6217054269023551 0.11818487435020397
-0.6217054269023551 -0.11818487435020397
0.598708059751936 0.19814922751351052
0.598708059751936 -0.19814922751351052
0.43671078801867574 0.40838372825293473
0.43671078801867574 -0.40838372825293473
0.4843201152018235 0.35759728904359867
0.4843201152018235 -0.35759728904359867
0.6043969741175276 0.12653576761890103
0.6043969741175276 -0.12653576761890103
0.5551003192698478 0.25227144565917864
0.5551003192698478 -0.25227144565917864
-0.5219630027454242 0.3042440213268198
-0.5219630027454242 -0.3042440213268198
0.38236064503666134 0.45593679550738636
0.38236064503666134 -0.45593679550738636
0.5731479365398957 0.21021442856222566
0.5731479365398957 -0.21021442856222566
-0.5996695432226717 0.14400491113574876
-0.5996695432226717 -0.14400491113574876
-0.6051910293377276 0.10076006537765955
-0.6051910293377276 -0.10076006537765955
-0.5726519402942394 0.19393016303104765
-0.5726519402942394 -0.19393016303104765
0.007474041060403569 0.6028940695355787
0.007474041060403569 -0.6028940695355787
0.26878844820665193 0.5120726598204598
0.26878844820665193 -0.5120726598204598
-0.3751415638489802 0.4272075932017602
-0.3751415638489802 -0.4272075932017602
-0.4793363550702974 0.3187929279672538
-0.4793363550702974 -0.3187929279672538
0.3366055984988188 0.4593796114350931
0.3366055984988188 -0.4593796114350931
0.19928253401784657 0.5525112046041438
0.19928253401784657 -0.5525112046041438
-0.03009195781481786 0.5942279327193664
-0.03009195781481786 -0.5942279327193664
-0.3475301472864099 0.43746018989892177
-0.3475301472864099 -0.43746018989892177
0.5930040096199883 0.044498147455272266
0.5930040096199883 -0.044498147455272266
0.5944974280613029 0.021774114637718264
0.5944974280613029 -0.021774114637718264
0.3911857082299056 0.38178084291244335
0.3911857082299056 -0.38178084291244335
0.48269029687991294 0.28631187729160823
0.48269029687991294 -0.28631187729160823
0.5502143832828622 0.20092934085928033
0.5502143832828622 -0.20092934085928033
0.5790369332618621 0.0
-0.10713136726199296 0.5771382031878631
-0.10713136726199296 -0.5771382031878631
-0.19358064031854433 0.5522585235689677
-0.19358064031854433 -0.5522585235689677
-0.5263316424542239 0.23834876032652189
-0.5263316424542239 -0.23834876032652189
-0.578245990435041 0.0404984413858122
-0.578245990435041 -0.0404984413858122
-0.5573460722503117 0.13674846312377337
-0.5573460722503117 -0.13674846312377337
-0.5328346374090607 0.19110107235309848
-0.5328346374090607 -0.19110107235309848
0.14938825519664378 0.5415416155771018
0.14938825519664378 -0.5415416155771018
-0.5614167173971091 0.0
0.4963434688367342 0.2590638615071193
0.4963434688367342 -0.2590638615071193
0.5553911000803098 0.12627696079705214
0.5553911000803098 -0.12627696079705214
-0.276552831748393 0.46594954988230247
-0.276552831748393 -0.46594954988230247
0.3527886593572764 0.41048514822407556
0.3527886593572764 -0.41048514822407556
-0.025546036219150525 0.5528202964858218
-0.025546036219150525 -0.5528202964858218
-0.18573572734026852 0.5078794234997552
-0.18573572734026852 -0.5078794234997552
0.4646192831059336 0.27404318932634225
0.4646192831059336 -0.27404318932634225
-0.14854312995535912 0.5241686826529216
-0.14854312995535912 -0.5241686826529216
0.2107037880497275 0.5032274771584094
0.2107037880497275 -0.5032274771584094
0.5214200816196034 0.16596392391525763
0.5214200816196034 -0.16596392391525763
0.5418279654697856 0.0
-0.3858154954986506 0.3697388563177054
-0.3858154954986506 -0.3697388563177054
-0.3993693505783269 0.3451138335742089
-0.3993693505783269 -0.3451138335742089
0.28870812549373925 0.4418003690011077
0.28870812549373925 -0.4418003690011077
-0.41548728165416576 0.3172345392090956
-0.41548728165416576 -0.3172345392090956
-0.4625820417024199 0.2516469913730349
-0.4625820417024199 -0.2516469913730349
0.23219306771937753 0.47655025930034883
0.23219306771937753 -0.47655025930034883
0.536094162681407 0.07071075732480027
0.536094162681407 -0.07071075732480027
-0.23463666862099763 0.46410932253281884
-0.23463666862099763 -0.46410932253281884
0.4184075300372333 0.2922463502173478
0.4184075300372333 -0.2922463502173478
-0.0460642151420846 0.5302025597844348
-0.0460642151420846 -0.5302025597844348
-0.34167511754143726 0.38193858943539916
-0.34167511754143726 -0.38193858943539916
-0.5287271164174121 0.07785251754574209
-0.5287271164174121 -0.07785251754574209
-0.26499724746416353 0.42543878239719296
-0.26499724746416353 -0.42543878239719296
-0.4235232038927022 0.2625502149899784
-0.4235232038927022 -0.2625502149899784
-0.5264812676550163 0.0
0.05474937559372295 0.5194083412689988
0.05474937559372295 -0.5194083412689988
0.13073444196208192 0.4995416643788803
0.13073444196208192 -0.4995416643788803
0.3386919714004969 0.3641749602921439
0.3386919714004969 -0.3641749602921439
0.30561804860642505 0.3907548663807143
0.30561804860642505 -0.3907548663807143
0.012598789193818027 0.5151905921902263
0.012598789193818027 -0.5151905921902263
0.45953033442747593 0.21733530521001412
0.45953033442747593 -0.21733530521001412
0.49369903570375984 0.13377433723953955
0.49369903570375984 -0.13377433723953955
-0.4790414560905112 0.1613339142690448
-0.4790414560905112 -0.1613339142690448
0.49129280058265024 0.10635767009519989
0.49129280058265024 -0.10635767009519989
-0.44186431066498866 0.2043607442848602
-0.44186431066498866 -0.2043607442848602
0.06978394691576437 0.4959465592753953
0.06978394691576437 -0.4959465592753953
-0.4987742414741001 0.0
0.16249796260236785 0.46114592721608194
0.16249796260236785 -0.46114592721608194
-0.47632643267252006 0.08378930941623272
-0.47632643267252006 -0.08378930941623272
-0.28223997175380333 0.3992896655613887
-0.28223997175380333 -0.3992896655613887
-0.48204615036442644 0.0
0.2550378524025672 0.4094449606900656
0.2550378524025672 -0.4094449606900656
-0.14296835209396225 0.4717642495391243
-0.14296835209396225 -0.4717642495391243
0.33690695228269685 0.3309853441054358
0.33690695228269685 -0.3309853441054358
-0.36861056211796406 0.2927557879708171
-0.36861056211796406 -0.2927557879708171
0.3711835016390871 0.2921652482868419
0.3711835016390871 -0.2921652482868419
0.3935646268373388 0.25947450662095106
0.3935646268373388 -0.25947450662095106
-0.34527664566239746 0.3076697618563748
-0.34527664566239746 -0.3076697618563748
0.2263577720047309 0.40666286519866107
0.2263577720047309 -0.40666286519866107
-0.1706002673880868 0.440545126862069
-0.1706002673880868 -0.440545126862069
0.24813173919932513 0.3850738128920312
0.24813173919932513 -0.3850738128920312
0.41646700982453777 0.18161073617203968
0.41646700982453777 -0.18161073617203968
-0.07889612577461222 0.4582614979234149
-0.07889612577461222 -0.4582614979234149
-0.21029925927926302 0.39419827968190024
-0.21029925927926302 -0.39419827968190024
-0.105640158151384 0.45238394205724364
-0.105640158151384 -0.45238394205724364
0.02764220247251087 0.4591342639104604
0.02764220247251087 -0.4591342639104604
0.45772828374185076 0.037731924614333584
0.45772828374185076 -0.037731924614333584
0.38355089967117073 0.21443792961911767
0.38355089967117073 -0.21443792961911767
0.3282165893194333 0.28015024776954955
0.3282165893194333 -0.28015024776954955
-0.2659772802242738 0.3470737220485533
-0.2659772802242738 -0.3470737220485533
-0.05385111651266841 0.4510696889927501
-0.05385111651266841 -0.4510696889927501
-0.15851541447655348 0.41052293067006074
-0.15851541447655348 -0.41052293067006074
-0.3945636966387152 0.18320663545154053
-0.3945636966387152 -0.18320663545154053
-0.4308599515291257 0.1311765027675539
-0.4308599515291257 -0.1311765027675539
0.43557732924338344 0.11393953096375498
0.43557732924338344 -0.11393953096375498
0.2546282207967119 0.3185057939243947
0.2546282207967119 -0.3185057939243947
0.44162506939088764 0.053532506883573916
0.44162506939088764 -0.053532506883573916
-0.4493027126094329 0.029978149568564785
-0.4493027126094329 -0.029978149568564785
-0.26966943049814207 0.295999845325148
-0.26966943049814207 -0.295999845325148
-0.04875326238945856 0.42056547701102703
-0.04875326238945856 -0.42056547701102703
-0.38875522247243033 0.0
-0.4256141129650383 0.06923391073298979
-0.4256141129650383 -0.06923391073298979
0.037357641849233986 0.40808868297774686
0.037357641849233986 -0.40808868297774686
0.1538174271065475 0.36578500386960355
0.1538174271065475 -0.36578500386960355
0.19490865208363073 0.3396867270080637
0.19490865208363073 -0.3396867270080637
0.07627562622667866 0.3865687879868048
0.07627562622667866 -0.3865687879868048
0.3817270671373517 0.13641457371969257
0.3817270671373517 -0.13641457371969257
-0.11751043403056928 0.3872997989840955
-0.11751043403056928 -0.3872997989840955
0.3307866109516193 0.20917109594817454
0.3307866109516193 -0.20917109594817454
-0.23159796339359418 0.3239715013799754
-0.23159796339359418 -0.3239715013799754
-0.16127140706805554 0.36224710016561146
-0.16127140706805554 -0.36224710016561146
-0.3845751031482585 0.12808007029088955
-0.3845751031482585 -0.12808007029088955
-0.281556338044116 0.26973319762588116
-0.281556338044116 -0.26973319762588116
0.3903810588552487 0.04305705578193746
0.3903810588552487 -0.04305705578193746
0.37492479005452023 0.07644605496304813
0.37492479005452023 -0.07644605496304813
-0.33743062928053225 0.19963039506396682
-0.33743062928053225 -0.19963039506396682
-0.01625193270552773 0.3801019138423005
-0.01625193270552773 -0.3801019138423005
-0.3082544022150759 0.22368650203838386
-0.3082544022150759 -0.22368650203838386
0.33720654571148645 0.1556635024182607
0.33720654571148645 -0.1556635024182607
-0.09920011352181834 0.35631628978307334
-0.09920011352181834 -0.35631628978307334
-0.38549971284491236 0.04625650221779111
-0.38549971284491236 -0.04625650221779111
-0.37073097364679736 0.09394566277384914
-0.37073097364679736 -0.09394566277384914
-0.2367157909074149 0.26839564564505264
-0.2367157909074149 -0.26839564564505264
0.010188561257438193 0.36206524594760353
0.010188561257438193 -0.36206524594760353
-0.31687507933051245 0.15525681887503984
-0.31687507933051245 -0.15525681887503984
0.07643500225548698 0.34488384295364705
0.07643500225548698 -0.34488384295364705
0.17263338492681918 0.2994635632824647
0.17263338492681918 -0.2994635632824647
0.2607995039235985 0.23020830666157863
0.2607995039235985 -0.23020830666157863
0.23804499528609818 0.25285057813875167
0.23804499528609818 -0.25285057813875167
0.2902152235639292 0.17855828396541473
0.2902152235639292 -0.17855828396541473
-0.35606079387587 0.044613962939035294
-0.35606079387587 -0.044613962939035294
-0.18866538036012456 0.2726419598861324
-0.18866538036012456 -0.2726419598861324
0.1728641574488879 0.2801802282483148
0.1728641574488879 -0.2801802282483148
0.1416382574145543 0.29477217295091546
0.1416382574145543 -0.29477217295091546
0.33434657551481994 0.04405658153160572
0.33434657551481994 -0.04405658153160572
0.0002984508407808921 0.34113598219315544
0.0002984508407808921 -0.34113598219315544
-0.23794554908289756 0.21538487469360929
-0.23794554908289756 -0.21538487469360929
0.31566997191850876 0.0
-0.17006460548464256 0.2641617037440933
-0.17006460548464256 -0.2641617037440933
-0.13423947543668174 0.2773360521743176
-0.13423947543668174 -0.2773360521743176
0.2914979123151933 0.11180767742538132
0.2914979123151933 -0.11180767742538132
-0.2794770647217458 0.13377804367470097
-0.2794770647217458 -0.13377804367470097
-0.19907420825516262 0.21088913200701706
-0.19907420825516262 -0.21088913200701706
-0.03128140808962379 0.3077567187118963
-0.03128140808962379 -0.3077567187118963
-0.2884312829425181 0.10223801994183467
-0.2884312829425181 -0.10223801994183467
-0.05797641900739421 0.2908863182149912
-0.05797641900739421 -0.2908863182149912
0.25729247067449085 0.12302731932219897
0.25729247067449085 -0.12302731932219897
0.03734566211248669 0.29034756994130984
0.03734566211248669 -0.29034756994130984
-0.29436931744134764 0.0444015204301169
-0.29436931744134764 -0.0444015204301169
0.26688679696706674 0.014198457203747126
0.26688679696706674 -0.014198457203747126
0.2194715194600216 0.157525210913555
0.2194715194600216 -0.157525210913555
0.14269749852270258 0.22264446001457147
0.14269749852270258 -0.22264446001457147
-0.0891614202530577 0.245702197689571
-0.0891614202530577 -0.245702197689571
0.09055895417897566 0.2491424913540987
0.09055895417897566 -0.2491424913540987
-0.18527058787850098 0.18047023846480623
-0.18527058787850098 -0.18047023846480623
0.17926581997325242 0.18381573241994992
0.17926581997325242 -0.18381573241994992
-0.2759377010270926 0.05131310495098095
-0.2759377010270926 -0.05131310495098095
0.03301265250675221 0.2548900740171673
0.03301265250675221 -0.2548900740171673
-0.05482802377540004 0.24096949517804014
-0.05482802377540004 -0.24096949517804014
-0.1855772202490025 0.14536209915370402
-0.1855772202490025 -0.14536209915370402
0.20267511640361074 0.1156445221763092
0.20267511640361074 -0.1156445221763092
0.11073301194503835 0.19576037187215184
0.11073301194503835 -0.19576037187215184
-0.2397711387011535 0.002447961393847941
-0.2397711387011535 -0.002447961393847941
-0.2130368593790396 0.08555972818424329
-0.2130368593790396 -0.08555972818424329
0.20022782155365038 0.06927402093557937
0.20022782155365038 -0.06927402093557937
0.05761967681481228 0.20707071365993243
0.05761967681481228 -0.20707071365993243
-0.010394656535408503 0.20298483239443213
-0.010394656535408503 -0.20298483239443213
0.18404435904199445 0.0
0.1353751568003247 0.1604246445067214
0.1353751568003247 -0.1604246445067214
-0.16492910745359365 0.11092740064047965
-0.16492910745359365 -0.11092740064047965
0.12604682114156146 0.14338038105330164
0.12604682114156146 -0.14338038105330164
-0.10147739386876062 0.15628280768479605
-0.10147739386876062 -0.15628280768479605
-0.16653068149862205 0.09045483840253539
-0.16653068149862205 -0.09045483840253539
0.17664285326217757 0.07315573777419954
0.17664285326217757 -0.07315573777419954
-0.1592061081436369 0.02956665229302576
-0.1592061081436369 -0.02956665229302576
-0.09254744241362346 0.10471159777737815
-0.09254744241362346 -0.10471159777737815
0.15741621304054065 0.0
0.04775749856119084 0.14107996753560237
0.04775749856119084 -0.14107996753560237
0.130122069668078 0.06707405411881119
0.130122069668078 -0.06707405411881119
0.12993598087045616 0.05709693235379967
0.12993598087045616 -0.05709693235379967
-0.010460527559529894 0.1341471779353176
-0.010460527559529894 -0.1341471779353176
0.07524003065918153 0.095041728783664
0.07524003065918153 -0.095041728783664
-0.001491509373006114 0.10405773409784824
-0.001491509373006114 -0.10405773409784824
-0.06357157008985673 0.07594788277702201
-0.06357157008985673 -0.07594788277702201
0.07720213085053856 0.03181884517810655
0.07720213085053856 -0.03181884517810655
-0.024505050987808318 0.07680765187046276
-0.024505050987808318 -0.07680765187046276
-0.07706135506586226 0.012527035609329646
-0.07706135506586226 -0.012527035609329646
0.032600999198122836 0.0
-0.08505439807943474 0.05608390890648846
-0.08505439807943474 -0.05608390890648846
-0.053585191451245184 0.0
-0.009963536576862693 0.0
