-2.2800314942682274 0.0
2.1708203362757006 0.0
-0.9561468894163925 0.6125074697190677
-0.9561468894163925 -0.6125074697190677
-1.0929643360045063 0.0
0.7513122593316925 0.8709968470908886
0.7513122593316925 -0.8709968470908886
-0.48724066257559573 0.9553160054876737
-0.48724066257559573 -0.9553160054876737
-0.8083598222152182 0.650577112978248
-0.8083598222152182 -0.650577112978248
-1.0164747857440837 0.0
-0.645348419110443 0.7808030635481378
-0.645348419110443 -0.7808030635481378
-0.8297587290674076 0.5220668895186643
-0.8297587290674076 -0.5220668895186643
-0.7251007213375943 0.6323413422970758
-0.7251007213375943 -0.6323413422970758
-0.951050962480301 0.15362773379602002
-0.951050962480301 -0.15362773379602002
-0.9314074961450373 0.18031576181824277
-0.9314074961450373 -0.18031576181824277
-0.8970922208531824 0.3139583554121204
-0.8970922208531824 -0.3139583554121204
-0.8585017490865001 0.37525837358498465
-0.8585017490865001 -0.37525837358498465
-0.6018602746107435 0.7340874996990602
-0.6018602746107435 -0.7340874996990602
-0.35022102444266 0.936847810306418
-0.35022102444266 -0.936847810306418
-0.46955004213618934 0.813568283186663
-0.46955004213618934 -0.813568283186663
1.0584512784756461 0.0
0.19294034250870473 1.0105664331569193
0.19294034250870473 -1.0105664331569193
-0.21842715163746973 0.942012049337286
-0.21842715163746973 -0.942012049337286
-0.2392769517948777 0.9245788994226574
-0.2392769517948777 -0.9245788994226574
0.002806523147665186 0.9820663563771567
0.002806523147665186 -0.9820663563771567
-0.07603673059811544 0.959090073797113
-0.07603673059811544 -0.959090073797113
-0.010760999914118392 0.9579136484400669
-0.010760999914118392 -0.9579136484400669
1.0120994058022936 0.24436233862125914
1.0120994058022936 -0.24436233862125914
0.40283006254559284 0.9141777576170959
0.40283006254559284 -0.9141777576170959
0.5566083967786148 0.8423741336021464
0.5566083967786148 -0.8423741336021464
0.6834343154635321 0.7043753824745463
0.6834343154635321 -0.7043753824745463
0.8868090654381207 0.4604573162774789
0.8868090654381207 -0.4604573162774789
0.7759486995868903 0.5976058371240934
0.7759486995868903 -0.5976058371240934
0.9188987345232438 0.3513277034946822
0.9188987345232438 -0.3513277034946822
0.914863462628842 0.30161425878462816
0.914863462628842 -0.30161425878462816
0.8423328718224578 0.4840420970967816
0.8423328718224578 -0.4840420970967816
0.2971775246595707 0.9147550562827765
0.2971775246595707 -0.9147550562827765
0.7969744723079952 0.5140346413714753
0.7969744723079952 -0.5140346413714753
0.1712173953667762 0.9260451381154187
0.1712173953667762 -0.9260451381154187
0.4624910586025107 0.8214568456139445
0.4624910586025107 -0.8214568456139445
0.5946273854745052 0.7310176774342506
0.5946273854745052 -0.7310176774342506
0.5577574822425421 0.7370482926397812
0.5577574822425421 -0.7370482926397812
-0.504717189963555 0.7743791307214357
-0.504717189963555 -0.7743791307214357
-0.5964598924518905 0.6988683887135118
-0.5964598924518905 -0.6988683887135118
-0.6450429521427687 0.6441233049523446
-0.6450429521427687 -0.6441233049523446
0.11910800505409028 0.9251097404041769
0.11910800505409028 -0.9251097404041769
-0.9169657346335208 0.0
-0.9236801126408084 0.06736422676469847
-0.9236801126408084 -0.06736422676469847
-0.6882960032321996 0.5878470012634615
-0.6882960032321996 -0.5878470012634615
0.7793192770909518 0.46629617526332606
0.7793192770909518 -0.46629617526332606
0.9267997000998469 0.08304313098518011
0.9267997000998469 -0.08304313098518011
0.9379589266488823 0.0
0.8952452019481205 0.22743709455099573
0.8952452019481205 -0.22743709455099573
-0.7587583610176188 0.4769825452953016
-0.7587583610176188 -0.4769825452953016
0.9284007013839454 0.0318622719195285
0.9284007013839454 -0.0318622719195285
-0.829377310254216 0.38323838395750104
-0.829377310254216 -0.38323838395750104
0.6112277424285324 0.6366769117880889
0.6112277424285324 -0.6366769117880889
0.5336439412264571 0.6993034906041503
0.5336439412264571 -0.6993034906041503
0.2542389597994714 0.8744451804628213
0.2542389597994714 -0.8744451804628213
-0.3631658088608186 0.8308915995042871
-0.3631658088608186 -0.8308915995042871
0.6549244295889176 0.5686758801288251
0.6549244295889176 -0.5686758801288251
-0.7085260901300903 0.5044121357095684
-0.7085260901300903 -0.5044121357095684
-0.38230376421509865 0.8088930047600674
-0.38230376421509865 -0.8088930047600674
-0.8600631829539105 0.2537326561596515
-0.8600631829539105 -0.2537326561596515
-0.21259686397293948 0.8805509579765125
-0.21259686397293948 -0.8805509579765125
0.007434023826878368 0.8983645985843624
0.007434023826878368 -0.8983645985843624
-0.8866743375079916 0.0
0.8202887970765429 0.3444684992076545
0.8202887970765429 -0.3444684992076545
0.7918667775103505 0.3916796505711606
0.7918667775103505 -0.3916796505711606
-0.22062307190918812 0.8519594353023108
-0.22062307190918812 -0.8519594353023108
0.3767290039811527 0.7821892083081999
0.3767290039811527 -0.7821892083081999
0.734779784555111 0.47686713862206176
0.734779784555111 -0.47686713862206176
0.12372857971756188 0.85813189500762
0.12372857971756188 -0.85813189500762
0.27938306727727785 0.8149128678216884
0.27938306727727785 -0.8149128678216884
-0.04248644617176581 0.8678699866990051
-0.04248644617176581 -0.8678699866990051
0.6934905813393806 0.5077219341436308
0.6934905813393806 -0.5077219341436308
0.8799812775340098 0.05791252021361338
0.8799812775340098 -0.05791252021361338
-0.8689257060052876 0.0
-0.8272793521221757 0.16333067253749056
-0.8272793521221757 -0.16333067253749056
-0.7860954070727968 0.32861544379830354
-0.7860954070727968 -0.32861544379830354
-0.48111159217583205 0.6860800208945339
-0.48111159217583205 -0.6860800208945339
0.8288207393614201 0.23064972406871934
0.8288207393614201 -0.23064972406871934
-0.37260474049799436 0.7538661612902277
-0.37260474049799436 -0.7538661612902277
-0.7507913856185529 0.37764415669131896
-0.7507913856185529 -0.37764415669131896
0.5422962835936134 0.6173605400740685
0.5422962835936134 -0.6173605400740685
-0.5180133627697138 0.6349506146252114
-0.5180133627697138 -0.6349506146252114
-0.10406664427582488 0.8361943201853644
-0.10406664427582488 -0.8361943201853644
0.2241334160384624 0.7957758520104837
0.2241334160384624 -0.7957758520104837
-0.5999942212310397 0.5441532452338561
-0.5999942212310397 -0.5441532452338561
-0.30174681134658343 0.7637558933538205
-0.30174681134658343 -0.7637558933538205
-0.8208766516261317 0.16445925166182707
-0.8208766516261317 -0.16445925166182707
-0.8229117366487937 0.09032586759821261
-0.8229117366487937 -0.09032586759821261
0.8037729670235167 0.16212706892166062
0.8037729670235167 -0.16212706892166062
0.4252176754105505 0.6755270113830469
0.4252176754105505 -0.6755270113830469
0.6684604757113949 0.43727257835515504
0.6684604757113949 -0.43727257835515504
-0.4081521540565378 0.6828665162547884
-0.4081521540565378 -0.6828665162547884
0.5322662887536622 0.5950345739886719
0.5322662887536622 -0.5950345739886719
-0.6016403931752816 0.5260612656321358
-0.6016403931752816 -0.5260612656321358
0.6476533611656574 0.4532858797895492
0.6476533611656574 -0.4532858797895492
-0.7758652178706127 0.24245328110317904
-0.7758652178706127 -0.24245328110317904
-0.6985756215210215 0.36866036455484585
-0.6985756215210215 -0.36866036455484585
-0.806782468494327 0.0
-0.6496860358643366 0.4367142254382762
-0.6496860358643366 -0.4367142254382762
-0.5012172001726407 0.5842120128412974
-0.5012172001726407 -0.5842120128412974
0.6156523516257177 0.45869777455126653
0.6156523516257177 -0.45869777455126653
0.7992782857427483 0.1031036653049446
0.7992782857427483 -0.1031036653049446
0.3309547892978835 0.717616872247604
0.3309547892978835 -0.717616872247604
-0.03021642490893503 0.7926201652925068
-0.03021642490893503 -0.7926201652925068
0.08002319099875609 0.7901865527586612
0.08002319099875609 -0.7901865527586612
0.26342957329338024 0.7368800342700824
0.26342957329338024 -0.7368800342700824
0.3590756905869267 0.6923441819477179
0.3590756905869267 -0.6923441819477179
0.7739001954955234 0.13649688676331806
0.7739001954955234 -0.13649688676331806
0.7826240827495287 0.0
-0.7065571672522664 0.31896009930708324
-0.7065571672522664 -0.31896009930708324
-0.7608340219471513 0.15955859952058252
-0.7608340219471513 -0.15955859952058252
-0.13366109997393227 0.7706131412459212
-0.13366109997393227 -0.7706131412459212
0.7131312446685993 0.27296409473660366
0.7131312446685993 -0.27296409473660366
0.18911939066340128 0.7357563157314172
0.18911939066340128 -0.7357563157314172
0.48376456766748177 0.5725467364566762
0.48376456766748177 -0.5725467364566762
-0.2158369120060859 0.7328383811859482
-0.2158369120060859 -0.7328383811859482
-0.6272518976698297 0.3947013278757886
-0.6272518976698297 -0.3947013278757886
-0.03811038439297952 0.7522359575444147
-0.03811038439297952 -0.7522359575444147
-0.45148389342053463 0.5665611925243702
-0.45148389342053463 -0.5665611925243702
-0.26515613480381905 0.6843971608746265
-0.26515613480381905 -0.6843971608746265
-0.7219262711609584 0.13032010054137397
-0.7219262711609584 -0.13032010054137397
0.6228329370595125 0.38571238092147214
0.6228329370595125 -0.38571238092147214
-0.6573015936444897 0.2972489467540345
-0.6573015936444897 -0.2972489467540345
-0.14001356241884622 0.7289198603290898
-0.14001356241884622 -0.7289198603290898
0.7099965009286058 0.22221903336556506
0.7099965009286058 -0.22221903336556506
0.48021546495377754 0.5301429752710467
0.48021546495377754 -0.5301429752710467
0.28328715876572574 0.6660477281414481
0.28328715876572574 -0.6660477281414481
0.3660265102952825 0.6188949884816392
0.3660265102952825 -0.6188949884816392
-0.16646555742461178 0.7116944523393437
-0.16646555742461178 -0.7116944523393437
0.717617103171655 0.13300556110286424
0.717617103171655 -0.13300556110286424
0.7158019474430958 0.08144518297321567
0.7158019474430958 -0.08144518297321567
-0.7220134464295117 0.007797483618730256
-0.7220134464295117 -0.007797483618730256
0.6477505730070431 0.290497831968187
0.6477505730070431 -0.290497831968187
0.18144260598937473 0.6845638881656212
0.18144260598937473 -0.6845638881656212
-0.40934785107282423 0.548310116052976
-0.40934785107282423 -0.548310116052976
0.5122438109175929 0.4536485837262656
0.5122438109175929 -0.4536485837262656
0.35218025581704704 0.5744203862004675
0.35218025581704704 -0.5744203862004675
0.4085059746206917 0.5268947081939432
0.4085059746206917 -0.5268947081939432
0.04452807106933776 0.6943692078273325
0.04452807106933776 -0.6943692078273325
-0.5731581273054924 0.35376279859257004
-0.5731581273054924 -0.35376279859257004
-0.010602311975339078 0.6909407819353484
-0.010602311975339078 -0.6909407819353484
-0.4282814661632013 0.5183423443522158
-0.4282814661632013 -0.5183423443522158
0.5690205255899459 0.3465893279161391
0.5690205255899459 -0.3465893279161391
-0.13719941335389763 0.6813045267718288
-0.13719941335389763 -0.6813045267718288
-0.4666442241010619 0.45979412151605104
-0.4666442241010619 -0.45979412151605104
-0.26828942945621903 0.6292807742897377
-0.26828942945621903 -0.6292807742897377
0.6657654770288163 0.19678401070274384
0.6657654770288163 -0.19678401070274384
-0.6697180312280553 0.16989334631879044
-0.6697180312280553 -0.16989334631879044
0.6418195103202906 0.24788776845847396
0.6418195103202906 -0.24788776845847396
0.6595679719656649 0.11528353311468494
0.6595679719656649 -0.11528353311468494
0.15898910600120308 0.6491073643355507
0.15898910600120308 -0.6491073643355507
0.6420600155838956 0.06816208244044582
0.6420600155838956 -0.06816208244044582
-0.6152779581420152 0.2581630461063044
-0.6152779581420152 -0.2581630461063044
0.4848901008132076 0.39831373647746043
0.4848901008132076 -0.39831373647746043
0.12558811085736907 0.6336572251451565
0.12558811085736907 -0.6336572251451565
-0.6517680311741186 0.009689444281864221
-0.6517680311741186 -0.009689444281864221
0.6264935422987096 0.0
-0.29665815654871847 0.5704218828721502
-0.29665815654871847 -0.5704218828721502
-0.6036350766623044 0.2197964445335171
-0.6036350766623044 -0.2197964445335171
0.10783946980790698 0.6329186019478357
0.10783946980790698 -0.6329186019478357
0.2923824488521638 0.5470120651515994
0.2923824488521638 -0.5470120651515994
-0.34708994460366344 0.525955147024404
-0.34708994460366344 -0.525955147024404
-0.04179655675445873 0.6237407516258877
-0.04179655675445873 -0.6237407516258877
-0.48802891817382865 0.4056739362270589
-0.48802891817382865 -0.4056739362270589
0.20368749763016225 0.5784914875257056
0.20368749763016225 -0.5784914875257056
-0.24158679823427534 0.571181517057778
-0.24158679823427534 -0.571181517057778
0.5746466522503659 0.2243954181962774
0.5746466522503659 -0.2243954181962774
-0.5115898453055232 0.34374522694480125
-0.5115898453055232 -0.34374522694480125
0.5573568511162501 0.24698750342096884
0.5573568511162501 -0.24698750342096884
-0.08687292228040164 0.6116789928233413
-0.08687292228040164 -0.6116789928233413
-0.5999650582345033 0.1056967071173993
-0.5999650582345033 -0.1056967071173993
-0.4835312284802318 0.3623588318068522
-0.4835312284802318 -0.3623588318068522
-0.5954129543890643 0.0
-0.17921963989497144 0.5598131437582594
-0.17921963989497144 -0.5598131437582594
0.5044913295625384 0.32367834396990336
0.5044913295625384 -0.32367834396990336
0.37694610540181106 0.454374469167275
0.37694610540181106 -0.454374469167275
0.1262728801387896 0.5744896426912588
0.1262728801387896 -0.5744896426912588
0.5776327822249144 0.11529951217660309
0.5776327822249144 -0.11529951217660309
-0.548828026823301 0.1711813274624167
-0.548828026823301 -0.1711813274624167
-0.5193542340037345 0.2440196458824601
-0.5193542340037345 -0.2440196458824601
0.017546335964709624 0.5724735978385139
0.017546335964709624 -0.5724735978385139
0.05231678546920232 0.5679029983746511
0.05231678546920232 -0.5679029983746511
0.5503919960428533 0.19297894828650644
0.5503919960428533 -0.19297894828650644
-0.15116935802820736 0.5489372107799698
-0.15116935802820736 -0.5489372107799698
0.3977469618359387 0.40402998668508405
0.3977469618359387 -0.40402998668508405
0.546087861499125 0.0
-0.040558248640145636 0.5414889472343127
-0.040558248640145636 -0.5414889472343127
0.4895008210645157 0.2770968442982818
0.4895008210645157 -0.2770968442982818
-0.5544557013141421 0.07864743719072931
-0.5544557013141421 -0.07864743719072931
-0.34944562448891603 0.41458441231669524
-0.34944562448891603 -0.41458441231669524
-0.23724662858802636 0.48742564430278756
-0.23724662858802636 -0.48742564430278756
0.49502707796977075 0.25481699015589143
0.49502707796977075 -0.25481699015589143
-0.36494752588806617 0.3924398087410483
-0.36494752588806617 -0.3924398087410483
-0.5418214829860183 0.0066135838322797375
-0.5418214829860183 -0.0066135838322797375
0.1949295100315258 0.49006787518073025
0.1949295100315258 -0.49006787518073025
0.40707863301203573 0.32282305466712113
0.40707863301203573 -0.32282305466712113
0.28437839435631773 0.438473993240613
0.28437839435631773 -0.438473993240613
-0.4427550164617253 0.27891286116937847
-0.4427550164617253 -0.27891286116937847
-0.447038115634561 0.2475583389919507
-0.447038115634561 -0.2475583389919507
-0.3801033227997357 0.3377242901685856
-0.3801033227997357 -0.3377242901685856
-0.28133229435323553 0.4188824255935968
-0.28133229435323553 -0.4188824255935968
0.06787826627041339 0.4972582169331379
0.06787826627041339 -0.4972582169331379
0.4893048956277266 0.06924603967842326
0.4893048956277266 -0.06924603967842326
-0.17723241885294885 0.465466377438986
-0.17723241885294885 -0.465466377438986
-0.01700797048415683 0.4978357944809271
-0.01700797048415683 -0.4978357944809271
-0.4755410488847006 0.1271472227655336
-0.4755410488847006 -0.1271472227655336
0.2235006981069233 0.4288920831523123
0.2235006981069233 -0.4288920831523123
0.47262759014274847 0.10404838112979259
0.47262759014274847 -0.10404838112979259
-0.21224704413476897 0.425147538592103
-0.21224704413476897 -0.425147538592103
-0.4559212063534558 0.0
-0.45318146720782104 0.08037658131236941
-0.45318146720782104 -0.08037658131236941
-0.2868432987071322 0.35503702886642075
-0.2868432987071322 -0.35503702886642075
-0.39010919438040825 0.22461878784712094
-0.39010919438040825 -0.22461878784712094
0.4633852823444521 0.0
0.07813699766238964 0.45942958304582093
0.07813699766238964 -0.45942958304582093
0.30608525675223397 0.3504102383344191
0.30608525675223397 -0.3504102383344191
0.0441611787011153 0.4557397701765851
0.0441611787011153 -0.4557397701765851
0.27204006190002417 0.3766336843804275
0.27204006190002417 -0.3766336843804275
-0.10549127219011524 0.4275646611748732
-0.10549127219011524 -0.4275646611748732
0.17706306371400143 0.40769873856863187
0.17706306371400143 -0.40769873856863187
-0.07489563676948174 0.4241995846693436
-0.07489563676948174 -0.4241995846693436
-0.14759178612809146 0.399393521050726
-0.14759178612809146 -0.399393521050726
-0.348514526593895 0.2249692911474241
-0.348514526593895 -0.2249692911474241
0.3579253800179936 0.26344077914243347
0.3579253800179936 -0.26344077914243347
0.3992155693939482 0.18598126097260467
0.3992155693939482 -0.18598126097260467
-0.2307138286605857 0.33872657776622
-0.2307138286605857 -0.33872657776622
0.3601593696052169 0.24114952701321749
0.3601593696052169 -0.24114952701321749
0.4126509647960273 0.13898758556849808
0.4126509647960273 -0.13898758556849808
0.3141291785845115 0.28124464096751983
0.3141291785845115 -0.28124464096751983
-0.4015349556567936 0.0
-0.013076546585031368 0.4145309207734418
-0.013076546585031368 -0.4145309207734418
-0.3947013495510514 0.08944728980173867
-0.3947013495510514 -0.08944728980173867
0.1161317951962712 0.3947783398328725
0.1161317951962712 -0.3947783398328725
0.40988439785693986 0.061738894956261385
0.40988439785693986 -0.061738894956261385
0.3846223903216337 0.1072464141752053
0.3846223903216337 -0.1072464141752053
0.12508546503495416 0.3720643804166419
0.12508546503495416 -0.3720643804166419
0.33484995817235197 0.1710850935143441
0.33484995817235197 -0.1710850935143441
0.15305420195584424 0.33610615327707605
0.15305420195584424 -0.33610615327707605
0.3488571347981296 0.0
-0.3602482982233718 0.08470946430469292
-0.3602482982233718 -0.08470946430469292
0.19247939944065418 0.3058445787036062
0.19247939944065418 -0.3058445787036062
0.047223578588344056 0.36731495979160267
0.047223578588344056 -0.36731495979160267
0.3467969778644782 0.06488708936547556
0.3467969778644782 -0.06488708936547556
-0.28677014305004006 0.2507298202311847
-0.28677014305004006 -0.2507298202311847
-0.35938429983995507 0.0
0.010109498292982322 0.3615665235392186
0.010109498292982322 -0.3615665235392186
0.23881155595853887 0.2504579374825706
0.23881155595853887 -0.2504579374825706
0.2686392542801592 0.2182116723918117
0.2686392542801592 -0.2182116723918117
-0.2657899856479089 0.25118123603606296
-0.2657899856479089 -0.25118123603606296
-0.22984865786166778 0.27753890496960837
-0.22984865786166778 -0.27753890496960837
-0.15766998893231196 0.3173784762221815
-0.15766998893231196 -0.3173784762221815
0.2749242105910329 0.18356415415009106
0.2749242105910329 -0.18356415415009106
-0.3048936934685341 0.12824070520205258
-0.3048936934685341 -0.12824070520205258
-0.3184231741662454 0.07604261999235544
-0.3184231741662454 -0.07604261999235544
-0.09114586690561272 0.31739922551806216
-0.09114586690561272 -0.31739922551806216
-0.13349578755486097 0.30023288251285013
-0.13349578755486097 -0.30023288251285013
0.024710793853552453 0.32595890985934084
0.024710793853552453 -0.32595890985934084
-0.2557079229994407 0.2055070696513202
-0.2557079229994407 -0.2055070696513202
-0.2628122003435954 0.19369158702123324
-0.2628122003435954 -0.19369158702123324
0.28292075596201316 0.1468423910692744
0.28292075596201316 -0.1468423910692744
-0.13523300572118757 0.27290598572578284
-0.13523300572118757 -0.27290598572578284
-0.1605541725995902 0.25023630681735054
-0.1605541725995902 -0.25023630681735054
0.11509702041548137 0.27402149940216736
0.11509702041548137 -0.27402149940216736
-0.2692835118453237 0.09287240511544204
-0.2692835118453237 -0.09287240511544204
-0.27718326003773736 0.05524430879405776
-0.27718326003773736 -0.05524430879405776
-0.2800574674210345 0.016686333101537335
-0.2800574674210345 -0.016686333101537335
-0.0659326684448929 0.2779367817597892
-0.0659326684448929 -0.2779367817597892
0.0024017204393515746 0.28428506674894355
0.0024017204393515746 -0.28428506674894355
-0.23809122192665458 0.14435761035518058
-0.23809122192665458 -0.14435761035518058
0.2354872554919302 0.14576245846989289
0.2354872554919302 -0.14576245846989289
0.2678364104350165 0.057002919012325584
0.2678364104350165 -0.057002919012325584
0.27062801082997207 0.019768853333479507
0.27062801082997207 -0.019768853333479507
0.14152545864936478 0.23367573259461516
0.14152545864936478 -0.23367573259461516
-0.19616556241551147 0.18546563509729505
-0.19616556241551147 -0.18546563509729505
0.2517183447563481 0.07381710049215849
0.2517183447563481 -0.07381710049215849
0.17228776956777872 0.19941489226523018
0.17228776956777872 -0.19941489226523018
0.19169119457785283 0.17169447436694016
0.19169119457785283 -0.17169447436694016
-0.2639825977480512 0.0
0.09470217571401729 0.23912839762448615
0.09470217571401729 -0.23912839762448615
0.23160605933997871 0.1054456247749764
0.23160605933997871 -0.1054456247749764
0.14049827634791007 0.20552837128553408
0.14049827634791007 -0.20552837128553408
0.03613077240861759 0.2536951797884823
0.03613077240861759 -0.2536951797884823
-0.04788007388249274 0.25048010608008453
-0.04788007388249274 -0.25048010608008453
0.042014092828565566 0.23994255965626096
0.042014092828565566 -0.23994255965626096
-0.12509731293891604 0.20768969626959455
-0.12509731293891604 -0.20768969626959455
0.07339443230336937 0.2223535851444013
0.07339443230336937 -0.2223535851444013
0.1947776804781706 0.12365752015959684
0.1947776804781706 -0.12365752015959684
-0.21182515138799177 0.09954981839603316
-0.21182515138799177 -0.09954981839603316
-0.19266183403384354 0.12220934295295807
-0.19266183403384354 -0.12220934295295807
-0.17385045837717555 0.14690974645933877
-0.17385045837717555 -0.14690974645933877
-0.03545877773722242 0.2272753854499784
-0.03545877773722242 -0.2272753854499784
-0.1325174580630481 0.18148983789067172
-0.1325174580630481 -0.18148983789067172
-0.2073339840865318 0.08183262807038875
-0.2073339840865318 -0.08183262807038875
-0.07071957795437907 0.21141872356104316
-0.07071957795437907 -0.21141872356104316
0.2218229304433304 0.016575142505847316
0.2218229304433304 -0.016575142505847316
0.001748012355079515 0.2213411910157649
0.001748012355079515 -0.2213411910157649
0.19795047314112993 0.07578165599503794
0.19795047314112993 -0.07578165599503794
0.20424693731336568 0.05083594956413458
0.20424693731336568 -0.05083594956413458
0.1245252585154769 0.17502014823369577
0.1245252585154769 -0.17502014823369577
0.16941564477539683 0.11025635298700616
0.16941564477539683 -0.11025635298700616
0.145734002791839 0.1386419932558777
0.145734002791839 -0.1386419932558777
0.19591098952112257 0.012844210851464746
0.19591098952112257 -0.012844210851464746
-0.13806753049885215 0.16305096319618706
-0.13806753049885215 -0.16305096319618706
0.1254475740656155 0.15531267843776703
0.1254475740656155 -0.15531267843776703
-0.03821970900789893 0.2089530228554793
-0.03821970900789893 -0.2089530228554793
0.10505286247415271 0.16875032795086853
0.10505286247415271 -0.16875032795086853
-0.20754717693314229 0.010049218150020465
-0.20754717693314229 -0.010049218150020465
-0.2051924602232923 0.03672076623288792
-0.2051924602232923 -0.03672076623288792
-0.18418171084743412 0.09026028486196268
-0.18418171084743412 -0.09026028486196268
0.04716471303092146 0.1887412862450022
0.04716471303092146 -0.1887412862450022
0.00776063291015172 0.18991638246161724
0.00776063291015172 -0.18991638246161724
-0.12065603729670601 0.1511766600447587
-0.12065603729670601 -0.1511766600447587
-0.08822437586545497 0.17350684749817782
-0.08822437586545497 -0.17350684749817782
-0.016439331998230063 0.18969641283533614
-0.016439331998230063 -0.18969641283533614
-0.17629831812204774 0.0
-0.1854903521285649 0.052579449406172166
-0.1854903521285649 -0.052579449406172166
0.07752064892972413 0.16576435828044364
0.07752064892972413 -0.16576435828044364
-0.14831856153680267 0.11146993230321675
-0.14831856153680267 -0.11146993230321675
-0.09083361289502344 0.1609416637017124
-0.09083361289502344 -0.1609416637017124
0.17334427435739938 0.05332562389946463
0.17334427435739938 -0.05332562389946463
0.14641627406592242 0.10387189592468613
0.14641627406592242 -0.10387189592468613
-0.058028299225717866 0.1704882130558859
-0.058028299225717866 -0.1704882130558859
-0.1647573303890222 0.07283100121436284
-0.1647573303890222 -0.07283100121436284
-0.17015888240188162 0.026369226137590174
-0.17015888240188162 -0.026369226137590174
-0.1545675377171402 0.08515925597683495
-0.1545675377171402 -0.08515925597683495
-0.1662943421521672 0.03985102444016157
-0.1662943421521672 -0.03985102444016157
-0.1146511113821948 0.13338222663230279
-0.1146511113821948 -0.13338222663230279
0.06055021040927533 0.16511355881098685
0.06055021040927533 -0.16511355881098685
0.0500726412487725 0.16554997814407396
0.0500726412487725 -0.16554997814407396
-0.029258725328836235 0.16706803153297745
-0.029258725328836235 -0.16706803153297745
0.09696247889306292 0.1373656407835022
0.09696247889306292 -0.1373656407835022
0.07266692674640098 0.14884856941453692
0.07266692674640098 -0.14884856941453692
0.1494379903693433 0.08054689793542412
0.1494379903693433 -0.08054689793542412
-0.11412881742505743 0.12041741160669787
-0.11412881742505743 -0.12041741160669787
0.12402266365167318 0.10883356177599605
0.12402266365167318 -0.10883356177599605
0.17260855905072542 0.03170235882468656
0.17260855905072542 -0.03170235882468656
0.15352756508661258 0.062431764837209434
0.15352756508661258 -0.062431764837209434
-0.0681975274831561 0.14930547112867323
-0.0681975274831561 -0.14930547112867323
-0.002169798802710542 0.15999686655830644
-0.002169798802710542 -0.15999686655830644
0.16057913258947515 0.042562219236938766
0.16057913258947515 -0.042562219236938766
0.1607166167492014 0.0
-0.07698623200204505 0.1419285035964067
-0.07698623200204505 -0.1419285035964067
-0.14500859234647118 0.060625856348781
-0.14500859234647118 -0.060625856348781
0.15723285163272505 0.017192003377424422
0.15723285163272505 -0.017192003377424422
-0.12497505923159227 0.09178686669553826
-0.12497505923159227 -0.09178686669553826
0.10881518110404287 0.10778607594501569
0.10881518110404287 -0.10778607594501569
-0.13622617263787512 0.0688751604001099
-0.13622617263787512 -0.0688751604001099
-0.09908223550378599 0.11423691043017736
-0.09908223550378599 -0.11423691043017736
-0.15059488880259575 0.0
-0.011357038109440653 0.1501346339692841
-0.011357038109440653 -0.1501346339692841
-0.05272656691652454 0.1398280093426026
-0.05272656691652454 -0.1398280093426026
-0.14678285582960862 0.024561419716638232
-0.14678285582960862 -0.024561419716638232
0.01282378816238048 0.14413738061049536
0.01282378816238048 -0.14413738061049536
0.03418382311055217 0.14191697389504182
0.03418382311055217 -0.14191697389504182
-0.0493136814924975 0.13233162731107947
-0.0493136814924975 -0.13233162731107947
0.13424041156914962 0.06607706235612698
0.13424041156914962 -0.06607706235612698
0.08618367524760714 0.11511530122102297
0.08618367524760714 -0.11511530122102297
0.13659520738405867 0.051497319455311025
0.13659520738405867 -0.051497319455311025
0.11323339375575939 0.08638861046049809
0.11323339375575939 -0.08638861046049809
0.06730428332632926 0.1222222321206379
0.06730428332632926 -0.1222222321206379
0.1386457324138589 0.0213597279149544
0.1386457324138589 -0.0213597279149544
-0.1322048809106685 0.031039896025146833
-0.1322048809106685 -0.031039896025146833
-0.13772762187472865 0.0034786877551169775
-0.13772762187472865 -0.0034786877551169775
0.11984983629589326 0.06288660473043137
0.11984983629589326 -0.06288660473043137
-0.07210070485791865 0.10737356212171154
-0.07210070485791865 -0.10737356212171154
0.10080950587136567 0.08580904459354623
0.10080950587136567 -0.08580904459354623
0.05915073556638476 0.11738990626880874
0.05915073556638476 -0.11738990626880874
0.12034319374598312 0.032877918545653716
0.12034319374598312 -0.032877918545653716
0.12340106428780692 0.012569027292864248
0.12340106428780692 -0.012569027292864248
0.08005877560769536 0.09833342090306922
0.08005877560769536 -0.09833342090306922
-0.12660974978998174 0.0
0.08944111923609685 0.08413430354241103
0.08944111923609685 -0.08413430354241103
0.10595884433258417 0.052726584762077505
0.10595884433258417 -0.052726584762077505
-0.11801778198541196 0.04733673057278311
-0.11801778198541196 -0.04733673057278311
-0.016963316430562946 0.12783733955385237
-0.016963316430562946 -0.12783733955385237
-0.00048006580376116386 0.12815870581187366
-0.00048006580376116386 -0.12815870581187366
0.029671051066734594 0.12126508232606065
0.029671051066734594 -0.12126508232606065
-0.10465875183706934 0.0643557838854011
-0.10465875183706934 -0.0643557838854011
-0.09089436402508379 0.08452824611377403
-0.09089436402508379 -0.08452824611377403
-0.060836857413668004 0.10979012919442524
-0.060836857413668004 -0.10979012919442524
-0.07248061076832994 0.09788781329965142
-0.07248061076832994 -0.09788781329965142
-0.035802152904926665 0.11897438494437548
-0.035802152904926665 -0.11897438494437548
0.01143593752043716 0.12440752599292255
0.01143593752043716 -0.12440752599292255
-0.0923257705833572 0.07168610957339812
-0.0923257705833572 -0.07168610957339812
0.0420058482958148 0.11056164441413496
0.0420058482958148 -0.11056164441413496
-0.10142859927669157 0.05325141030137799
-0.10142859927669157 -0.05325141030137799
-0.01819230810859789 0.12006373947618554
-0.01819230810859789 -0.12006373947618554
-0.07292693362306403 0.08563785610946265
-0.07292693362306403 -0.08563785610946265
-0.07570059556766504 0.07804082072387357
-0.07570059556766504 -0.07804082072387357
0.07749273300339884 0.07689116780871592
0.07749273300339884 -0.07689116780871592
-0.0407286432388726 0.10876800418665884
-0.0407286432388726 -0.10876800418665884
0.01968504358631013 0.11412422602960999
0.01968504358631013 -0.11412422602960999
0.014293444881812271 0.11466805975094893
0.014293444881812271 -0.11466805975094893
0.11681228558015813 0.0
-0.04755603984062354 0.10390864728543285
-0.04755603984062354 -0.10390864728543285
-0.11037091082366476 0.02185841063539645
-0.11037091082366476 -0.02185841063539645
0.10980685519398617 0.029677818269928637
0.10980685519398617 -0.029677818269928637
-0.1051604405316037 0.03374961424796849
-0.1051604405316037 -0.03374961424796849
-0.015330411742826918 0.10817289396083798
-0.015330411742826918 -0.10817289396083798
0.0658653279869873 0.08600070448136166
0.0658653279869873 -0.08600070448136166
-0.10881839625855474 0.0075821632389482235
-0.10881839625855474 -0.0075821632389482235
-0.0032491687614988893 0.10779501563816188
-0.0032491687614988893 -0.10779501563816188
0.06134703107207187 0.08816202184388039
0.06134703107207187 -0.08816202184388039
0.0924835878481825 0.058179720196393024
0.0924835878481825 -0.058179720196393024
0.10744212957024035 0.01269464290346151
0.10744212957024035 -0.01269464290346151
0.08862345578719832 0.060159388932325704
0.08862345578719832 -0.060159388932325704
-0.09848101517810834 0.0
-0.05694776822992163 0.08489316687787318
-0.05694776822992163 -0.08489316687787318
-0.051296856266755245 0.08782942276761468
-0.051296856266755245 -0.08782942276761468
0.07436222826973615 0.07141787843115845
0.07436222826973615 -0.07141787843115845
0.08672814419393556 0.05073078241694942
0.08672814419393556 -0.05073078241694942
-0.0911776167954497 0.0421742260540276
-0.0911776167954497 -0.0421742260540276
-0.08028665248363544 0.05470403779680679
-0.08028665248363544 -0.05470403779680679
0.033613592164494485 0.09227113492309949
0.033613592164494485 -0.09227113492309949
0.021606731978976224 0.0944553671440986
0.021606731978976224 -0.0944553671440986
0.09826514881481384 0.00368921866676616
0.09826514881481384 -0.00368921866676616
-0.09609447517674613 0.018852403520697652
-0.09609447517674613 -0.018852403520697652
-0.0898876802885539 0.030182782494713685
-0.0898876802885539 -0.030182782494713685
0.04772329673997676 0.0809360794269942
0.04772329673997676 -0.0809360794269942
0.002670574952108818 0.09278558537900637
0.002670574952108818 -0.09278558537900637
-0.09650613381496816 0.0
-0.04295743794878018 0.08371956456472593
-0.04295743794878018 -0.08371956456472593
-0.016402247808543408 0.09142666061865931
-0.016402247808543408 -0.09142666061865931
0.05289966489667086 0.07274968082627468
0.05289966489667086 -0.07274968082627468
0.0373671749986324 0.08124854391831324
0.0373671749986324 -0.08124854391831324
-0.0827741243374851 0.027963164716468286
-0.0827741243374851 -0.027963164716468286
0.09071913882587507 0.021872833191870427
0.09071913882587507 -0.021872833191870427
0.07784879729138922 0.045589440090711385
0.07784879729138922 -0.045589440090711385
0.08326733540687001 0.03498259030573316
0.08326733540687001 -0.03498259030573316
0.08891170929925393 0.011413694559307337
0.08891170929925393 -0.011413694559307337
-0.029603201541865826 0.08293735185306571
-0.029603201541865826 -0.08293735185306571
-0.052372347280916054 0.06871093083766369
-0.052372347280916054 -0.06871093083766369
-0.016814468474854984 0.08467114029401462
-0.016814468474854984 -0.08467114029401462
-0.07432579855619131 0.0389083841370077
-0.07432579855619131 -0.0389083841370077
-0.06957794966501657 0.04744974132971666
-0.06957794966501657 -0.04744974132971666
0.06345844991797642 0.057012480093042855
0.06345844991797642 -0.057012480093042855
0.01847502501617552 0.08133216614124443
0.01847502501617552 -0.08133216614124443
0.05775796673870325 0.060276376481050546
0.05775796673870325 -0.060276376481050546
-0.08157835003489014 0.0
-0.04618412387462826 0.06556399896097721
-0.04618412387462826 -0.06556399896097721
-0.057547087068532315 0.051649556044099126
-0.057547087068532315 -0.051649556044099126
0.010542094831267444 0.08030251713930028
0.010542094831267444 -0.08030251713930028
6.549584288711706e-05 0.07865948577271688
6.549584288711706e-05 -0.07865948577271688
0.04073014076517822 0.06937197099934883
0.04073014076517822 -0.06937197099934883
-0.00853628591970886 0.07679298024321407
-0.00853628591970886 -0.07679298024321407
-0.07149419347165328 0.02846076701788693
-0.07149419347165328 -0.02846076701788693
0.07318558828225784 0.022852005919375383
0.07318558828225784 -0.022852005919375383
-0.07500212906884478 0.014862511690141503
-0.07500212906884478 -0.014862511690141503
0.045987866975385455 0.05884526444870139
0.045987866975385455 -0.05884526444870139
-0.03965912861805714 0.062908717119161
-0.03965912861805714 -0.062908717119161
0.06823452021987546 0.030573354590967185
0.06823452021987546 -0.030573354590967185
0.021730382432477435 0.07204790757967121
0.021730382432477435 -0.07204790757967121
-0.07060346607703599 0.017095077611952086
-0.07060346607703599 -0.017095077611952086
0.07356588041193132 0.004583728542627778
0.07356588041193132 -0.004583728542627778
0.05830724138637115 0.04130092046044944
0.05830724138637115 -0.04130092046044944
-0.054622306020873895 0.04411429908272196
-0.054622306020873895 -0.04411429908272196
-0.0609621936376216 0.030655947869064684
-0.0609621936376216 -0.030655947869064684
-0.06677352488942491 0.0
0.049671541669460514 0.050570739879698776
0.049671541669460514 -0.050570739879698776
-0.028724660428173242 0.06284210376928055
-0.028724660428173242 -0.06284210376928055
0.03841673874199146 0.05660249373198452
0.03841673874199146 -0.05660249373198452
-0.019442653214968603 0.06528047165571765
-0.019442653214968603 -0.06528047165571765
-0.04590675253354183 0.04386644650222273
-0.04590675253354183 -0.04386644650222273
-0.0335361373833192 0.05426878055497371
-0.0335361373833192 -0.05426878055497371
0.04036727732943555 0.05019544877128216
0.04036727732943555 -0.05019544877128216
0.01981506084370275 0.06319118598062982
0.01981506084370275 -0.06319118598062982
0.06094615909619107 0.023961022844733695
0.06094615909619107 -0.023961022844733695
-0.05341413056112029 0.03292811239938119
-0.05341413056112029 -0.03292811239938119
-0.0007895554542397777 0.06451189592562565
-0.0007895554542397777 -0.06451189592562565
-0.04018169386273976 0.04574101519015152
-0.04018169386273976 -0.04574101519015152
-0.01054830608421145 0.061323872524677796
-0.01054830608421145 -0.061323872524677796
0.014002022050553748 0.058874067111852973
0.014002022050553748 -0.058874067111852973
-0.05604772704886149 0.010794586079860686
-0.05604772704886149 -0.010794586079860686
0.027907250728772294 0.04994345622051577
0.027907250728772294 -0.04994345622051577
0.0580569859987016 0.010728791099398635
0.0580569859987016 -0.010728791099398635
0.05747469942627736 0.0
0.05372414538199194 0.020048421557238058
0.05372414538199194 -0.020048421557238058
0.05766618578487853 0.007463050070608165
0.05766618578487853 -0.007463050070608165
0.040860534362685066 0.039193480736436456
0.040860534362685066 -0.039193480736436456
-0.05129341483663095 0.013067917595046122
-0.05129341483663095 -0.013067917595046122
-0.04157273603350943 0.03008933802958541
-0.04157273603350943 -0.03008933802958541
-0.014590156237138685 0.05200341275613803
-0.014590156237138685 -0.05200341275613803
-0.04325818719002846 0.017863276816388704
-0.04325818719002846 -0.017863276816388704
-0.02818661626662782 0.036532259875459196
-0.02818661626662782 -0.036532259875459196
-0.020659368549723535 0.04417951411592609
-0.020659368549723535 -0.04417951411592609
0.036418587375317314 0.03419286436931901
0.036418587375317314 -0.03419286436931901
-0.04174199413797492 0.004566558285705011
-0.04174199413797492 -0.004566558285705011
-0.00288258500851373 0.050059094290575
-0.00288258500851373 -0.050059094290575
0.043409971330890106 0.018649048679210488
0.043409971330890106 -0.018649048679210488
0.00901346104380947 0.04547735207333751
0.00901346104380947 -0.04547735207333751
-0.0080356131792899 0.04371541703415283
-0.0080356131792899 -0.04371541703415283
0.024858133572125324 0.03427757121349531
0.024858133572125324 -0.03427757121349531
0.013810959379073416 0.04025812037431515
0.013810959379073416 -0.04025812037431515
0.03141457938518984 0.02450065075716498
0.03141457938518984 -0.02450065075716498
-0.030587732354308318 0.022746443119896917
-0.030587732354308318 -0.022746443119896917
0.0381862742774354 0.0
0.03754094615768656 0.010987453358373318
0.03754094615768656 -0.010987453358373318
-0.008344755298572329 0.035450920842026605
-0.008344755298572329 -0.035450920842026605
-0.017569491681826144 0.029041653050180534
-0.017569491681826144 -0.029041653050180534
0.030236729421734755 0.0
0.02838366137992994 0.0
0.02204168132254937 0.01535857719272422
0.02204168132254937 -0.01535857719272422
-0.031711257404158574 0.005568478898910617
-0.031711257404158574 -0.005568478898910617
0.01586606423598561 0.02116842956266998
0.01586606423598561 -0.02116842956266998
0.00030004376233867277 0.026294025886501326
0.00030004376233867277 -0.026294025886501326
0.007535495765597382 0.023342606259105968
0.007535495765597382 -0.023342606259105968
-0.017991328620446105 0.016340437486787363
-0.017991328620446105 -0.016340437486787363
-0.023353825518027616 0.002724813423321499
-0.023353825518027616 -0.002724813423321499
-0.017023747159974303 0.011872972116524515
-0.017023747159974303 -0.011872972116524515
0.015684541272527882 0.0
0.000189626239024063 0.019824624972657502
0.000189626239024063 -0.019824624972657502
-0.01695446000415303 0.006687044765400256
-0.01695446000415303 -0.006687044765400256
-0.0011069599227494882 0.011993533307335182
-0.0011069599227494882 -0.011993533307335182
0.0009673365545219796 0.003095862911512979
0.0009673365545219796 -0.003095862911512979
0.010879343127911627 0.0030850651905028627
0.010879343127911627 -0.0030850651905028627
