3.432594280277695 0.0
-2.738837893982908 0.0
-1.0837608047179323 0.5610389809109992
-1.0837608047179323 -0.5610389809109992
-0.4318520807232461 0.9709165432249031
-0.4318520807232461 -0.9709165432249031
0.45676761161938795 0.9211877586376507
0.45676761161938795 -0.9211877586376507
0.5107215435987528 0.8596247871967809
0.5107215435987528 -0.8596247871967809
0.8859282796464448 0.5144689934750236
0.8859282796464448 -0.5144689934750236
1.0097749067403599 0.0
0.6888249467953911 0.6956590398275767
0.6888249467953911 -0.6956590398275767
0.935543809679172 0.28389324492333873
0.935543809679172 -0.28389324492333873
0.9390533858640423 0.19863223424705492
0.9390533858640423 -0.19863223424705492
0.2995344177949558 0.9051390409424822
0.2995344177949558 -0.9051390409424822
0.8340642071591076 0.3740169517023761
0.8340642071591076 -0.3740169517023761
0.9021472092670819 0.0
0.7313869787335975 0.5192875240810199
0.7313869787335975 -0.5192875240810199
0.7611198429942931 0.46724966159312015
0.7611198429942931 -0.46724966159312015
0.8645562910205117 0.1388756562832719
0.8645562910205117 -0.1388756562832719
-0.16075124933895765 0.9934535935925327
-0.16075124933895765 -0.9934535935925327
-0.5306017897556022 0.8494680445734711
-0.5306017897556022 -0.8494680445734711
0.1807319888873145 0.9071137283909988
0.1807319888873145 -0.9071137283909988
0.06037302570541207 0.9420156797174436
0.06037302570541207 -0.9420156797174436
-1.0327753887508724 0.0
-0.9904046110651823 0.23600424832648392
-0.9904046110651823 -0.23600424832648392
-0.03204436265729062 0.9258747214732511
-0.03204436265729062 -0.9258747214732511
-0.3884383068172677 0.8585861471074572
-0.3884383068172677 -0.8585861471074572
-0.10783914825415858 0.9140495649546134
-0.10783914825415858 -0.9140495649546134
-0.22166955808225605 0.8977395642288711
-0.22166955808225605 -0.8977395642288711
-0.9767735646051099 0.0
-0.6314423531814589 0.6836750889107059
-0.6314423531814589 -0.6836750889107059
-0.7609664559028975 0.5528699611763027
-0.7609664559028975 -0.5528699611763027
-0.8662353221703056 0.3497163369777191
-0.8662353221703056 -0.3497163369777191
-0.7447036324330032 0.48306155319970157
-0.7447036324330032 -0.48306155319970157
-0.8460049918717439 0.27196377225089224
-0.8460049918717439 -0.27196377225089224
-0.862594896617144 0.1596339962874114
-0.862594896617144 -0.1596339962874114
-0.2735423337429509 0.8146880163148851
-0.2735423337429509 -0.8146880163148851
0.36384179522950977 0.7627885836495896
0.36384179522950977 -0.7627885836495896
0.6156336199580943 0.5763621185790586
0.6156336199580943 -0.5763621185790586
0.5227097651401799 0.6313321679031225
0.5227097651401799 -0.6313321679031225
0.6072165298696786 0.523364091697945
0.6072165298696786 -0.523364091697945
0.06777602296254423 0.8110973499911303
0.06777602296254423 -0.8110973499911303
0.5471898959870308 0.5719196224785983
0.5471898959870308 -0.5719196224785983
0.36187512088000745 0.6979072978652529
0.36187512088000745 -0.6979072978652529
-0.6734487831222682 0.4697810388450978
-0.6734487831222682 -0.4697810388450978
-0.7247769133020527 0.34456047488069
-0.7247769133020527 -0.34456047488069
0.7750510768498944 0.17116778604199168
0.7750510768498944 -0.17116778604199168
-0.41809477345505064 0.6663525412280343
-0.41809477345505064 -0.6663525412280343
-0.48079383731940295 0.6224080198276147
-0.48079383731940295 -0.6224080198276147
-0.5729651250113736 0.5347691732879546
-0.5729651250113736 -0.5347691732879546
-0.7305678930105306 0.23348569996035315
-0.7305678930105306 -0.23348569996035315
-0.7103913145871286 0.280533121831806
-0.7103913145871286 -0.280533121831806
0.176698928431833 0.7383003715867869
0.176698928431833 -0.7383003715867869
-0.07123501254408379 0.7608980594982241
-0.07123501254408379 -0.7608980594982241
-0.15815925051560664 0.7397615689124348
-0.15815925051560664 -0.7397615689124348
-0.32071733508790307 0.6718852796020003
-0.32071733508790307 -0.6718852796020003
-0.5000949440798041 0.5398563114737241
-0.5000949440798041 -0.5398563114737241
0.7046903412213055 0.2570312507799517
0.7046903412213055 -0.2570312507799517
-0.6894745274385877 0.0
-0.7148418833281132 0.06700173558953462
-0.7148418833281132 -0.06700173558953462
0.10486607664609003 0.7168382450830586
0.10486607664609003 -0.7168382450830586
0.7299372916066191 0.08216787492499077
0.7299372916066191 -0.08216787492499077
0.5761795732416057 0.40636631518646626
0.5761795732416057 -0.40636631518646626
0.5844120997687686 0.3783837603029733
0.5844120997687686 -0.3783837603029733
-0.05408117535467522 0.6938833420271179
-0.05408117535467522 -0.6938833420271179
-0.542964599398716 0.42738106963265654
-0.542964599398716 -0.42738106963265654
0.6753684062898339 0.13144678720714154
0.6753684062898339 -0.13144678720714154
-0.6764264349790546 0.0
-0.6598975026233582 0.13044144640707134
-0.6598975026233582 -0.13044144640707134
0.4582711002339876 0.4917965268411751
0.4582711002339876 -0.4917965268411751
0.3094468463898493 0.591369806303393
0.3094468463898493 -0.591369806303393
0.24706464619501964 0.6167497245891099
0.24706464619501964 -0.6167497245891099
-0.30027635173253797 0.5690804208662597
-0.30027635173253797 -0.5690804208662597
0.5770424147867546 0.2948003607309595
0.5770424147867546 -0.2948003607309595
-0.40381510103036977 0.49015758038623075
-0.40381510103036977 -0.49015758038623075
-0.2312752852457043 0.578235296522266
-0.2312752852457043 -0.578235296522266
-0.5788337862168427 0.22847240455197143
-0.5788337862168427 -0.22847240455197143
0.6118557575524212 0.0
0.022656421108076256 0.6083471782512773
0.022656421108076256 -0.6083471782512773
0.28212645910969214 0.5366754053962501
0.28212645910969214 -0.5366754053962501
-0.18197749805359004 0.5642709773782205
-0.18197749805359004 -0.5642709773782205
0.5901122138018744 0.13809976011682412
0.5901122138018744 -0.13809976011682412
0.36171730366064664 0.47349540884409064
0.36171730366064664 -0.47349540884409064
-0.5594023452771963 0.16165390539532482
-0.5594023452771963 -0.16165390539532482
-0.5605166985775007 0.01807413948908473
-0.5605166985775007 -0.01807413948908473
-0.3318392511007423 0.4467409752596477
-0.3318392511007423 -0.4467409752596477
-0.40126728497013064 0.38347577518476333
-0.40126728497013064 -0.38347577518476333
0.45662487265776536 0.34654760131205187
0.45662487265776536 -0.34654760131205187
-0.4647557387219786 0.3130288236131369
-0.4647557387219786 -0.3130288236131369
0.5009475012977863 0.2497953868154991
0.5009475012977863 -0.2497953868154991
-0.07068045026578572 0.5393453648748857
-0.07068045026578572 -0.5393453648748857
0.06800501153744574 0.5374499996266668
0.06800501153744574 -0.5374499996266668
-0.03262253085284675 0.5268908255609811
-0.03262253085284675 -0.5268908255609811
0.5374400649835432 0.04220048049700518
0.5374400649835432 -0.04220048049700518
0.26599537462867995 0.4400991552348725
0.26599537462867995 -0.4400991552348725
0.23548840350438766 0.45857186533210675
0.23548840350438766 -0.45857186533210675
0.5013109346021153 0.0
-0.40533715687461963 0.29750485754925254
-0.40533715687461963 -0.29750485754925254
0.5013843857202632 0.07713932604659175
0.5013843857202632 -0.07713932604659175
0.3858132739422796 0.3247155562465981
0.3858132739422796 -0.3247155562465981
-0.44600438444770085 0.22955402213345286
-0.44600438444770085 -0.22955402213345286
0.21191660024654954 0.45106829545547467
0.21191660024654954 -0.45106829545547467
0.4527577215356411 0.18659078991833042
0.4527577215356411 -0.18659078991833042
-0.27922931121874994 0.3904578517464286
-0.27922931121874994 -0.3904578517464286
-0.3871463856739261 0.2789908848813998
-0.3871463856739261 -0.2789908848813998
-0.18557741383031515 0.4388399831508733
-0.18557741383031515 -0.4388399831508733
0.35324740865940907 0.30622399613921036
0.35324740865940907 -0.30622399613921036
0.12160451880343393 0.45518704867489596
0.12160451880343393 -0.45518704867489596
-0.4639178802223626 0.0
0.015921697538710963 0.46047197153442765
0.015921697538710963 -0.46047197153442765
-0.3120974893145012 0.3231859121065556
-0.3120974893145012 -0.3231859121065556
0.42438079481621 0.0
-0.424672180060489 0.08510481349209625
-0.424672180060489 -0.08510481349209625
0.37375208938401483 0.17402378182294523
0.37375208938401483 -0.17402378182294523
0.1172866217274937 0.40771218755679844
0.1172866217274937 -0.40771218755679844
-0.24540250783782816 0.33899814173167014
-0.24540250783782816 -0.33899814173167014
-0.39021171817164835 0.14204857144445873
-0.39021171817164835 -0.14204857144445873
-0.2659106853390619 0.3159000200400623
-0.2659106853390619 -0.3159000200400623
0.31864392426951516 0.24461062617543866
0.31864392426951516 -0.24461062617543866
-0.0957953789494759 0.39850981430721266
-0.0957953789494759 -0.39850981430721266
0.37003068724163196 0.09323209206675746
0.37003068724163196 -0.09323209206675746
0.2012553988212403 0.3423670675327094
0.2012553988212403 -0.3423670675327094
0.3370606861205528 0.1603236423237922
0.3370606861205528 -0.1603236423237922
-0.19157867266062323 0.3377739343698045
-0.19157867266062323 -0.3377739343698045
-0.33506821583929197 0.1752904743434747
-0.33506821583929197 -0.1752904743434747
0.2647875200525963 0.2682014800908605
0.2647875200525963 -0.2682014800908605
0.04098760483957887 0.3833326825893956
0.04098760483957887 -0.3833326825893956
-0.3655125813708524 0.0565640045952231
-0.3655125813708524 -0.0565640045952231
-0.3683193323860199 0.020066907479655168
-0.3683193323860199 -0.020066907479655168
0.12752925487911165 0.3520815018370713
0.12752925487911165 -0.3520815018370713
0.34432226149910816 0.039597719632897654
0.34432226149910816 -0.039597719632897654
-0.13860383769271198 0.3367596657155953
-0.13860383769271198 -0.3367596657155953
-0.051496726294863474 0.36364077221449126
-0.051496726294863474 -0.36364077221449126
-0.33941191725757225 0.0
0.057878674248290574 0.35059637720703307
0.057878674248290574 -0.35059637720703307
-0.3417299125935191 0.07075676522146847
-0.3417299125935191 -0.07075676522146847
-0.06174444103448966 0.3375138380628143
-0.06174444103448966 -0.3375138380628143
0.16313220880256818 0.3025389018530225
0.16313220880256818 -0.3025389018530225
0.12520676721321664 0.31969961481108744
0.12520676721321664 -0.31969961481108744
-0.20071266053942002 0.27650089352620105
-0.20071266053942002 -0.27650089352620105
0.20938403109309645 0.26829837693779535
0.20938403109309645 -0.26829837693779535
0.1437993628760338 0.3083454996005118
0.1437993628760338 -0.3083454996005118
-0.316290603645276 0.12436267552287572
-0.316290603645276 -0.12436267552287572
0.26604465215750195 0.1956776491600515
0.26604465215750195 -0.1956776491600515
0.21924594104858525 0.24002602224744085
0.21924594104858525 -0.24002602224744085
0.30221262189546244 0.10350531233390324
0.30221262189546244 -0.10350531233390324
0.32001261785893786 0.0
0.2620476026902867 0.17936009975326989
0.2620476026902867 -0.17936009975326989
-0.2718509305011598 0.17171645311389389
-0.2718509305011598 -0.17171645311389389
-0.08114651593577325 0.3150106932624757
-0.08114651593577325 -0.3150106932624757
0.3083895106020612 0.0428089164256853
0.3083895106020612 -0.0428089164256853
-0.1715952491976233 0.26893710435436075
-0.1715952491976233 -0.26893710435436075
-0.2061783302073048 0.23778271902050488
-0.2061783302073048 -0.23778271902050488
-0.3169069664981071 0.0
0.30544324167126913 0.0
0.243438724219255 0.18105378039684977
0.243438724219255 -0.18105378039684977
-0.1287868964076147 0.27650309024630987
-0.1287868964076147 -0.27650309024630987
0.28645552695097753 0.0
-0.019579632502121358 0.30462103491455156
-0.019579632502121358 -0.30462103491455156
-0.23231220143782444 0.19032221199690344
-0.23231220143782444 -0.19032221199690344
0.2647512875193505 0.12935578514349902
0.2647512875193505 -0.12935578514349902
0.039682298192602355 0.30054288458521045
0.039682298192602355 -0.30054288458521045
-0.2887903602996157 0.06417370201341199
-0.2887903602996157 -0.06417370201341199
-0.2614198975382216 0.127035480148313
-0.2614198975382216 -0.127035480148313
0.26403142563440307 0.09555021376667565
0.26403142563440307 -0.09555021376667565
-0.10068892755015127 0.26697158995669534
-0.10068892755015127 -0.26697158995669534
0.13328457355996973 0.2485096536873621
0.13328457355996973 -0.2485096536873621
0.15595113469324162 0.23387282401551146
0.15595113469324162 -0.23387282401551146
-0.1480076121682981 0.23726751715841132
-0.1480076121682981 -0.23726751715841132
-0.2714177770732972 0.0809231514635901
-0.2714177770732972 -0.0809231514635901
-0.0095138912348071 0.2821576293626027
-0.0095138912348071 -0.2821576293626027
0.21711355501044072 0.17246735473493638
0.21711355501044072 -0.17246735473493638
-0.27999449649567804 0.027530327877085512
-0.27999449649567804 -0.027530327877085512
0.005535528824707719 0.2782288373092322
0.005535528824707719 -0.2782288373092322
0.06788440416788476 0.26769594867300156
0.06788440416788476 -0.26769594867300156
-0.20841936545053447 0.17623086951765826
-0.20841936545053447 -0.17623086951765826
0.2679364248156114 0.0520133742281741
0.2679364248156114 -0.0520133742281741
0.2564188209936237 0.08246204332092227
0.2564188209936237 -0.08246204332092227
0.25705368794001404 0.039807971310359944
0.25705368794001404 -0.039807971310359944
0.22931939800086254 0.12077418867794383
0.22931939800086254 -0.12077418867794383
0.25237444427175 0.0
0.08891293532976122 0.2559018198045606
0.08891293532976122 -0.2559018198045606
-0.12565304060380017 0.2422578028699092
-0.12565304060380017 -0.2422578028699092
0.10109294121410278 0.2483926818247099
0.10109294121410278 -0.2483926818247099
-0.2244527625485207 0.14992074483773107
-0.2244527625485207 -0.14992074483773107
-0.03454718206710268 0.26858064567908874
-0.03454718206710268 -0.26858064567908874
-0.07150511674913643 0.26102245523089807
-0.07150511674913643 -0.26102245523089807
-0.16186700251645064 0.20972865895136572
-0.16186700251645064 -0.20972865895136572
0.16554517061326549 0.20109705876562958
0.16554517061326549 -0.20109705876562958
-0.1907925523570746 0.17741723486468094
-0.1907925523570746 -0.17741723486468094
0.049909572837188144 0.25436171527165624
0.049909572837188144 -0.25436171527165624
-0.23394854922596212 0.1100279936221396
-0.23394854922596212 -0.1100279936221396
0.18387108435460597 0.17251747650872357
0.18387108435460597 -0.17251747650872357
-0.23592311744639022 0.10271959554103512
-0.23592311744639022 -0.10271959554103512
-0.1189530853731689 0.2262886873888297
-0.1189530853731689 -0.2262886873888297
-0.25500164241293616 0.016179974887946084
-0.25500164241293616 -0.016179974887946084
-0.2468306889928818 0.0
0.20290691800455732 0.13497269633228776
0.20290691800455732 -0.13497269633228776
0.07324758595125641 0.23452211951334573
0.07324758595125641 -0.23452211951334573
-0.03336259055908834 0.24427266469686462
-0.03336259055908834 -0.24427266469686462
-0.053446889707817774 0.23950743917361436
-0.053446889707817774 -0.23950743917361436
0.1325397394866432 0.2033494900200262
0.1325397394866432 -0.2033494900200262
0.11986081498215612 0.21212988950169492
0.11986081498215612 -0.21212988950169492
-0.1769573984874357 0.16459550069604958
-0.1769573984874357 -0.16459550069604958
-0.23099238358643506 0.06743792915753757
-0.23099238358643506 -0.06743792915753757
-0.23749401635831302 0.0
-0.23468063452987065 0.03778747482945104
-0.23468063452987065 -0.03778747482945104
-0.204973675886423 0.12071346716487184
-0.204973675886423 -0.12071346716487184
-0.16704129807214857 0.17057174316590631
-0.16704129807214857 -0.17057174316590631
-0.19540964763426968 0.12515495441648547
-0.19540964763426968 -0.12515495441648547
-0.14978885646413975 0.17717518684141875
-0.14978885646413975 -0.17717518684141875
-0.13530259000401662 0.17958148016499761
-0.13530259000401662 -0.17958148016499761
-0.10886262811464868 0.201264646969181
-0.10886262811464868 -0.201264646969181
-0.08132779621564924 0.2137061877657557
-0.08132779621564924 -0.2137061877657557
0.024096469280877046 0.24065742637860044
0.024096469280877046 -0.24065742637860044
0.08900464614719977 0.22426063300086857
0.08900464614719977 -0.22426063300086857
0.046311562995593275 0.23443198881705082
0.046311562995593275 -0.23443198881705082
-0.05411447591648329 0.223318468238516
-0.05411447591648329 -0.223318468238516
0.23700206713026462 0.012833211353767821
0.23700206713026462 -0.012833211353767821
0.1944254070149699 0.13025051728256568
0.1944254070149699 -0.13025051728256568
0.22739494183370842 0.04730889367332178
0.22739494183370842 -0.04730889367332178
-0.16767887155363836 0.14140630665565387
-0.16767887155363836 -0.14140630665565387
-0.01515974011734589 0.2331389163747908
-0.01515974011734589 -0.2331389163747908
0.22277991487737836 0.0
0.16907000949835196 0.15608722800753533
0.16907000949835196 -0.15608722800753533
0.20491782590104934 0.09805348163787951
0.20491782590104934 -0.09805348163787951
0.010557580566041138 0.23027108718945005
0.010557580566041138 -0.23027108718945005
0.20969068064558696 0.06801783340773841
0.20969068064558696 -0.06801783340773841
0.14662350041294558 0.1630834150121095
0.14662350041294558 -0.1630834150121095
0.12363471868408141 0.18407951081655274
0.12363471868408141 -0.18407951081655274
0.2027704815513291 0.08461023392868847
0.2027704815513291 -0.08461023392868847
0.07454071466089121 0.20951123085193993
0.07454071466089121 -0.20951123085193993
0.004698148286242676 0.22582382817403115
0.004698148286242676 -0.22582382817403115
0.09342333437442549 0.19999450486849496
0.09342333437442549 -0.19999450486849496
0.21264581153003764 0.0
-0.21330826850122375 0.04796840994153373
-0.21330826850122375 -0.04796840994153373
-0.21679046212163822 0.02767835889822901
-0.21679046212163822 -0.02767835889822901
0.17538450724721774 0.1284196491798878
0.17538450724721774 -0.1284196491798878
-0.18435437223182374 0.11034038708191143
-0.18435437223182374 -0.11034038708191143
-0.19386228690843602 0.08733824798825315
-0.19386228690843602 -0.08733824798825315
0.18524274861571532 0.09992878123426625
0.18524274861571532 -0.09992878123426625
0.15120213394612422 0.1447104042880803
0.15120213394612422 -0.1447104042880803
-0.11431536008784049 0.18239806785231627
-0.11431536008784049 -0.18239806785231627
-0.06792050295560033 0.2041623102239399
-0.06792050295560033 -0.2041623102239399
0.20752662011472467 0.034424633895171586
0.20752662011472467 -0.034424633895171586
-0.1368978402152425 0.15971677570244075
-0.1368978402152425 -0.15971677570244075
-0.03040067729821804 0.21129195729863612
-0.03040067729821804 -0.21129195729863612
-0.07693623718046998 0.19624070406173907
-0.07693623718046998 -0.19624070406173907
-0.19999166832005136 0.0
-0.1984411551930891 0.07057799867303688
-0.1984411551930891 -0.07057799867303688
-0.1493874956876348 0.14020122670074195
-0.1493874956876348 -0.14020122670074195
-0.19926432489715581 0.04287493236633359
-0.19926432489715581 -0.04287493236633359
-0.003938724491848517 0.20770827784638093
-0.003938724491848517 -0.20770827784638093
0.020560774779053423 0.20559090477282943
0.020560774779053423 -0.20559090477282943
0.08235426116103234 0.18473779935314197
0.08235426116103234 -0.18473779935314197
0.09454948210102315 0.17822875527434712
0.09454948210102315 -0.17822875527434712
0.1919475894456779 0.0795794804441795
0.1919475894456779 -0.0795794804441795
0.201013398155521 0.044191565229028056
0.201013398155521 -0.044191565229028056
0.138885619548827 0.14790484697961015
0.138885619548827 -0.14790484697961015
0.15421644942242327 0.12713869965211055
0.15421644942242327 -0.12713869965211055
-0.18873251680060743 0.06155852917576444
-0.18873251680060743 -0.06155852917576444
0.1753285175413466 0.09668992062189224
0.1753285175413466 -0.09668992062189224
0.11704614126385104 0.15694989303832674
0.11704614126385104 -0.15694989303832674
0.192234845187009 0.05352466524187365
0.192234845187009 -0.05352466524187365
0.1350764267337391 0.1394055070208905
0.1350764267337391 -0.1394055070208905
-0.09386848826963229 0.17315023459120008
-0.09386848826963229 -0.17315023459120008
0.04698589925061259 0.18962270229208122
0.04698589925061259 -0.18962270229208122
-0.11046889872375867 0.16185296836357832
-0.11046889872375867 -0.16185296836357832
0.07727429522095804 0.1763095666249616
0.07727429522095804 -0.1763095666249616
-0.15246987917874597 0.12383402118132628
-0.15246987917874597 -0.12383402118132628
-0.12494233846915091 0.14363725778085903
-0.12494233846915091 -0.14363725778085903
-0.1951045521070489 0.012602830271454146
-0.1951045521070489 -0.012602830271454146
-0.1890047612035637 0.0516069691590868
-0.1890047612035637 -0.0516069691590868
0.1954948056021874 0.015952959379835197
0.1954948056021874 -0.015952959379835197
0.0076971687797585476 0.19281873948048373
0.0076971687797585476 -0.19281873948048373
-0.16164316761825503 0.10114493085694226
-0.16164316761825503 -0.10114493085694226
-0.17338333422480617 0.08156043945544567
-0.17338333422480617 -0.08156043945544567
0.1775783515100763 0.06787811419800853
0.1775783515100763 -0.06787811419800853
0.18763235310013066 0.025017761439324795
0.18763235310013066 -0.025017761439324795
0.16866626375481922 0.07916461198942201
0.16866626375481922 -0.07916461198942201
0.030209877774429163 0.18860400684909978
0.030209877774429163 -0.18860400684909978
-0.06567399129989719 0.17882265773898687
-0.06567399129989719 -0.17882265773898687
-0.09884957328156038 0.16078646684089928
-0.09884957328156038 -0.16078646684089928
0.11086864920547476 0.1470122410661718
0.11086864920547476 -0.1470122410661718
-0.02967167534975309 0.18773738969856069
-0.02967167534975309 -0.18773738969856069
-0.034345864877453836 0.18710942450614057
-0.034345864877453836 -0.18710942450614057
0.11936489540947712 0.13732787366183527
0.11936489540947712 -0.13732787366183527
-0.13205268974053574 0.13134837937196384
-0.13205268974053574 -0.13134837937196384
-0.1447926967460944 0.11598766577242903
-0.1447926967460944 -0.11598766577242903
0.05181628461856891 0.17806903138548522
0.05181628461856891 -0.17806903138548522
-0.18517000978481218 0.019504030776639595
-0.18517000978481218 -0.019504030776639595
-0.15271977378602838 0.09201691213564787
-0.15271977378602838 -0.09201691213564787
-0.047502785499524795 0.17667328544072627
-0.047502785499524795 -0.17667328544072627
-0.11646745045851611 0.12752973861228722
-0.11646745045851611 -0.12752973861228722
0.17481174912764968 0.05081453617564083
0.17481174912764968 -0.05081453617564083
0.18186479652253976 0.0
0.15296751891836324 0.0908081561521352
0.15296751891836324 -0.0908081561521352
0.17104339203095006 0.028631185342326507
0.17104339203095006 -0.028631185342326507
0.1371593490367308 0.10416273012541628
0.1371593490367308 -0.10416273012541628
-0.17547181635304518 0.04457367090424247
-0.17547181635304518 -0.04457367090424247
0.011811073749296715 0.18110377253277526
0.011811073749296715 -0.18110377253277526
-0.0807909790631243 0.15954008558504368
-0.0807909790631243 -0.15954008558504368
0.15872609738030402 0.061879049996581226
0.15872609738030402 -0.061879049996581226
-0.17636233939338755 0.0
-0.0699204116534699 0.16212971441118268
-0.0699204116534699 -0.16212971441118268
-0.1698957211829423 0.05319417449118423
-0.1698957211829423 -0.05319417449118423
0.07279453881700998 0.16000462161362627
0.07279453881700998 -0.16000462161362627
0.09465649817252106 0.14411257914594808
0.09465649817252106 -0.14411257914594808
0.03801869825266031 0.17165905591946679
0.03801869825266031 -0.17165905591946679
-0.15951818461672773 0.07249104363923589
-0.15951818461672773 -0.07249104363923589
-0.01115714209817419 0.17530145658043692
-0.01115714209817419 -0.17530145658043692
0.10722160430634009 0.12793128145329344
0.10722160430634009 -0.12793128145329344
0.05453310235915054 0.1640736362894356
0.05453310235915054 -0.1640736362894356
-0.12764153322517185 0.10949845436421499
-0.12764153322517185 -0.10949845436421499
-0.020587707203392994 0.17147931354429696
-0.020587707203392994 -0.17147931354429696
-0.14558630540374895 0.08737250991004836
-0.14558630540374895 -0.08737250991004836
-0.09223247553313335 0.14031342246110778
-0.09223247553313335 -0.14031342246110778
0.07503122933891611 0.15171637579328237
0.07503122933891611 -0.15171637579328237
0.011105240150014925 0.1685489162096663
0.011105240150014925 -0.1685489162096663
0.15904800081418435 0.04453855219659153
0.15904800081418435 -0.04453855219659153
0.16473609445099346 0.012477768445823831
0.16473609445099346 -0.012477768445823831
0.16337075875229848 0.0
-0.06566824291213524 0.1518932813044596
-0.06566824291213524 -0.1518932813044596
-0.13901682525138104 0.08859033182877057
-0.13901682525138104 -0.08859033182877057
-0.1637572539974109 0.026637170050273357
-0.1637572539974109 -0.026637170050273357
-0.16561488881412179 0.0
0.14711442172275158 0.06226939363727133
0.14711442172275158 -0.06226939363727133
0.13009756962828706 0.08978405300990279
0.13009756962828706 -0.08978405300990279
0.12278551730538564 0.10094256706698063
0.12278551730538564 -0.10094256706698063
0.11225610970999585 0.11122517272807687
0.11225610970999585 -0.11122517272807687
0.08150339680620552 0.13590020044769802
0.08150339680620552 -0.13590020044769802
-0.08089664136741252 0.1381930451798248
-0.08089664136741252 -0.1381930451798248
-0.13200392969814195 0.09031269774699689
-0.13200392969814195 -0.09031269774699689
0.0010552096040602893 0.1606471913756689
0.0010552096040602893 -0.1606471913756689
0.16023523455946137 0.0
-0.11257345845958938 0.11149462410260717
-0.11257345845958938 -0.11149462410260717
-0.040086336661405084 0.15333537909461567
-0.040086336661405084 -0.15333537909461567
0.060607752221520025 0.1437316031007778
0.060607752221520025 -0.1437316031007778
0.033669763953590566 0.15265093875330393
0.033669763953590566 -0.15265093875330393
-0.06894272431018816 0.13885401942799486
-0.06894272431018816 -0.13885401942799486
-0.04471237365293581 0.1490310787993541
-0.04471237365293581 -0.1490310787993541
-0.15754892122074332 0.010012965602016009
-0.15754892122074332 -0.010012965602016009
-0.1368873521677212 0.07401590442768559
-0.1368873521677212 -0.07401590442768559
0.14853892013858755 0.03478167963644408
0.14853892013858755 -0.03478167963644408
-0.14425452910025408 0.05752637965670665
-0.14425452910025408 -0.05752637965670665
0.05021702765652014 0.13936968658554597
0.05021702765652014 -0.13936968658554597
0.08795257393029046 0.1193594122629065
0.08795257393029046 -0.1193594122629065
0.1147323061907695 0.09389924823307702
0.1147323061907695 -0.09389924823307702
0.10703573694605777 0.10357354802961367
0.10703573694605777 -0.10357354802961367
-0.014938818562510451 0.14844237703409485
-0.014938818562510451 -0.14844237703409485
-0.05399873904555463 0.13942133519564917
-0.05399873904555463 -0.13942133519564917
0.09261660947921954 0.11331220693913158
0.09261660947921954 -0.11331220693913158
-0.15117335281584052 0.03254382633823559
-0.15117335281584052 -0.03254382633823559
-0.11838490008458485 0.08947456120175626
-0.11838490008458485 -0.08947456120175626
0.13105362563686798 0.06557936505111278
0.13105362563686798 -0.06557936505111278
0.14574429139601358 0.0
0.14459902269231445 0.03501110232277498
0.14459902269231445 -0.03501110232277498
0.14622298599271394 0.0161918117222772
0.14622298599271394 -0.0161918117222772
-0.13797435141766817 0.05643617438692018
-0.13797435141766817 -0.05643617438692018
-0.1389850791547244 0.04193557116347976
-0.1389850791547244 -0.04193557116347976
-0.022157439498191128 0.14568846193866147
-0.022157439498191128 -0.14568846193866147
0.004988134095775348 0.14605682489901256
0.004988134095775348 -0.14605682489901256
0.05017326614360783 0.13378539177082338
0.05017326614360783 -0.13378539177082338
-0.1031802759184522 0.096119025291144
-0.1031802759184522 -0.096119025291144
0.13118522719867493 0.05660758493469911
0.13118522719867493 -0.05660758493469911
0.02972422660307581 0.1387801911760606
0.02972422660307581 -0.1387801911760606
-0.06828005480168778 0.12413843015714811
-0.06828005480168778 -0.12413843015714811
-0.07744479396284606 0.11698278409167827
-0.07744479396284606 -0.11698278409167827
0.11830249302523921 0.07165798515944635
0.11830249302523921 -0.07165798515944635
0.10918643045272541 0.08390824971615064
0.10918643045272541 -0.08390824971615064
0.06304869465657403 0.12109204500646557
0.06304869465657403 -0.12109204500646557
0.07312420155023223 0.11397790707299314
0.07312420155023223 -0.11397790707299314
0.10183035875573478 0.08483406297233897
0.10183035875573478 -0.08483406297233897
-0.13740968671236 0.0
-0.0956252052567794 0.10033909476237528
-0.0956252052567794 -0.10033909476237528
-0.11661260925156296 0.07335152952641781
-0.11661260925156296 -0.07335152952641781
-0.1404842768977283 0.011456271322201967
-0.1404842768977283 -0.011456271322201967
-0.04260991914479762 0.13098900089077822
-0.04260991914479762 -0.13098900089077822
-0.0865644801034907 0.09689855121977312
-0.0865644801034907 -0.09689855121977312
0.0028613011598555916 0.13501954339911434
0.0028613011598555916 -0.13501954339911434
-0.12721690430402532 0.05286827390344701
-0.12721690430402532 -0.05286827390344701
0.12805353154181937 0.03287826360266524
0.12805353154181937 -0.03287826360266524
0.1321864378499129 0.0
0.018602401334541725 0.13213928261965022
0.018602401334541725 -0.13213928261965022
0.10338449837325227 0.07292879384455096
0.10338449837325227 -0.07292879384455096
0.08138373369314124 0.09408814670742548
0.08138373369314124 -0.09408814670742548
-0.005784080373016188 0.13207291703586416
-0.005784080373016188 -0.13207291703586416
0.11844815090676908 0.04293845430261689
0.11844815090676908 -0.04293845430261689
-0.01895066636028471 0.13007288929299593
-0.01895066636028471 -0.13007288929299593
-0.13324386394813817 0.0
-0.13398727005388447 0.01135662054594047
-0.13398727005388447 -0.01135662054594047
0.1214002820924932 0.0028736007215597074
0.1214002820924932 -0.0028736007215597074
0.1130525994358974 0.04941556342802762
0.1130525994358974 -0.04941556342802762
-0.07321208591481337 0.10632899828447774
-0.07321208591481337 -0.10632899828447774
0.04352499671543759 0.11666977378554334
0.04352499671543759 -0.11666977378554334
-0.10188902089469548 0.07713437213901247
-0.10188902089469548 -0.07713437213901247
0.027728456001340798 0.12285586052540283
0.027728456001340798 -0.12285586052540283
-0.034623104109714364 0.12187211786243388
-0.034623104109714364 -0.12187211786243388
-0.1244709948022074 0.03585647716760733
-0.1244709948022074 -0.03585647716760733
-0.05093833403249574 0.115500477416079
-0.05093833403249574 -0.115500477416079
0.06961874381737254 0.0951138856840629
0.06961874381737254 -0.0951138856840629
-0.1213776408331144 0.0389350068416905
-0.1213776408331144 -0.0389350068416905
-0.04207422598160816 0.11714139324302923
-0.04207422598160816 -0.11714139324302923
0.10101585124200674 0.057731527006657665
0.10101585124200674 -0.057731527006657665
-0.11323445316727432 0.05126644465468934
-0.11323445316727432 -0.05126644465468934
-0.10380846117747991 0.06580072068992096
-0.10380846117747991 -0.06580072068992096
0.016062338424073615 0.1194959807508977
0.016062338424073615 -0.1194959807508977
-0.05365820228769587 0.10690639938994675
-0.05365820228769587 -0.10690639938994675
0.04432171031047372 0.10881329977827664
0.04432171031047372 -0.10881329977827664
-0.03875703099740159 0.11207174417265882
-0.03875703099740159 -0.11207174417265882
-0.05534540990159966 0.10242174086297179
-0.05534540990159966 -0.10242174086297179
-0.11103657471676598 0.04573594602324846
-0.11103657471676598 -0.04573594602324846
-0.12052121075962324 0.013016433328972793
-0.12052121075962324 -0.013016433328972793
-0.0811120743313225 0.08069553438958904
-0.0811120743313225 -0.08069553438958904
0.11422106207558688 0.011492310822919787
0.11422106207558688 -0.011492310822919787
0.0841071245303195 0.073255405583829
0.0841071245303195 -0.073255405583829
0.08945198018752612 0.0619462630112692
0.08945198018752612 -0.0619462630112692
-0.06862445469395985 0.0864700401113196
-0.06862445469395985 -0.0864700401113196
0.08419217374201368 0.06880544047884442
0.08419217374201368 -0.06880544047884442
0.10118945270009373 0.04022667064564198
0.10118945270009373 -0.04022667064564198
0.06323178627187029 0.08611827462403746
0.06323178627187029 -0.08611827462403746
0.051074313839348615 0.09439262685871269
0.051074313839348615 -0.09439262685871269
-0.1104292817745566 0.0061300658862425104
-0.1104292817745566 -0.0061300658862425104
-0.07191370336407366 0.07106063823895162
-0.07191370336407366 -0.07106063823895162
-0.004226616136853189 0.1114223505885257
-0.004226616136853189 -0.1114223505885257
-0.028063499729469685 0.10474961673131626
-0.028063499729469685 -0.10474961673131626
0.08849490198142557 0.053449165779545914
0.08849490198142557 -0.053449165779545914
0.052239061384394395 0.0883781492353135
0.052239061384394395 -0.0883781492353135
0.037558725611019056 0.09994353015363901
0.037558725611019056 -0.09994353015363901
-0.013298427055281567 0.10571905775447236
-0.013298427055281567 -0.10571905775447236
0.06592975142656045 0.0743210047230162
0.06592975142656045 -0.0743210047230162
0.02708465471764495 0.10282574469908025
0.02708465471764495 -0.10282574469908025
0.10396367457016227 0.02879205734449222
0.10396367457016227 -0.02879205734449222
0.09960851825150047 0.03202321750443491
0.09960851825150047 -0.03202321750443491
0.1019325513964022 0.01833059096200991
0.1019325513964022 -0.01833059096200991
0.07577323423173174 0.06378696360205657
0.07577323423173174 -0.06378696360205657
0.01168270999781056 0.10358914875515639
0.01168270999781056 -0.10358914875515639
0.0927869907903355 0.0
-0.10590195650937008 0.020462208120224132
-0.10590195650937008 -0.020462208120224132
0.09301875956345096 0.02112418784324677
0.09301875956345096 -0.02112418784324677
-0.05474961065284828 0.08380682906227822
-0.05474961065284828 -0.08380682906227822
-0.04291689757717393 0.08815329158516481
-0.04291689757717393 -0.08815329158516481
-0.015299033476329908 0.09539954875697398
-0.015299033476329908 -0.09539954875697398
0.07089379077622052 0.054400482789155706
0.07089379077622052 -0.054400482789155706
-0.07760045662963713 0.0585926112442064
-0.07760045662963713 -0.0585926112442064
0.02473546607259497 0.09125790497896649
0.02473546607259497 -0.09125790497896649
-0.09170102677101427 0.03984411169577329
-0.09170102677101427 -0.03984411169577329
0.038878995582230944 0.08513361566860081
0.038878995582230944 -0.08513361566860081
0.006631791189217303 0.09210116778322135
0.006631791189217303 -0.09210116778322135
-0.06963378797475661 0.061308631665593284
-0.06963378797475661 -0.061308631665593284
-0.042896598303298075 0.08014675854018347
-0.042896598303298075 -0.08014675854018347
-0.0961023727593602 0.02680135864776985
-0.0961023727593602 -0.02680135864776985
-0.08087966139477641 0.03952370016207265
-0.08087966139477641 -0.03952370016207265
-0.09455582973789747 0.006176884011526748
-0.09455582973789747 -0.006176884011526748
0.08913062976390866 0.0
0.04934495441994304 0.07155819623942807
0.04934495441994304 -0.07155819623942807
-0.0865311614506652 0.019500180907930043
-0.0865311614506652 -0.019500180907930043
-0.09290379555029622 0.0
0.02901360745245623 0.08204542326279862
0.02901360745245623 -0.08204542326279862
-0.03345980313982147 0.08046068052233324
-0.03345980313982147 -0.08046068052233324
-0.008661125416556465 0.08735479863429539
-0.008661125416556465 -0.08735479863429539
-0.057654359021076934 0.06041265380454476
-0.057654359021076934 -0.06041265380454476
0.08038086316452595 0.024140116911188357
0.08038086316452595 -0.024140116911188357
0.07342835332273998 0.03452673268496236
0.07342835332273998 -0.03452673268496236
-0.0860867180919764 0.00818702899697236
-0.0860867180919764 -0.00818702899697236
0.06677090953028432 0.0396784144209837
0.06677090953028432 -0.0396784144209837
0.025318060981473205 0.0741390087433358
0.025318060981473205 -0.0741390087433358
-0.07490822936410552 0.027840810075057155
-0.07490822936410552 -0.027840810075057155
0.040143190707618875 0.06522478364993693
0.040143190707618875 -0.06522478364993693
0.05684642237851428 0.04938098764944286
0.05684642237851428 -0.04938098764944286
-0.06437871844820639 0.03769994536130066
-0.06437871844820639 -0.03769994536130066
-0.0621261845026225 0.04086200934162007
-0.0621261845026225 -0.04086200934162007
-0.03259027487895357 0.06728582727886764
-0.03259027487895357 -0.06728582727886764
-0.04845152595277012 0.05122628606085
-0.04845152595277012 -0.05122628606085
0.07253522845123153 0.010369915065159486
0.07253522845123153 -0.010369915065159486
-0.007704959771946575 0.0734042427152597
-0.007704959771946575 -0.0734042427152597
-0.04007929680353654 0.059189304165228336
-0.04007929680353654 -0.059189304165228336
0.029026776308784388 0.06467169837156832
0.029026776308784388 -0.06467169837156832
-0.011176366936088929 0.07053365772552121
-0.011176366936088929 -0.07053365772552121
0.06889248023400509 0.005265838811787101
0.06889248023400509 -0.005265838811787101
0.002747870248372089 0.07068650835349698
0.002747870248372089 -0.07068650835349698
-0.06002607483861038 0.027711400914829952
-0.06002607483861038 -0.027711400914829952
-0.021136658997828836 0.06379508648244495
-0.021136658997828836 -0.06379508648244495
-0.06497882131999325 0.003986170131959915
-0.06497882131999325 -0.003986170131959915
-0.0360707949300474 0.04980859578942968
-0.0360707949300474 -0.04980859578942968
-0.0278193600028745 0.05530674003081752
-0.0278193600028745 -0.05530674003081752
-0.046320041456559234 0.03767985743697498
-0.046320041456559234 -0.03767985743697498
-0.04985186527391877 0.032391811278045426
-0.04985186527391877 -0.032391811278045426
0.05604038054701886 0.028447617390152054
0.05604038054701886 -0.028447617390152054
0.010863192110601098 0.06071742417810865
0.010863192110601098 -0.06071742417810865
-0.05583150849156241 0.0
0.05576804559831884 0.026931926955858866
0.05576804559831884 -0.026931926955858866
-0.053283711381946895 0.02196061264580125
-0.053283711381946895 -0.02196061264580125
0.03384344210513748 0.04688597169048562
0.03384344210513748 -0.04688597169048562
-0.009159416318874987 0.06055894749569075
-0.009159416318874987 -0.06055894749569075
0.006265893778443625 0.056436467212140996
0.006265893778443625 -0.056436467212140996
0.052274576743079615 0.004661877983995113
0.052274576743079615 -0.004661877983995113
0.018313511871242607 0.05076675010664498
0.018313511871242607 -0.05076675010664498
0.04818686937069338 0.008343599856914808
0.04818686937069338 -0.008343599856914808
0.04016244358111389 0.02839528894980946
0.04016244358111389 -0.02839528894980946
-0.03458841412884546 0.03493659843190209
-0.03458841412884546 -0.03493659843190209
0.03457700135239375 0.030128753682055816
0.03457700135239375 -0.030128753682055816
-0.04412649429485987 0.012947397142383904
-0.04412649429485987 -0.012947397142383904
-0.010811701069217083 0.04444478138296203
-0.010811701069217083 -0.04444478138296203
0.01751458722045081 0.04005884673838967
0.01751458722045081 -0.04005884673838967
-0.013575263253660087 0.041394592162849644
-0.013575263253660087 -0.041394592162849644
0.026693674575384168 0.032482148122047194
0.026693674575384168 -0.032482148122047194
0.0028903443664342857 0.03910269690230255
0.0028903443664342857 -0.03910269690230255
0.026877156558009197 0.02460466846060215
0.026877156558009197 -0.02460466846060215
-0.03756280683749025 0.011018483961684086
-0.03756280683749025 -0.011018483961684086
-0.03382346826642282 0.00912773039622675
-0.03382346826642282 -0.00912773039622675
0.03598187085138682 0.0
-0.016537205763680677 0.015602506101606423
-0.016537205763680677 -0.015602506101606423
0.0021781016867820618 0.02948260255080806
0.0021781016867820618 -0.02948260255080806
-0.006270282234823241 0.025170531919825146
-0.006270282234823241 -0.025170531919825146
0.02942297547668766 0.00505926178694242
0.02942297547668766 -0.00505926178694242
-0.017515915456190145 0.0
0.023234200570451485 0.008049451753594948
0.023234200570451485 -0.008049451753594948
0.010780909530370706 0.014748345606083027
0.010780909530370706 -0.014748345606083027
-0.004450172656000041 0.00620951128855196
-0.004450172656000041 -0.00620951128855196
0.011134781639623968 0.0
-0.004979944509770399 0.0
