540
178
207
485
510
308
273
223
277
295
279
182
175
232
210
499
405
273
642
164
194
300
142
505
542
348
215
225
176
364
292
164
221
379
473
408
263
373
244
215
363
236
289
272
211
309
222
357
327
416
279
435
290
452
404
239
253
300
177
312
266
253
976
287
417
264
286
195
203
383
269
296
290
456
610
310
522
199
199
246
359
240
247
291
164
255
297
453
401
208
198
265
270
228
384
207
147
260
253
349
368
214
265
155
523
290
202
423
339
273
234
214
239
226
285
515
350
276
212
235
174
367
259
258
207
202
288
252
253
325
220
275
216
252
198
389
172
414
524
230
260
371
221
371
305
200
215
200
393
333
624
277
242
200
278
146
259
200
180
192
216
251
473
279
219
218
441
282
219
226
254
863
726
222
282
708
205
248
204
212
285
351
238
400
265
387
256
420
327
238
387
196
405
420
264
354
291
204
207
159
202
169
347
187
211
265
286
300
357
217
180
415
273
516
281
224
269
226
429
229
476
221
258
182
411
330
345
174
233
172
184
199
374
278
611
297
318
243
179
450
192
313
216
238
222
395
351
255
330
313
440
175
516
227
196
287
301
202
264
199
564
221
650
242
219
367
227
237
218
174
182
382
624
227
538
206
203
374
264
299
213
254
265
229
336
225
271
331
226
219
346
351
271
227
243
304
398
237
251
229
602
251
550
411
222
188
246
313
157
287
572
535
240
255
242
387
287
241
197
311
193
307
251
241
317
350
398
241
462
353
195
279
286
164
292
319
381
335
260
282
293
421
255
330
259
269
280
270
259
160
196
180
287
217
486
216
283
444
255
270
244
243
178
244
240
174
327
281
189
346
208
705
373
536
312
254
218
283
301
235
507
246
313
189
729
261
358
237
271
225
254
229
230
324
252
225
275
624
207
208
270
264
276
163
190
205
297
163
324
326
187
562
320
186
246
327
263
478
410
215
316
449
188
285
527
271
296
239
242
197
291
370
273
504
259
214
390
444
287
267
519
206
304
273
187
265
184
307
320
486
222
204
291
236
314
381
315
219
294
223
201
174
179
280
264
589
380
224
434
453
162
378
244
237
244
521
243
202
424
214
308
296
205
471
263
365
331
203
210
190
329
566
408
300
619
261
244
344
230
233
310
303
217
197
185
239
307
245
403
262
256
346
323
261
201
201
169
323
210
273
348
263
251
148
196
448
417
210
248
431
291
229
203
219
225
488
370
271
272
208
233
197
343
438
334
203
165
219
568
145
204
211
231
213
238
514
266
245
330
344
171
281
272
280
196
309
188
335
154
384
389
281
268
411
271
351
225
411
413
263
445
217
177
355
557
206
262
221
434
287
369
403
199
233
214
225
249
254
229
309
360
256
209
311
416
218
216
214
257
372
271
214
184
188
238
185
429
250
312
285
213
203
305
284
343
364
200
329
234
189
255
199
249
293
373
396
521
258
282
530
275
290
234
256
209
225
187
165
200
365
288
199
212
184
387
228
212
224
208
324
244
250
246
249
284
334
323
304
212
271
255
407
171
228
220
187
215
191
354
207
296
375
220
254
342
257
247
311
272
214
323
246
578
198
191
280
201
191
201
216
325
355
307
224
324
253
269
209
246
300
257
277
219
251
273
323
306
281
394
342
277
220
215
255
310
202
228
338
157
386
189
357
424
348
294
252
174
245
224
241
250
351
249
203
533
209
225
257
222
278
306
290
263
366
319
256
472
489
396
195
240
199
208
320
326
453
213
226
232
346
302
414
224
231
233
170
405
291
224
193
322
266
241
275
282
178
377
196
198
293
224
248
269
275
295
206
230
259
274
216
178
250
184
409
161
261
371
255
240
224
284
227
283
226
296
177
250
373
938
386
331
131
448
268
289
222
189
178
186
359
194
191
213
721
213
459
258
330
228
205
141
257
277
266
203
448
301
336
245
263
295
250
253
341
249
250
435
219
325
271
242
276
168
599
234
266
279
367
239
195
203
280
184
213
184
233
415
285
216
188
225
283
292
386
270
198
414
202
269
177
353
376
338
312
246
507
230
304
310
358
203
230
370
560
179
322
244
311
218
247
254
312
230
222
207
207
353
170
169
167
247
267
225
195
199
184
292
283
260
235
197
221
256
386
283
161
295
212
437
331
226
221
281
234
248
328
223
453
206
315
394
161
353
262
306
178
267
254
185
203
325
329
218
394
207
281
215
286
467
171
301
176
246
243
170
359
278
264
183
312
166
317
268
174
277
256
316
212
235
234
220
203
398
283
260
327
179
245
626
269
360
278
461
275
333
206
292
330
154
209
271
181
306
181
228
314
142
255
324
328
269
338
226
210
278
157
244
360
184
264
383
380
258
244
409
345
178
265
317
159
276
228
620
246
257
345
378
286
399
311
204
305
158
412
425
171
389
676
167
196
229
309
314
269
505
249
175
341
494
515
179
188
426
235
140
342
190
275
278
399
452
281
325
237
373
238
353
283
271
363
249
260
659
205
387
270
323
199
211
299
219
283
337
297
195
203
433
243
180
239
211
220
172
238
157
501
332
480
270
195
320
563
234
485
263
210
295
355
149
180
236
399
334
269
340
409
252
362
180
193
341
404
410
223
512
239
228
240
196
173
262
196
397
239
237
319
173
296
378
179
273
322
257
304
201
352
198
319
360
202
222
484
280
249
222
699
230
393
244
248
206
549
728
280
296
216
841
229
287
191
194
246
324
196
230
271
319
266
195
376
163
389
330
511
281
395
228
442
211
580
280
246
262
241
256
333
183
224
213
174
284
241
197
392
291
194
302
192
300
491
237
204
240
293
251
254
257
277
182
291
589
190
183
158
215
745
201
186
483
275
247
241
253
464
282
213
197
354
229
173
205
261
231
178
248
156
290
498
209
214
343
196
233
228
213
247
289
214
216
295
338
252
350
368
410
358
289
220
196
253
171
407
184
227
269
266
183
517
277
200
228
569
169
221
732
372
344
380
191
547
238
220
238
233
235
635
247
277
545
364
190
515
157
236
233
166
209
334
212
230
229
192
369
282
386
160
268
395
210
232
206
220
322
283
273
236
191
325
215
232
255
261
319
165
273
206
269
329
285
327
198
384
174
232
227
225
387
261
335
236
406
156
250
439
259
354
351
354
279
474
254
314
232
227
229
337
483
441
279
220
260
214
203
382
170
170
387
274
280
302
418
405
511
327
599
200
243
362
210
506
449
206
227
292
230
556
194
171
312
311
188
143
265
416
505
382
310
183
513
582
282
235
380
452
255
456
201
237
159
304
400
505
245
274
235
171
325
403
197
541
201
243
413
271
240
197
244
209
258
375
362
216
220
180
206
556
202
493
475
199
382
255
243
240
350
248
269
194
183
281
166
182
291
186
176
325
220
224
592
262
661
627
207
267
208
562
547
662
396
244
290
218
343
301
333
369
160
173
343
271
288
212
243
320
278
233
214
204
201
405
267
248
255
269
342
267
703
288
266
642
288
300
269
351
240
519
178
346
282
236
233
214
250
280
256
190
244
194
185
225
201
333
388
266
267
270
431
211
167
333
324
311
507
253
251
213
400
186
228
222
566
361
429
233
203
342
580
221
307
330
218
364
470
278
197
215
207
235
409
192
205
257
252
266
386
292
236
358
186
272
226
238
270
298
386
237
257
209
185
268
232
185
238
234
232
369
248
238
424
336
281
318
239
311
254
278
496
399
304
484
202
304
267
296
205
144
313
205
200
179
267
185
245
525
313
306
368
221
326
281
403
233
198
535
191
180
185
503
269
313
237
256
297
322
353
245
231
229
462
207
367
269
339
263
202
207
250
215
207
197
207
249
267
282
253
346
167
320
266
295
376
425
156
294
224
195
280
335
262
383
220
240
214
474
351
190
242
601
278
314
240
184
175
318
282
670
374
233
198
237
201
189
225
180
489
420
213
474
226
228
271
383
212
319
483
179
193
217
217
194
466
386
271
428
174
233
431
303
251
209
273
259
301
280
286
229
367
224
185
256
299
283
308
348
196
215
346
444
483
558
198
248
219
323
243
212
231
357
189
417
334
212
188
192
220
234
337
269
239
415
374
183
227
488
258
246
221
405
227
229
199
188
273
346
195
226
456
335
279
253
276
236
224
437
174
296
369
279
225
200
431
165
268
209
258
235
237
223
329
511
555
364
421
273
531
637
243
172
279
192
168
237
275
199
253
160
344
319
190
302
445
365
200
218
307
255
383
281
212
251
232
230
255
323
279
326
208
217
255
252
207
283
415
404
235
705
355
294
220
675
302
526
170
313
345
187
415
244
508
216
270
384
273
283
211
251
282
220
196
169
244
181
429
410
450
320
244
365
334
364
188
233
189
384
225
531
221
201
180
207
317
261
419
238
226
251
213
239
322
476
235
287
235
170
196
246
214
234
295
396
220
285
325
396
249
266
251
1007
313
319
268
225
173
462
272
268
233
245
200
175
433
331
217
257
259
220
265
294
266
313
251
295
182
214
220
376
178
470
206
389
430
646
225
348
203
252
229
261
473
367
219
217
391
329
211
213
258
454
287
223
246
274
344
231
260
180
248
147
223
299
244
280
192
227
194
434
264
229
223
183
187
191
164
213
303
246
190
672
207
311
228
284
204
276
230
256
245
195
215
306
228
374
815
732
185
240
267
393
366
302
461
243
539
325
359
165
220
266
217
181
175
403
301
213
173
237
178
467
355
262
268
314
241
291
179
250
356
275
278
405
365
289
228
318
212
188
317
306
179
300
217
205
209
483
208
306
205
226
179
198
298
221
307
673
239
212
272
244
232
600
453
346
469
457
200
153
354
186
196
229
304
285
208
640
363
234
233
166
314
272
230
316
209
279
248
401
319
228
260
273
313
200
201
160
299
183
235
143
205
319
425
186
300
265
215
420
266
324
287
278
225
311
371
193
225
217
362
184
260
300
300
267
342
280
428
226
212
305
168
294
248
258
199
406
347
379
356
175
318
335
224
228
305
257
270
229
217
232
1260
229
396
204
328
386
235
297
257
237
282
251
576
242
348
265
340
205
286
384
305
428
329
241
233
201
151
266
322
222
259
183
266
471
259
208
172
497
262
555
381
219
285
217
491
170
193
206
599
243
304
233
383
303
220
227
468
145
490
334
280
321
224
266
250
169
401
373
245
339
226
286
230
357
273
257
177
228
242
265
488
393
201
376
329
379
194
180
502
189
226
347
508
158
196
203
458
186
246
469
184
340
268
636
166
235
295
200
179
142
142
237
202
345
417
459
941
241
165
255
232
285
422
496
223
318
309
480
288
365
468
223
171
188
312
267
170
232
162
207
595
318
481
274
255
233
270
249
528
231
139
294
226
323
292
185
309
135
301
207
341
335
353
340
226
208
204
263
352
224
689
333
240
334
229
223
241
554
323
286
474
199
227
592
303
236
559
435
311
184
229
393
243
268
298
329
216
232
187
196
212
324
316
240
214
292
333
244
181
305
264
227
370
189
434
229
369
350
180
335
170
223
237
688
193
283
171
268
323
178
204
407
330
429
283
204
268
216
392
345
441
238
456
177
357
400
294
179
226
340
319
342
255
210
471
233
219
417
312
226
240
223
384
354
223
399
451
186
207
384
432
353
282
181
332
196
197
233
277
368
401
336
232
222
250
183
186
376
210
298
238
205
235
374
312
198
154
223
187
225
253
166
601
272
250
353
208
216
238
240
429
235
254
276
200
470
277
311
131
196
195
455
256
128
228
373
215
377
153
199
251
526
248
223
402
269
269
257
240
439
200
365
760
228
420
297
171
200
393
372
272
302
188
196
202
234
262
242
302
275
499
288
208
296
190
317
280
260
176
308
241
199
290
211
217
402
222
241
210
170
369
510
265
220
264
228
243
310
313
355
130
253
358
221
282
164
244
547
256
270
354
189
345
255
265
228
248
172
205
263
242
243
224
271
216
344
335
286
186
314
251
215
305
269
216
312
528
335
308
230
187
723
254
476
206
303
259
227
273
167
376
345
318
251
266
248
402
275
815
512
234
366
335
256
292
191
439
756
312
296
274
244
378
404
225
244
431
258
228
250
332
306
274
389
301
225
420
164
256
259
191
593
326
223
296
280
271
207
295
533
276
305
848
272
249
217
310
194
337
208
239
230
383
224
253
347
184
299
239
202
170
218
244
327
377
297
206
171
184
253
179
386
281
218
288
236
314
378
189
223
321
396
200
304
227
318
264
263
230
563
254
240
217
368
169
302
212
224
313
289
240
259
233
221
336
355
267
288
303
236
307
170
275
419
246
197
179
265
362
393
306
315
207
422
444
200
169
191
247
296
228
335
211
230
387
215
291
225
575
294
271
260
258
250
191
384
356
178
249
272
238
258
254
354
397
302
304
322
224
691
255
216
317
202
216
286
307
202
237
265
281
306
242
188
201
222
295
413
239
232
251
155
191
253
371
371
274
219
238
263
259
233
365
192
205
239
279
245
197
180
204
469
182
286
226
622
221
187
322
159
242
343
217
265
428
358
283
450
233
178
246
260
203
435
257
338
286
278
188
254
270
234
227
193
246
294
254
216
416
398
214
442
243
241
221
229
254
269
189
461
320
256
301
225
320
373
288
214
405
317
440
612
206
264
387
330
253
369
279
175
180
336
186
195
233
240
490
321
215
334
253
331
271
433
382
238
194
352
227
203
410
207
257
214
279
225
187
241
363
209
376
299
253
230
380
340
296
319
217
303
260
347
314
309
192
246
250
213
208
225
848
228
265
223
191
331
324
229
204
247
321
261
354
285
281
163
191
208
179
619
232
537
251
272
198
225
356
236
260
252
978
188
217
266
257
253
508
363
266
235
172
361
264
215
334
357
163
598
322
277
770
196
500
395
597
248
351
268
381
310
355
369
274
258
208
334
332
218
215
272
200
278
410
250
165
200
163
186
535
252
242
278
319
379
253
390
210
204
374
321
193
214
237
199
295
284
330
219
210
217
289
226
236
179
175
285
453
182
289
232
535
268
309
238
235
609
245
318
224
282
189
143
245
237
164
173
216
171
242
313
590
254
314
190
317
149
465
210
310
230
587
242
301
357
340
225
172
206
323
235
382
263
373
254
467
616
203
400
339
231
279
330
213
303
231
194
191
249
487
262
161
461
237
275
400
319
177
184
318
320
251
276
286
249
197
284
256
249
332
201
434
292
280
167
230
271
383
202
574
330
198
251
566
252
430
229
187
429
232
273
174
394
234
319
198
512
280
248
180
655
175
352
581
177
231
230
203
209
327
354
253
300
182
160
200
209
289
178
303
356
190
189
267
186
605
182
378
218
163
216
195
293
226
288
331
209
267
204
178
207
410
376
253
376
242
325
152
397
234
233
400
258
278
177
173
305
286
306
288
200
238
308
194
203
338
199
309
213
184
200
208
307
388
373
379
293
315
315
234
480
200
342
219
296
266
223
180
293
572
467
263
214
225
1237
159
205
165
352
356
284
240
293
288
523
338
164
240
282
281
282
278
507
195
231
306
267
552
311
161
199
271
301
448
274
403
296
392
309
279
361
138
207
169
272
154
251
272
211
198
254
263
371
311
296
236
444
159
439
271
313
297
267
209
201
175
261
241
237
187
208
319
269
252
392
644
336
225
228
526
232
282
514
191
198
213
243
290
284
190
169
409
355
238
494
181
189
198
258
221
391
452
290
339
213
244
200
200
249
267
221
255
229
318
292
242
224
321
257
309
430
234
324
199
344
229
244
236
261
300
228
358
206
204
275
196
197
187
286
251
170
560
358
230
608
398
194
230
385
203
293
265
329
416
441
379
217
271
389
244
188
268
220
261
292
222
227
394
167
216
200
376
243
209
179
420
196
373
309
286
376
855
239
260
231
340
221
278
211
263
315
316
437
212
647
202
204
426
311
169
524
317
298
332
178
217
327
256
367
213
239
166
207
450
422
260
235
269
315
244
508
221
380
269
271
234
345
314
215
360
262
238
197
370
204
210
243
378
318
351
207
275
200
413
298
440
353
245
221
332
342
318
442
316
239
368
163
229
168
398
226
290
329
229
207
241
392
359
487
358
264
164
246
244
221
398
357
490
175
271
250
333
292
470
175
340
473
247
265
218
296
160
279
310
325
227
404
183
321
277
188
396
272
196
245
521
427
277
186
223
392
370
368
457
294
380
292
442
337
179
261
343
240
258
157
375
174
225
429
253
219
281
234
402
287
343
250
378
250
251
255
222
197
224
592
205
163
370
314
239
380
247
330
177
210
256
291
212
197
209
230
271
279
357
275
330
234
287
286
329
328
234
259
239
189
232
241
363
272
205
228
286
165
245
263
159
234
280
170
207
190
342
263
198
284
310
297
190
339
262
274
426
284
276
295
422
356
326
195
209
247
606
436
207
378
271
742
209
305
280
187
361
173
231
361
257
205
347
479
367
188
195
267
247
199
551
373
293
203
239
311
405
233
260
206
196
248
346
192
302
282
204
311
220
195
266
208
322
297
285
184
299
198
302
332
207
164
193
373
257
234
245
545
257
258
247
417
357
304
312
228
251
529
255
198
199
236
304
146
229
209
167
463
280
343
251
241
258
204
225
330
179
253
178
232
167
171
170
329
244
238
204
224
372
312
231
366
372
468
261
292
530
315
389
250
220
254
325
237
316
196
248
203
191
160
403
225
221
248
269
232
186
211
434
240
214
425
234
276
410
422
192
227
523
271
223
247
238
225
298
200
937
180
516
273
205
285
301
332
208
212
324
303
369
338
301
338
192
270
413
183
297
354
370
264
389
810
264
318
288
163
311
230
359
187
371
365
418
269
392
222
235
270
265
186
485
199
253
189
212
209
222
251
204
480
252
197
209
159
233
210
191
401
255
213
257
191
679
217
306
282
203
214
249
394
446
246
196
255
179
210
304
362
355
359
288
261
351
377
289
306
306
186
341
260
213
236
203
305
259
361
275
298
243
249
323
207
195
295
189
271
479
252
245
285
419
601
275
225
298
327
177
446
308
172
192
298
266
228
488
328
333
344
342
298
425
269
433
138
190
396
202
351
407
194
217
279
198
258
186
246
341
270
232
146
162
244
423
332
381
419
248
259
196
198
486
226
328
171
169
225
256
237
232
257
277
240
262
220
208
249
206
220
281
289
221
181
257
222
351
181
190
338
352
458
271
327
259
255
138
231
266
383
239
194
277
135
225
310
181
307
389
221
181
401
313
509
433
276
399
495
227
328
327
192
536
321
284
367
159
222
339
365
225
449
200
355
364
194
274
233
190
205
336
215
353
316
291
309
381
315
265
320
192
232
292
229
251
249
207
175
244
276
228
238
242
299
176
271
164
274
401
309
314
338
578
183
250
171
269
313
504
349
227
201
265
154
257
305
238
283
314
630
230
234
241
180
492
252
200
210
247
342
435
448
228
156
185
237
331
228
256
322
415
222
305
271
467
238
161
248
285
234
255
360
272
236
271
220
373
237
490
157
207
257
603
228
214
289
731
385
353
175
361
615
250
321
219
296
572
195
310
452
434
354
172
298
337
231
230
266
193
260
354
350
340
305
228
311
235
233
195
338
368
194
187
259
170
264
283
210
295
260
297
232
221
273
284
358
231
211
308
262
207
274
267
324
388
233
254
440
182
231
236
220
179
639
271
225
262
227
219
216
226
215
458
358
388
200
265
260
294
213
233
320
399
267
316
233
208
277
292
292
152
244
287
274
225
341
215
253
231
219
252
219
243
396
187
182
199
260
260
461
161
422
302
192
219
387
214
335
378
196
320
323
283
486
276
294
227
383
219
231
255
552
211
224
304
268
225
161
1223
478
249
184
213
200
295
164
359
276
209
237
253
308
243
263
741
209
137
225
268
325
447
313
332
261
272
249
243
212
182
340
242
283
207
326
424
250
331
280
258
214
154
360
192
207
243
308
153
155
175
267
276
232
526
222
235
541
292
309
399
434
171
239
270
250
313
663
140
183
306
203
315
238
295
248
675
429
202
275
350
252
219
169
242
294
340
273
262
256
335
239
633
227
268
749
199
255
331
409
229
317
377
180
239
349
250
220
252
359
285
179
205
239
199
639
382
239
278
208
427
246
372
255
319
320
392
252
297
296
318
240
293
242
206
183
385
193
390
237
198
192
301
193
242
259
235
253
313
185
228
252
281
307
347
276
342
240
224
254
291
232
288
234
227
181
293
408
198
242
250
210
218
278
165
212
349
303
181
176
454
240
319
282
224
545
209
277
418
304
201
294
216
317
314
279
196
340
312
239
215
251
363
431
223
300
215
314
279
236
279
215
232
209
578
272
363
246
189
383
278
290
305
472
240
279
340
533
218
432
218
709
278
322
295
291
596
393
799
433
449
501
243
234
248
386
574
345
225
235
211
184
378
238
482
218
503
226
275
242
716
255
446
350
194
320
171
201
239
401
181
378
301
351
194
426
184
318
241
161
302
254
232
299
229
319
256
147
259
257
185
229
212
270
253
570
327
173
218
554
271
182
175
179
200
248
226
309
200
410
272
212
322
244
308
289
191
253
220
184
294
301
175
186
235
239
201
205
360
198
248
193
309
185
320
215
347
265
270
389
177
253
344
243
217
276
241
257
313
228
236
339
394
190
196
240
334
345
303
200
290
170
271
251
305
311
592
198
368
338
216
255
245
194
233
420
224
524
239
344
194
281
277
319
188
180
485
227
282
348
180
541
240
232
211
240
316
328
1291
377
375
280
203
161
344
235
222
261
273
231
219
365
344
418
357
426
157
348
257
283
332
204
351
335
153
268
173
274
688
306
214
253
239
231
269
485
225
249
714
277
345
459
282
191
209
275
239
450
326
521
187
153
194
301
409
486
223
275
181
198
259
247
390
205
167
1005
250
187
244
369
167
229
222
207
283
243
358
223
261
329
211
530
327
621
253
1057
204
221
185
394
448
186
247
298
549
393
365
260
159
187
259
295
346
226
369
245
353
446
260
286
236
249
389
237
252
241
267
678
247
391
225
379
181
235
314
260
355
263
334
621
296
271
280
344
307
280
375
285
281
300
296
204
232
260
237
201
372
259
245
272
223
224
257
316
272
178
255
203
543
296
330
325
205
409
181
243
452
171
253
422
226
504
291
286
183
463
189
218
292
232
211
361
216
257
191
247
275
220
482
281
661
233
439
398
265
296
243
255
296
343
189
260
242
220
294
274
230
162
299
220
197
216
256
224
244
215
354
320
214
243
159
181
258
306
405
258
263
314
291
244
205
212
192
253
397
209
348
208
174
254
209
369
483
258
337
219
229
284
545
228
241
205
166
260
603
295
202
276
295
257
414
341
426
267
242
383
362
269
200
231
386
281
457
265
227
220
256
231
202
388
253
226
188
229
552
225
287
237
192
188
203
237
234
185
235
310
274
216
237
210
216
399
272
233
228
259
270
214
176
282
204
258
364
439
261
249
296
279
354
208
219
194
373
223
344
223
315
343
273
258
291
189
218
234
452
208
821
168
540
486
579
497
215
541
397
222
499
481
207
503
235
171
240
630
369
256
412
188
226
186
165
254
309
238
245
204
182
373
333
209
244
493
267
303
262
395
236
208
215
276
256
230
222
198
396
378
250
324
561
363
248
203
303
165
186
295
197
379
229
292
365
191
211
231
350
231
190
184
197
229
365
374
207
307
355
343
349
643
504
390
376
339
159
219
275
249
349
274
270
185
215
362
248
239
545
225
211
238
211
222
430
180
248
533
275
236
420
357
438
333
278
153
473
325
231
184
392
392
198
278
450
303
170
204
286
253
347
262
221
203
258
160
221
191
347
164
173
170
251
249
224
237
268
257
430
403
227
304
200
658
239
266
243
192
209
298
449
199
309
267
220
495
571
266
356
171
235
358
206
441
298
378
207
322
277
376
507
306
198
187
192
510
173
335
248
224
326
189
336
245
217
225
224
251
251
319
199
205
239
237
194
168
440
378
488
400
265
216
213
268
281
318
270
213
264
267
208
323
203
202
354
217
252
327
223
401
214
470
362
216
253
578
307
173
255
429
348
247
310
303
271
394
253
228
235
240
189
279
404
358
408
480
160
284
279
229
323
222
199
302
197
285
694
181
452
249
258
235
262
242
217
547
312
261
209
302
150
240
188
389
242
202
265
272
238
196
247
360
246
333
254
239
230
373
405
280
325
259
545
488
290
434
503
222
271
178
180
204
250
208
222
162
321
342
169
252
155
251
234
301
186
188
289
256
159
248
183
287
248
206
272
232
207
204
208
322
300
402
315
259
216
214
224
219
266
255
242
284
221
184
280
189
299
378
242
225
327
325
168
203
256
331
386
252
253
388
219
351
289
360
236
196
314
179
263
487
172
199
277
462
236
443
285
302
338
569
223
320
183
163
243
277
195
215
301
190
205
142
236
255
218
440
433
264
262
198
264
251
238
172
288
179
224
365
310
186
235
245
236
193
169
191
217
442
286
210
657
364
271
270
229
316
294
223
238
198
508
441
202
229
245
249
223
445
371
390
230
258
204
416
433
237
250
235
234
191
429
249
359
213
171
320
208
370
295
341
254
336
196
251
330
227
332
169
510
308
233
353
324
314
191
188
205
336
231
441
243
363
343
169
214
198
310
185
434
363
233
332
282
154
223
290
245
233
362
235
202
386
201
277
421
196
223
170
219
219
560
338
300
216
241
215
242
260
166
175
168
365
196
178
246
365
195
296
309
356
341
342
223
171
249
183
247
345
311
267
279
281
190
340
230
349
271
259
359
292
448
371
360
202
191
295
267
253
168
207
273
312
300
636
531
282
227
176
656
304
225
278
223
240
224
261
334
224
533
339
305
475
503
201
168
460
329
353
364
345
243
238
264
220
346
246
281
461
175
323
219
270
270
206
427
359
295
203
165
285
241
286
259
349
524
165
338
279
304
205
361
325
199
543
192
265
650
214
626
398
320
381
439
261
188
409
242
390
213
235
215
273
220
164
184
323
251
274
270
440
156
230
259
229
261
230
305
377
272
238
332
209
259
340
319
186
318
218
189
196
415
263
235
361
692
229
273
334
324
247
209
518
328
375
279
259
319
247
251
379
162
439
269
180
270
277
290
480
377
173
215
340
309
198
279
534
140
251
223
342
249
494
228
202
274
287
366
504
210
313
327
230
826
330
257
406
316
467
252
257
321
181
185
174
171
253
278
295
257
179
281
180
415
420
182
313
252
278
404
236
267
229
248
204
180
241
240
393
206
718
232
360
478
272
207
224
191
354
429
311
217
412
370
249
301
417
319
337
205
233
507
491
282
300
218
345
506
792
187
245
195
210
130
180
168
307
393
202
370
466
204
350
224
582
527
406
331
471
203
265
207
187
225
428
334
190
264
278
352
355
302
234
233
167
272
215
615
261
274
226
201
377
337
218
176
1144
181
237
470
267
209
188
297
323
185
279
415
577
228
250
290
261
168
353
258
270
433
232
319
208
229
286
174
279
416
195
319
238
221
294
274
252
394
348
938
178
244
332
200
206
257
212
449
304
451
372
298
189
247
274
491
187
653
187
258
349
251
187
258
287
255
386
324
244
242
321
220
255
284
478
305
464
517
196
322
212
223
198
210
247
180
289
248
336
324
247
186
290
213
175
170
384
318
183
167
376
629
241
310
221
352
377
257
194
163
454
225
272
267
295
337
209
286
283
179
206
230
213
181
181
334
280
398
242
335
280
290
218
135
253
249
308
218
163
285
229
484
301
295
826
252
279
208
377
412
487
298
237
220
200
686
197
224
245
139
180
274
246
220
186
336
422
220
281
249
355
212
286
303
375
495
384
259
221
141
198
280
289
562
318
326
348
299
205
272
244
245
412
222
408
401
325
898
290
176
182
213
231
572
240
208
283
299
376
280
287
284
379
331
251
355
207
219
249
230
252
350
278
261
343
192
255
234
288
246
408
229
274
339
313
209
212
201
186
273
392
241
343
298
199
324
160
260
263
225
236
208
210
623
254
255
261
255
240
325
373
195
191
232
239
412
223
340
226
303
508
300
223
370
237
206
240
264
234
279
203
636
258
300
258
226
275
284
151
160
181
294
188
247
354
260
399
340
298
306
205
339
338
264
252
213
221
310
361
177
251
241
264
251
419
187
327
204
283
203
229
359
416
479
180
313
212
412
413
208
253
384
278
476
198
178
248
257
201
340
420
204
173
540
183
470
202
297
231
503
466
275
213
244
157
156
240
161
332
283
196
207
266
644
325
786
200
224
263
217
331
268
255
515
244
280
248
832
172
323
294
176
189
359
666
601
304
294
153
197
234
264
275
364
286
292
181
404
188
311
208
400
408
291
206
255
204
180
207
711
190
240
291
257
204
274
175
621
224
208
262
230
344
348
266
263
247
481
260
280
366
262
258
334
546
567
279
403
229
213
218
238
200
316
179
172
467
245
282
210
209
390
417
197
297
314
324
186
192
305
330
216
372
286
513
316
335
249
267
215
260
408
228
329
292
217
196
235
172
217
244
167
452
372
178
336
207
276
275
280
266
224
213
180
191
220
223
260
224
162
165
370
445
299
276
189
368
275
279
318
205
302
316
475
361
470
315
167
223
237
324
228
200
231
288
328
259
477
334
653
288
226
180
259
385
290
387
237
293
262
314
360
315
174
308
202
192
208
1059
216
196
171
188
320
384
316
270
189
225
604
534
262
216
556
349
333
398
232
250
325
241
246
212
299
311
203
244
275
288
283
274
925
322
229
234
331
281
240
447
242
194
214
292
175
159
426
170
207
428
278
307
450
282
374
191
147
492
594
453
254
261
357
275
255
211
293
350
298
215
631
283
202
220
267
569
202
220
208
263
210
258
206
190
337
318
529
227
179
203
202
197
147
207
409
213
256
260
220
569
175
443
276
154
236
191
222
229
154
438
332
316
208
180
233
353
267
203
624
264
369
396
213
160
195
210
344
408
235
227
413
503
181
208
381
306
211
198
275
331
276
221
258
210
197
209
187
174
251
148
223
214
247
430
238
440
190
170
164
286
338
305
240
167
292
577
209
262
288
197
680
221
255
223
315
300
270
427
275
293
512
371
213
357
188
360
231
324
394
216
259
252
238
131
384
289
232
454
235
316
847
303
258
215
283
333
171
181
193
184
738
301
216
540
210
400
375
182
220
316
334
225
188
253
409
184
234
278
276
194
269
217
202
299
301
360
271
251
361
218
351
415
584
476
388
223
200
295
188
284
220
393
305
292
248
194
238
359
206
170
355
434
349
258
607
229
413
350
184
230
250
238
214
457
252
283
163
202
321
185
192
324
192
300
454
241
398
235
579
241
361
212
225
164
248
267
244
283
316
290
242
251
279
254
287
283
255
180
247
216
584
263
208
407
551
227
477
332
245
232
261
271
448
192
215
257
284
193
191
244
306
239
258
307
336
212
257
422
264
230
265
246
233
165
354
230
209
395
559
305
217
212
228
216
270
195
235
200
531
193
286
233
242
218
268
246
411
346
253
195
375
254
219
226
197
213
338
253
244
397
259
212
554
232
217
276
227
291
190
160
255
366
360
363
202
223
217
323
327
313
261
333
174
260
355
184
634
307
233
202
336
282
677
390
343
251
380
324
225
233
236
253
251
652
181
220
171
159
517
194
236
167
262
260
406
186
207
630
173
217
197
434
307
210
273
366
204
241
259
755
352
213
245
481
255
265
241
339
228
173
205
318
403
302
321
266
168
250
282
270
282
214
221
258
350
204
347
162
273
155
236
342
203
175
192
223
232
231
485
311
589
195
196
320
324
293
385
187
228
277
259
296
273
236
468
338
244
213
219
263
339
223
244
387
218
205
234
222
246
253
192
228
261
247
252
514
279
216
219
166
587
488
423
423
272
369
245
209
203
357
324
216
185
363
294
174
220
246
218
265
192
194
273
171
297
287
259
257
201
386
197
282
263
261
377
290
290
199
239
364
229
248
169
162
481
431
365
247
339
218
340
280
204
196
298
305
247
341
293
401
228
263
175
265
1020
422
318
227
246
315
206
311
274
212
299
178
299
294
261
443
212
439
187
286
301
229
233
709
362
356
277
222
243
352
219
245
482
249
254
225
232
277
442
207
392
216
234
220
217
231
240
256
297
416
243
276
193
217
213
182
217
186
272
148
466
289
213
229
461
369
297
340
284
233
342
245
176
264
441
627
253
277
192
240
177
223
224
449
269
226
185
183
324
172
219
254
272
246
254
594
218
235
244
280
494
220
273
330
246
263
221
407
213
304
312
186
225
219
266
198
519
181
253
325
334
403
158
342
156
600
428
283
555
280
301
299
259
249
277
410
158
278
260
197
349
362
349
217
289
456
184
245
258
190
172
215
410
353
296
298
309
190
516
330
975
206
161
320
340
235
236
250
339
256
276
230
323
366
220
228
198
246
261
293
223
335
250
264
254
340
244
253
356
240
332
339
209
338
224
214
362
248
272
220
232
257
234
245
372
642
205
539
191
145
251
212
355
287
319
410
222
233
352
203
336
193
242
306
315
435
229
181
202
216
307
162
211
227
242
249
170
212
299
298
272
223
199
265
228
196
255
253
547
258
470
186
278
225
262
312
301
353
315
241
289
325
202
240
274
294
172
162
325
237
217
286
231
212
164
280
255
429
295
273
193
316
358
310
368
247
186
221
263
181
471
191
381
263
188
482
414
196
317
254
342
335
323
233
164
364
327
256
329
422
227
227
183
189
461
302
187
220
247
218
379
341
267
229
267
274
275
299
383
302
298
234
246
236
199
231
390
251
295
238
331
236
274
354
334
252
271
640
238
253
239
359
386
224
221
190
190
242
411
214
519
292
316
391
351
371
214
434
338
235
177
192
215
367
262
232
295
363
212
231
166
176
213
333
246
190
265
334
212
217
218
326
343
338
342
199
242
294
276
533
281
183
284
308
203
222
354
250
231
363
208
189
239
217
264
171
223
210
349
276
645
227
289
310
241
211
181
247
224
601
238
598
280
422
293
228
407
201
405
202
268
773
222
183
180
315
235
307
273
321
360
259
262
237
171
367
333
254
334
232
265
287
223
210
291
431
230
668
633
270
270
218
181
199
313
188
242
355
278
346
226
307
263
309
217
473
247
248
312
297
189
676
239
227
298
284
391
342
263
330
627
217
337
307
383
346
320
904
355
194
403
355
182
837
248
240
170
202
534
282
193
217
399
259
255
182
309
364
398
276
156
559
473
274
250
401
191
277
316
304
322
464
259
283
238
303
262
281
759
293
182
243
317
203
491
222
284
232
338
352
215
373
565
334
278
232
174
211
206
201
193
242
177
191
188
172
217
446
151
328
293
166
246
198
204
228
200
202
203
287
305
420
184
191
201
188
328
231
306
325
248
260
440
150
204
239
191
256
205
290
278
177
265
236
424
237
384
139
420
229
230
262
256
194
249
768
191
229
176
221
251
192
321
217
278
391
316
459
587
194
361
238
341
241
285
273
193
403
356
185
166
428
232
152
220
213
364
182
242
304
241
255
349
338
291
351
284
210
688
262
315
200
226
224
302
188
228
245
758
245
167
221
395
184
584
168
210
311
274
299
248
360
312
201
169
302
198
511
216
276
248
270
322
193
231
160
632
189
252
225
254
330
237
198
241
276
257
212
138
177
389
237
198
360
165
262
326
220
232
212
636
457
404
308
443
309
281
231
286
467
273
436
182
272
337
191
430
341
206
222
232
218
325
293
265
500
220
224
238
268
280
224
183
195
238
329
253
341
232
208
292
311
317
214
195
173
243
173
282
222
360
457
349
203
181
246
294
326
370
262
355
303
174
367
197
186
310
170
203
234
448
134
191
404
372
219
237
388
482
221
321
291
267
194
251
276
570
348
242
203
526
230
203
286
279
159
211
266
131
359
421
186
219
469
227
261
237
260
214
281
532
247
213
178
367
216
211
255
291
185
469
153
491
189
198
218
211
230
213
307
265
279
344
170
232
321
186
210
217
212
236
186
226
184
204
229
260
234
200
218
241
178
271
281
202
256
268
323
333
270
166
230
329
423
248
441
184
217
301
192
167
194
367
256
303
298
239
174
339
302
241
310
168
274
163
207
285
185
216
201
199
274
170
169
322
211
165
175
447
243
232
432
253
302
508
375
240
181
250
246
185
321
351
429
245
282
219
210
232
299
241
183
213
279
236
143
256
154
221
292
277
424
216
233
241
194
376
284
185
238
187
222
204
241
179
173
326
356
236
656
230
239
216
262
161
297
267
266
330
267
427
278
324
403
223
179
396
260
200
217
195
215
197
347
258
389
250
247
417
246
196
216
376
201
219
282
213
292
411
359
308
272
375
568
247
326
220
452
277
309
204
197
388
286
261
153
317
170
293
291
501
478
225
263
230
280
259
263
234
373
302
288
198
173
238
231
400
249
255
352
179
209
276
253
547
252
277
210
227
201
220
204
270
242
234
902
291
169
184
762
247
258
151
205
351
338
162
293
213
177
225
292
403
235
403
244
318
211
339
249
295
260
210
329
214
421
194
191
379
362
335
169
271
232
345
171
317
294
248
160
213
281
1011
338
173
329
319
192
212
312
281
634
204
350
236
327
226
291
326
331
317
206
273
224
365
398
195
220
211
360
224
257
271
234
253
410
206
170
254
317
291
383
269
260
221
197
210
304
376
427
319
180
379
303
488
310
524
221
353
244
321
358
234
234
229
209
421
278
195
174
205
456
233
210
357
276
209
235
208
259
270
196
263
243
485
663
297
265
152
213
257
570
210
443
296
261
232
256
242
264
197
376
261
327
232
214
395
278
299
313
311
318
328
492
306
245
270
238
606
281
457
213
352
278
304
296
181
361
311
424
287
421
467
191
363
367
350
212
183
278
206
312
228
237
300
209
295
460
263
475
723
198
268
215
172
279
224
232
239
249
344
464
226
366
328
300
271
169
216
253
392
254
245
211
228
226
292
328
222
318
692
213
248
163
252
289
293
252
286
164
333
465
186
208
196
202
245
233
195
281
322
343
147
205
359
196
723
259
227
198
256
260
394
265
244
212
216
369
214
324
333
201
388
258
541
223
324
247
349
377
348
217
186
195
279
348
404
198
373
214
228
192
198
324
324
390
405
435
318
237
171
342
567
255
564
178
363
383
215
223
287
234
402
211
280
246
286
224
181
254
337
310
260
399
377
366
234
433
197
307
258
220
399
260
289
441
229
236
286
151
247
470
282
313
479
291
208
426
190
184
383
238
277
270
393
175
326
487
168
400
226
321
283
237
240
299
165
264
184
208
178
236
181
225
393
685
353
265
224
213
160
234
222
238
278
364
383
391
281
287
248
259
533
258
212
328
337
245
214
260
266
283
628
223
587
240
166
305
302
243
310
176
314
341
328
368
269
374
209
186
330
211
176
144
181
298
146
348
300
308
347
262
173
597
241
252
275
215
332
136
263
295
171
279
327
222
309
302
194
257
240
244
237
385
282
546
239
217
275
350
206
634
232
354
245
295
581
245
200
160
322
268
258
205
233
295
153
162
328
590
202
178
341
206
279
217
245
204
373
261
324
223
179
228
180
226
220
283
227
266
502
258
219
372
313
291
272
232
270
204
225
226
300
296
336
278
242
250
256
213
213
746
173
269
393
524
214
242
208
270
259
251
284
208
190
290
187
262
662
190
421
173
301
309
366
634
202
515
236
223
230
316
220
287
223
298
266
262
242
364
385
325
238
214
215
247
247
330
390
355
202
471
193
203
186
309
293
508
218
339
167
250
274
204
259
235
222
226
283
220
216
222
318
238
173
434
390
185
227
265
177
511
360
278
285
554
230
474
390
545
249
342
221
247
312
218
193
198
237
237
177
195
548
359
209
197
398
307
309
195
240
246
391
240
484
294
381
228
323
543
567
285
426
332
219
196
395
287
264
223
420
175
264
237
192
264
213
203
325
194
323
235
227
399
201
367
246
353
463
309
767
362
275
314
209
164
309
293
265
242
216
356
277
369
693
184
305
189
282
355
181
310
679
225
346
218
254
172
226
262
244
216
259
311
870
276
223
266
173
176
243
262
213
309
200
483
587
215
227
230
264
254
429
195
358
261
366
389
210
232
454
341
355
249
300
167
270
274
226
198
207
258
162
197
436
279
471
276
229
364
239
218
160
358
245
290
230
210
287
302
163
253
244
243
215
245
230
334
468
200
240
247
241
237
322
365
169
191
338
214
352
214
375
295
279
206
417
304
167
172
168
248
309
506
202
369
191
347
178
271
272
447
215
449
292
142
227
248
196
187
161
204
187
326
204
229
223
301
257
196
213
223
210
486
381
252
269
215
407
250
196
316
193
207
210
242
209
304
300
265
244
263
299
202
244
405
195
251
195
170
214
219
321
146
444
255
159
307
233
303
203
324
349
175
247
282
197
514
205
487
277
801
293
164
213
379
200
208
290
232
229
245
170
268
227
399
163
263
229
313
541
154
232
192
228
345
310
296
626
268
554
277
420
257
202
222
305
357
211
255
245
592
231
219
213
322
147
236
211
264
236
541
234
215
581
202
299
328
327
294
199
336
337
252
211
216
253
307
257
322
181
196
320
619
225
328
190
380
397
317
228
205
216
265
251
359
186
454
187
210
244
216
600
330
244
233
386
229
192
245
272
451
290
222
294
207
316
342
268
593
242
229
307
360
346
186
196
237
205
337
200
425
242
172
304
329
209
325
393
204
238
338
290
438
262
218
218
224
201
397
262
362
294
151
225
224
261
298
169
259
290
193
180
186
260
195
479
268
318
476
346
368
244
537
250
283
380
299
272
410
193
228
312
217
296
251
214
652
321
242
399
175
363
256
189
311
352
286
207
225
378
383
200
181
238
321
192
304
231
208
397
275
258
200
184
311
238
196
219
588
193
301
344
394
381
187
208
288
215
560
279
288
386
465
165
193
247
372
233
311
275
328
190
254
347
289
351
300
186
394
391
217
242
369
302
342
359
297
219
425
408
263
277
281
621
415
239
190
205
219
197
300
387
257
150
235
248
215
454
216
417
471
272
358
261
196
244
257
260
333
206
308
203
200
183
287
203
209
186
217
264
213
222
429
341
384
428
325
176
244
259
325
334
211
228
330
355
161
304
323
274
302
199
184
291
424
199
189
211
282
202
151
400
477
167
260
224
180
177
205
251
244
203
283
245
279
218
257
262
325
204
426
527
163
245
342
310
359
244
175
457
327
1302
541
418
320
183
270
238
203
216
277
292
282
464
462
209
257
401
552
197
443
180
210
353
269
334
238
207
189
220
219
251
266
194
218
280
208
356
151
165
198
339
235
197
259
257
331
346
217
187
227
255
128
239
203
351
266
397
402
1008
431
194
276
241
185
232
221
223
270
156
286
707
318
219
359
192
528
183
345
231
224
667
380
329
300
227
317
288
258
244
321
171
293
237
255
302
373
335
370
266
171
275
357
403
354
457
285
224
404
212
275
138
421
284
293
284
165
205
214
264
191
251
191
521
373
247
268
280
708
187
249
184
218
231
305
411
370
180
466
367
188
344
235
239
262
232
216
277
273
217
269
220
238
227
238
215
397
265
367
279
403
212
246
186
662
260
148
299
409
312
523
291
301
207
285
244
235
346
241
223
233
259
278
213
414
287
214
191
393
269
279
247
306
526
299
469
314
309
303
275
177
215
253
324
228
289
220
329
284
256
660
248
484
269
410
308
212
178
246
275
173
166
532
446
230
244
194
243
230
275
315
227
211
276
496
260
293
309
195
194
264
214
241
299
236
372
283
252
217
301
316
507
318
274
201
217
201
263
255
597
284
177
367
340
231
324
407
343
219
137
237
286
438
208
217
268
239
240
277
206
209
418
325
611
313
352
170
290
421
272
390
247
231
329
434
274
253
267
256
327
437
276
263
349
232
258
174
370
506
209
261
210
376
222
226
168
258
242
393
391
229
239
284
165
198
246
202
265
402
316
261
208
235
361
223
186
770
200
172
311
184
275
315
328
287
304
158
220
367
181
311
433
270
454
348
1075
352
522
221
161
173
319
376
462
364
259
266
227
247
188
168
387
158
183
264
154
200
184
258
174
226
213
202
230
206
206
260
387
258
233
289
222
165
368
191
255
309
326
239
357
347
164
205
292
457
577
254
359
300
293
197
245
274
262
392
194
211
162
233
162
357
167
361
448
264
162
241
329
273
650
271
237
235
224
241
220
155
205
548
449
156
587
183
185
292
263
245
295
357
185
261
171
308
250
203
308
439
172
203
215
297
227
459
216
181
231
382
245
257
680
250
212
216
189
240
217
199
319
227
215
280
270
216
468
266
259
677
334
302
214
171
169
239
347
208
212
179
245
315
303
215
311
243
304
1114
612
240
224
294
229
198
228
308
137
300
315
313
277
395
504
162
225
232
180
221
324
314
617
314
293
257
197
255
344
258
269
426
206
243
436
594
354
280
253
228
260
307
312
380
378
280
656
231
498
212
241
267
222
295
310
232
429
262
233
377
388
398
295
221
180
247
178
260
266
464
275
456
312
217
265
201
258
362
219
299
194
463
316
354
189
274
161
217
241
188
392
209
247
715
228
276
223
187
344
417
163
211
382
275
185
324
217
273
201
356
998
212
580
280
222
304
186
218
292
231
333
307
311
310
200
182
172
245
240
316
289
427
264
235
256
201
233
241
329
247
287
311
252
323
199
428
281
440
391
214
254
296
182
183
204
238
247
313
232
383
269
341
